filename,chroma_stft,rmse,spectral_centroid,spectral_bandwidth,rolloff,zero_crossing_rate,mfcc1,mfcc2,mfcc3,mfcc4,mfcc5,mfcc6,mfcc7,mfcc8,mfcc9,mfcc10,mfcc11,mfcc12,mfcc13,mfcc14,mfcc15,mfcc16,mfcc17,mfcc18,mfcc19,mfcc20,mfcc21,mfcc22,mfcc23,mfcc24,mfcc25,mfcc26,mfcc27,mfcc28,mfcc29,mfcc30,label
4_nicolas_42.wav,0.301308810710907,0.06861351430416107,842.3577914642372,906.1424394407206,1617.98095703125,0.04258897569444445,-337.22705078125,184.86959838867188,-12.170197486877441,39.870235443115234,15.572052001953125,-53.041290283203125,-8.74368953704834,-9.77769947052002,-32.67947006225586,9.40719985961914,2.1222572326660156,-21.374731063842773,4.15051794052124,-3.2274038791656494,-12.731668472290039,10.967421531677246,2.703601598739624,-3.9733259677886963,10.346630096435547,-3.7866663932800293,-9.44692325592041,1.9090126752853394,-9.552021026611328,-9.89439582824707,1.2967668771743774,-5.208806991577148,-0.4716984033584595,6.63435173034668,-2.5547072887420654,1.4274691343307495
1_theo_15.wav,0.3186019957065582,0.004914427641779184,809.382386048835,823.089370092897,1566.54052734375,0.039013671875,-572.89697265625,239.0633544921875,-47.054176330566406,9.059274673461914,18.034290313720703,-46.51448059082031,7.865660190582275,16.183666229248047,-28.860204696655273,-1.01084303855896,6.763450622558594,-15.685548782348633,-3.2594857215881348,-6.304276466369629,-10.014467239379883,6.214068412780762,-9.658502578735352,-19.87753677368164,-3.2152252197265625,-12.169815063476562,-15.615262031555176,1.8549559116363525,-6.011491775512695,-10.83462142944336,2.6010379791259766,-4.259041786193848,-9.956560134887695,1.834311842918396,1.7694698572158813,-4.677084445953369
2_yweweler_9.wav,0.36401739716529846,0.012902596034109592,1083.582525543311,933.0272072707303,2090.51513671875,0.053792317708333336,-485.5108947753906,198.2826690673828,-60.74513626098633,15.772015571594238,34.92306137084961,-37.027042388916016,-1.2083475589752197,-1.9307308197021484,-40.69770812988281,-7.359018802642822,-6.216022968292236,-29.3679256439209,-3.661059617996216,-3.7989861965179443,-14.860806465148926,4.094069957733154,-5.053647994995117,-10.791712760925293,9.585036277770996,-5.3523736000061035,-17.463197708129883,1.6251564025878906,-5.286656856536865,-15.260550498962402,-2.784147024154663,-6.58212423324585,-11.494739532470703,-3.315615653991699,-6.407106876373291,-6.191612243652344
3_nicolas_43.wav,0.34925031661987305,0.03327830508351326,1012.8941404999266,1099.722447666438,2452.8275923295455,0.048517400568181816,-375.0688781738281,214.38092041015625,-65.61196899414062,40.71474838256836,43.05384826660156,-40.45547866821289,13.754192352294922,2.529351234436035,-34.48820495605469,14.696425437927246,0.3870549499988556,-26.008085250854492,9.323610305786133,-2.6894800662994385,-13.502900123596191,12.995505332946777,-4.053045749664307,-9.422707557678223,12.048972129821777,-4.859055519104004,-9.805879592895508,2.6655983924865723,-8.727923393249512,-3.413485527038574,4.281055927276611,-9.236441612243652,-2.376995325088501,2.368454933166504,-9.00782585144043,-0.25535109639167786
6_yweweler_49.wav,0.3676266670227051,0.012465664185583591,1442.9445683064848,1105.3969496763714,2702.4169921875,0.08243815104166667,-522.6923217773438,145.70166015625,-61.68284225463867,32.10700607299805,48.04494857788086,-36.92404556274414,-11.832175254821777,2.319782018661499,-22.639230728149414,-3.933096170425415,-11.571898460388184,-24.19733238220215,3.178410768508911,-1.8518905639648438,-13.182693481445312,4.275552272796631,-1.925086498260498,-4.651376247406006,8.595702171325684,-4.8961615562438965,-6.744180679321289,7.341066837310791,-5.646579265594482,-9.12576961517334,0.25441262125968933,-11.983592987060547,-11.969444274902344,0.738559901714325,-4.579848766326904,-4.172646999359131
2_lucas_20.wav,0.43475186824798584,0.05522848293185234,992.8382712593724,835.7204011104151,1917.1279907226562,0.0626220703125,-371.89923095703125,192.82119750976562,-47.68471145629883,17.5445556640625,58.827205657958984,-14.037525177001953,-15.643234252929688,-8.135028839111328,-27.074478149414062,-5.420834541320801,-1.3852099180221558,-18.214876174926758,-4.632855415344238,-7.503147602081299,-18.40648651123047,2.0248658657073975,3.286132335662842,-12.586607933044434,-3.2808713912963867,1.833026647567749,-4.095716953277588,-1.125864028930664,-5.618990898132324,-9.636628150939941,-1.0902482271194458,-3.0008230209350586,-9.644503593444824,-4.41721773147583,-2.387057304382324,-5.906425476074219
6_yweweler_11.wav,0.3748995065689087,0.007386381272226572,1526.4126264388408,1063.321034097227,2761.219200721154,0.11147836538461539,-518.333984375,176.95358276367188,-80.86284637451172,22.64887809753418,41.65895080566406,-37.79880905151367,1.3909786939620972,-1.6659284830093384,-32.861732482910156,4.9208760261535645,-8.222066879272461,-29.462024688720703,5.399134635925293,-1.972913146018982,-12.65328311920166,7.4274492263793945,-9.339929580688477,-8.39334487915039,16.467912673950195,-4.64792537689209,-10.800761222839355,8.045891761779785,-7.951967716217041,-10.440389633178711,4.281198501586914,-8.6732816696167,-9.17520523071289,1.72655189037323,-5.460713863372803,-0.9458223581314087
5_nicolas_43.wav,0.4008709490299225,0.06916767358779907,986.5342250187251,793.0908582909095,1702.4688720703125,0.0689697265625,-311.26422119140625,241.84152221679688,-72.97478485107422,-3.744433879852295,9.559815406799316,-48.220603942871094,12.228862762451172,6.891969203948975,-29.636383056640625,9.303882598876953,-2.9595041275024414,-19.024736404418945,17.319408416748047,-0.33309024572372437,-17.10455322265625,9.421346664428711,-5.257717609405518,-14.977863311767578,7.556262493133545,-0.29094070196151733,-5.289149284362793,2.5610928535461426,-9.272195816040039,-4.066344738006592,6.8638200759887695,-3.9867019653320312,0.2809942960739136,6.575448989868164,-3.0367913246154785,0.7448945641517639
0_lucas_22.wav,0.4658156931400299,0.04812530055642128,1139.4222484362115,892.4286870329555,2107.562255859375,0.07332356770833333,-374.3150939941406,203.55690002441406,-54.62116622924805,12.01439380645752,45.814697265625,-27.288726806640625,-5.551929950714111,10.391058921813965,-21.441232681274414,-1.7895393371582031,5.5943121910095215,-15.85144329071045,0.8358579277992249,7.865011692047119,-7.968860626220703,-1.575524926185608,1.0154558420181274,-4.282779693603516,0.8095797896385193,-4.411895275115967,-6.92273473739624,1.98867666721344,-4.479957103729248,-8.886366844177246,0.16303794085979462,-3.295454740524292,-8.18000316619873,-3.287712812423706,-4.705966949462891,-5.7193169593811035
6_george_23.wav,0.2695141136646271,0.018564235419034958,1990.1987607408937,1136.3850124168223,3232.5439453125,0.16176060267857142,-431.5386047363281,136.33326721191406,-98.34390258789062,34.4503288269043,40.25408172607422,-49.96894836425781,-1.5968589782714844,-15.693031311035156,-50.4661750793457,2.750215530395508,-17.239980697631836,-45.87714385986328,1.2217223644256592,-10.42048454284668,-31.152681350708008,0.7704741954803467,-10.15446949005127,-20.854188919067383,0.8616073131561279,-13.399317741394043,-17.447586059570312,1.2123441696166992,-10.117667198181152,-8.140844345092773,4.811545372009277,-9.716703414916992,-7.956659317016602,1.6235347986221313,-9.213103294372559,-3.3539443016052246
8_yweweler_45.wav,0.4573284387588501,0.010255102999508381,1457.624301771431,1124.6450174123943,2806.23779296875,0.08482142857142858,-528.1026611328125,176.9273223876953,-66.22776794433594,46.58181381225586,46.109466552734375,-59.37542724609375,-6.216161251068115,13.287947654724121,-34.498233795166016,-9.425783157348633,-5.993966579437256,-23.420278549194336,5.551119327545166,1.55184006690979,-13.436647415161133,6.739161968231201,0.31735602021217346,-8.835145950317383,3.076467275619507,-5.939982891082764,-5.8001813888549805,3.248655319213867,-11.92380428314209,-8.767186164855957,2.1683802604675293,-12.804155349731445,-8.757490158081055,2.7385151386260986,-9.961462020874023,-7.236716270446777
5_nicolas_42.wav,0.43219658732414246,0.04047463834285736,1024.9705419865052,939.683090379744,1912.8662109375,0.06391059027777778,-345.7122802734375,232.8622283935547,-64.89322662353516,9.729509353637695,8.819119453430176,-49.24184036254883,17.08555030822754,10.194690704345703,-30.74604606628418,7.841624736785889,-1.773249864578247,-16.10275650024414,18.117088317871094,-1.9370172023773193,-18.05935287475586,8.661514282226562,-5.004302501678467,-11.098973274230957,9.68294620513916,-3.491712808609009,-7.18402624130249,3.8188791275024414,-9.20479965209961,-4.380287170410156,7.259246826171875,-4.896860122680664,-1.5668004751205444,4.792548656463623,-4.215962886810303,1.9115910530090332
4_george_47.wav,0.24322794377803802,0.08584568649530411,956.9675647147479,819.5081798077589,1615.7080078125,0.04596354166666667,-325.5248107910156,171.0120086669922,-56.3531494140625,-12.324975967407227,2.181291341781616,-50.72169494628906,-13.115345001220703,-7.742060661315918,-49.251216888427734,-25.11897087097168,-12.228687286376953,-31.881254196166992,-11.614023208618164,-2.7073795795440674,-18.179067611694336,-4.88303279876709,0.6882513761520386,-13.808094024658203,-9.702722549438477,-5.750154495239258,-11.12112045288086,-7.6869988441467285,-7.210409164428711,-9.694727897644043,-6.968603610992432,-8.101349830627441,-6.85500431060791,-0.4989699125289917,-0.08033687621355057,-0.47165781259536743
6_lucas_22.wav,0.5581284761428833,0.01792028546333313,1609.9079191403787,1081.394439636344,2866.73583984375,0.14549618675595238,-497.0659484863281,110.45053100585938,-40.86119842529297,24.323810577392578,36.2236442565918,-21.934764862060547,1.9897509813308716,11.621488571166992,-14.847176551818848,2.925940990447998,9.016739845275879,-7.066585540771484,2.092362642288208,3.1378297805786133,-2.6073544025421143,5.225714206695557,-1.071315884590149,-4.211504936218262,7.161809921264648,0.06494896113872528,-6.86493444442749,1.3566515445709229,-0.9084200263023376,-2.4475009441375732,2.8683669567108154,-1.9733755588531494,-2.291952610015869,3.4394190311431885,-0.7331792712211609,-1.7206916809082031
2_nicolas_21.wav,0.23803438246250153,0.031010786071419716,979.8217215284616,1180.745468015893,2543.310546875,0.027723524305555556,-401.9415283203125,180.65011596679688,-48.94850540161133,51.83493423461914,45.44243240356445,-28.698930740356445,23.129905700683594,5.777924537658691,-32.61324691772461,10.800025939941406,-3.571847677230835,-24.81165885925293,8.48531436920166,-5.909036636352539,-18.394941329956055,5.00465726852417,-8.667888641357422,-11.520069122314453,7.817856788635254,-5.9398698806762695,-6.444401264190674,7.826193809509277,-3.035811424255371,-0.5518786907196045,7.822572708129883,-2.2689483165740967,1.4324736595153809,3.452883243560791,-7.351090431213379,-1.6389734745025635
3_lucas_30.wav,0.5002170205116272,0.042187247425317764,1227.709472234235,1038.459118321423,2436.564753605769,0.0818622295673077,-415.21783447265625,169.61279296875,-48.37926483154297,34.40837478637695,56.39455795288086,-32.29727554321289,-12.703104972839355,11.498958587646484,-16.372764587402344,-1.1662386655807495,4.972218036651611,-13.487619400024414,-0.8468639850616455,1.1854068040847778,-8.858451843261719,2.513169288635254,-0.2309044450521469,-7.657323837280273,2.8688771724700928,-1.8331960439682007,-8.678771018981934,-0.04727625101804733,-4.252190589904785,-8.34620189666748,-0.2909384071826935,-3.9048495292663574,-6.945852279663086,-0.7679323554039001,-3.660220146179199,-5.205380916595459
0_nicolas_20.wav,0.3269351124763489,0.05563272163271904,942.1572453919958,1015.673555474052,2086.029052734375,0.041552734375,-343.23870849609375,201.9912872314453,-48.53437805175781,31.35184669494629,35.00050735473633,-30.983749389648438,15.389104843139648,3.953017473220825,-34.24821853637695,0.441598504781723,-10.561182022094727,-25.668354034423828,11.30693244934082,0.08945357799530029,-13.667678833007812,11.634721755981445,-1.2041486501693726,-11.00928020477295,8.356895446777344,-0.3483930230140686,-5.440112590789795,2.894503355026245,-7.4205193519592285,-3.4848945140838623,4.471948146820068,-7.0971784591674805,-2.141066551208496,3.278165817260742,-7.246417999267578,-0.41308140754699707
7_nicolas_49.wav,0.39447349309921265,0.023592175915837288,1167.9439173556207,1218.2271591969923,2663.19580078125,0.04534040178571429,-390.81298828125,208.79147338867188,-64.88864135742188,48.01277542114258,39.66242218017578,-44.06962966918945,9.734010696411133,-1.7145739793777466,-35.63515853881836,14.914497375488281,0.00012809889449272305,-25.88542366027832,11.493476867675781,1.9773212671279907,-11.638175964355469,9.560973167419434,-4.607337474822998,-6.5079474449157715,9.669604301452637,-8.945215225219727,-8.655964851379395,3.8750622272491455,-10.10417366027832,-2.3891165256500244,7.67126989364624,-6.5108184814453125,0.602070152759552,5.743376731872559,-7.373521327972412,0.6957692503929138
4_jackson_10.wav,0.3501608669757843,0.09004092216491699,659.2958088336646,524.5060824077631,1039.2937155330883,0.04345703125,-342.0855712890625,229.23439025878906,13.439803123474121,-27.730836868286133,-17.38902473449707,-29.93763542175293,-22.52509117126465,-16.76532745361328,-14.02331256866455,-5.5475921630859375,-16.35333251953125,-17.598217010498047,1.7875350713729858,-2.8793466091156006,-9.976353645324707,1.9558029174804688,-5.6937055587768555,-17.02582550048828,-6.991025924682617,-8.14986515045166,-14.584659576416016,-4.46494197845459,-4.3331522941589355,-14.798304557800293,-12.090893745422363,-6.096138000488281,-5.0512776374816895,-4.899776935577393,-7.36706018447876,-6.6161065101623535
8_nicolas_8.wav,0.3508368730545044,0.0430719219148159,1000.1208429885138,1040.9837019713095,2312.8617720170455,0.04794034090909091,-344.5601806640625,220.6357879638672,-61.73855972290039,42.76908493041992,39.40779113769531,-52.643802642822266,-3.0489614009857178,-3.4952149391174316,-36.166011810302734,8.609195709228516,3.1084678173065186,-16.67789649963379,12.705057144165039,-2.5634727478027344,-17.902599334716797,4.093313217163086,-6.880392551422119,-7.9245829582214355,11.002266883850098,-5.398304462432861,-8.137709617614746,6.781747817993164,-5.38999080657959,-5.463302135467529,5.636302471160889,-0.9611841440200806,1.9870060682296753,4.240736484527588,-4.577616214752197,0.49822673201560974
5_lucas_20.wav,0.5611972212791443,0.027573464438319206,1469.3103928477597,945.2565651124393,2512.859552556818,0.12825520833333334,-438.11346435546875,154.44625854492188,-56.83304977416992,13.45512580871582,41.931396484375,-26.98880386352539,-4.99552059173584,13.728195190429688,-13.816227912902832,4.295170783996582,13.32508373260498,-7.765810966491699,-2.09641170501709,-0.6359948515892029,-5.662400722503662,7.10520076751709,0.13918566703796387,-10.342477798461914,3.626655340194702,0.8471642732620239,-10.626668930053711,-2.2013871669769287,-0.9073476195335388,-3.8710310459136963,2.4543468952178955,-1.839121699333191,-5.074531555175781,2.6903460025787354,-0.240153506398201,-3.7671189308166504
0_nicolas_37.wav,0.27274131774902344,0.043107565492391586,860.2662523096886,1015.7801254680536,2018.37890625,0.0439453125,-373.65093994140625,210.7362518310547,-48.15068817138672,45.854190826416016,39.21110916137695,-40.17982864379883,12.34226131439209,0.1466224044561386,-35.59209442138672,10.44087028503418,-2.924468994140625,-25.562692642211914,9.181952476501465,-2.916264057159424,-14.40295124053955,11.171420097351074,-2.2984979152679443,-7.386090278625488,10.751973152160645,-4.539811611175537,-7.189028739929199,4.029407978057861,-10.372981071472168,-6.73267126083374,4.332113742828369,-7.462989807128906,-3.8847200870513916,2.171581983566284,-5.34047269821167,3.262695074081421
7_theo_40.wav,0.39509326219558716,0.003873425303027034,1499.247312208221,1072.2480794762437,2631.6650390625,0.12799944196428573,-574.9458618164062,194.3262176513672,-70.85794830322266,27.733591079711914,30.108186721801758,-48.83003234863281,2.0752856731414795,1.5973703861236572,-27.04446029663086,18.580406188964844,6.556448936462402,-22.1857852935791,5.5831170082092285,-0.8656743168830872,-9.012022018432617,6.426767826080322,-13.196324348449707,-11.313453674316406,8.894390106201172,-13.637520790100098,-14.451770782470703,5.008975028991699,-9.03569221496582,-6.23900842666626,5.367247581481934,-9.648256301879883,-4.321605205535889,6.753227710723877,-4.657526016235352,-1.6221433877944946
3_jackson_20.wav,0.21706701815128326,0.08753463625907898,746.0405146911305,874.0328082857666,1392.9931640625,0.036807105654761904,-331.8751525878906,186.38275146484375,-16.806150436401367,33.41461944580078,30.068632125854492,-34.21754837036133,-9.75279712677002,-12.998985290527344,-37.17082977294922,-5.44334602355957,-10.519449234008789,-34.288082122802734,-8.976313591003418,-3.841836929321289,-14.734430313110352,-0.07715407013893127,-2.1949989795684814,-6.913522720336914,3.1159121990203857,-7.518747806549072,-11.194364547729492,0.43323570489883423,-11.466544151306152,-16.830915451049805,-4.87431526184082,-11.553580284118652,-13.35655689239502,-1.350322961807251,-6.674419403076172,-12.473170280456543
0_theo_28.wav,0.3106207251548767,0.005943979136645794,1012.0037987620908,835.8107612962742,1887.8821739783655,0.06407752403846154,-555.9029541015625,229.55018615722656,-72.37796020507812,5.948302268981934,40.022586822509766,-29.065753936767578,-4.784891605377197,-4.292646408081055,-25.869556427001953,3.7621214389801025,-6.505403518676758,-18.226341247558594,11.254568099975586,-2.1967687606811523,-12.584656715393066,12.135214805603027,-2.019961357116699,-14.36229419708252,1.827688217163086,-6.43776798248291,-9.666919708251953,-0.025152068585157394,-9.481314659118652,-4.074868679046631,7.430314064025879,-5.120567321777344,-7.28056526184082,-3.6313364505767822,-10.22135066986084,-2.5971884727478027
1_jackson_33.wav,0.28680184483528137,0.06176884472370148,662.0669019145776,763.9348904609685,1024.4222005208333,0.03470413773148148,-386.4114990234375,175.59254455566406,12.313544273376465,14.998096466064453,6.564917087554932,-35.60013198852539,-10.840240478515625,3.704678773880005,-20.104991912841797,-17.126636505126953,-10.072216987609863,-12.926789283752441,-6.099924564361572,-9.350295066833496,-11.897857666015625,-1.2616357803344727,-5.483520030975342,-10.524538040161133,-1.9147776365280151,-7.689324378967285,-15.687073707580566,-7.399063587188721,-6.317687034606934,-10.566895484924316,-6.957443714141846,-7.472628116607666,-8.124068260192871,-3.5247294902801514,-5.2981133460998535,-7.334765911102295
2_theo_8.wav,0.3075161576271057,0.006714966148138046,1254.9816556937715,993.7800482252973,2297.772216796875,0.08219401041666667,-548.6222534179688,208.1763916015625,-71.4709243774414,41.58024215698242,51.7599983215332,-39.149959564208984,4.804380893707275,-1.9540199041366577,-37.07018280029297,0.09528493881225586,-16.763412475585938,-28.670547485351562,11.816004753112793,-6.446400165557861,-13.115863800048828,19.241331100463867,-3.282456636428833,-13.039401054382324,6.22027587890625,-13.902091979980469,-11.995944023132324,6.823190212249756,-13.119698524475098,-11.965797424316406,1.4433673620224,-14.087703704833984,-8.558323860168457,3.294557809829712,-7.279262065887451,-1.5492100715637207
1_yweweler_38.wav,0.36201801896095276,0.007228037342429161,828.9137035623219,793.7137697876013,1507.32421875,0.04791259765625,-561.7914428710938,235.84127807617188,-47.156402587890625,10.023959159851074,17.955482482910156,-46.162330627441406,9.05615520477295,14.337289810180664,-31.303232192993164,0.15090417861938477,6.986289024353027,-15.632951736450195,0.18199226260185242,-6.128004550933838,-13.606828689575195,5.945991516113281,-6.256809711456299,-12.426738739013672,8.238931655883789,-2.619871139526367,-11.751297950744629,0.8775054812431335,-8.11849308013916,-13.826238632202148,-5.111127853393555,-8.577558517456055,-4.109130382537842,2.791109323501587,-6.2965545654296875,-5.002240180969238
4_yweweler_18.wav,0.39807283878326416,0.011340590193867683,853.2734337062424,715.4134838718318,1268.15185546875,0.057407924107142856,-523.9168090820312,208.79713439941406,-17.47721290588379,-4.060281753540039,-16.688106536865234,-61.11537551879883,1.608916997909546,22.287710189819336,-17.861705780029297,-1.401417851448059,4.4450531005859375,-18.92049789428711,-5.72983455657959,0.6576700210571289,-8.786407470703125,-0.10777884721755981,-4.655494689941406,-12.23867130279541,-2.1786868572235107,-7.882649898529053,-12.888465881347656,0.4321477711200714,-1.6927920579910278,-7.127381801605225,-0.486686646938324,-5.5325117111206055,-8.767577171325684,0.191682368516922,-1.038373351097107,-4.088728904724121
1_jackson_32.wav,0.2397347092628479,0.11120705306529999,592.7175562379005,653.8046953461758,874.4352921195652,0.03125,-325.4819641113281,194.30755615234375,1.1374282836914062,3.175893783569336,9.913893699645996,-30.704740524291992,-13.665755271911621,-3.5053420066833496,-24.661470413208008,-12.425581932067871,-5.80482292175293,-18.419126510620117,-3.8803904056549072,5.040902614593506,-8.696752548217773,-8.073526382446289,-7.43939733505249,-17.365249633789062,-14.2471342086792,-9.780695915222168,-13.114810943603516,-9.866313934326172,-8.446778297424316,-13.944623947143555,-13.94921875,-9.612600326538086,-5.696872711181641,-3.6996352672576904,-5.669528484344482,-5.011716842651367
4_theo_36.wav,0.41509053111076355,0.0048647550866007805,833.145731604281,693.268214027979,1326.4453125,0.0568359375,-578.7705078125,254.58447265625,-44.8543815612793,-1.62089204788208,6.979212284088135,-44.9467658996582,5.34370756149292,3.756032705307007,-23.132566452026367,12.52053451538086,-2.066756010055542,-23.1037654876709,6.786718368530273,-5.608155727386475,-17.14780044555664,8.995284080505371,-2.5928916931152344,-11.048410415649414,4.067579746246338,-13.432642936706543,-17.084693908691406,1.6101397275924683,-9.01981258392334,-9.395380020141602,4.738152027130127,-3.939328670501709,-2.7828850746154785,4.94257926940918,-5.038769245147705,-3.7213621139526367
4_george_46.wav,0.2897435426712036,0.07714623212814331,1018.4300532232463,840.4365885310067,1772.6892807904412,0.05457261029411765,-332.6897277832031,170.36672973632812,-61.531105041503906,-12.897016525268555,0.8568456172943115,-52.67518997192383,-14.613066673278809,-12.495802879333496,-49.00237274169922,-19.183897018432617,-13.035087585449219,-34.533119201660156,-9.920865058898926,-5.191386699676514,-21.779172897338867,-2.819559335708618,3.381105422973633,-10.321020126342773,-5.992762088775635,-8.984825134277344,-17.429866790771484,-11.681426048278809,-10.688385963439941,-8.236137390136719,0.6504389643669128,-2.1524105072021484,-4.589405536651611,-1.8129136562347412,-5.475076198577881,-4.096073150634766
1_yweweler_40.wav,0.29996052384376526,0.010256825014948845,717.4513494446765,699.7973023762094,1020.8084106445312,0.04547119140625,-557.1681518554688,227.09439086914062,-35.29042434692383,1.9766004085540771,0.0236361026763916,-46.94755172729492,13.053966522216797,7.801819801330566,-37.27383804321289,2.754240036010742,7.432423114776611,-20.165937423706055,2.7709085941314697,-1.0567094087600708,-20.05077362060547,-1.4528467655181885,-5.338594436645508,-17.104829788208008,-2.518568277359009,-6.775073051452637,-13.725647926330566,-2.756296396255493,-5.617901802062988,-7.989829063415527,-4.620283603668213,-11.441973686218262,-5.48739767074585,2.2204604148864746,-6.9949846267700195,-4.070553779602051
7_george_9.wav,0.2783191502094269,0.051634956151247025,1367.042139914531,1004.6706907174405,2465.12109375,0.086015625,-361.615478515625,147.97137451171875,-79.51095581054688,8.628094673156738,32.420494079589844,-36.98491287231445,-19.638599395751953,-35.2135009765625,-51.509159088134766,3.372253179550171,-9.125239372253418,-42.370689392089844,-2.281574010848999,3.195913076400757,-19.60708999633789,-5.335958480834961,-10.230993270874023,-19.456096649169922,-4.723671913146973,-11.726906776428223,-16.601119995117188,-5.887524604797363,-14.16702651977539,-11.606853485107422,-0.030787525698542595,-12.84045696258545,-11.106298446655273,4.990874290466309,-3.2043230533599854,-7.0625433921813965
7_lucas_30.wav,0.4395957887172699,0.026913758367300034,1237.7623260573528,958.1062950547378,2350.7080078125,0.08850911458333334,-436.7062072753906,134.13328552246094,-25.841638565063477,23.43545913696289,39.018184661865234,-16.92464828491211,-2.5282607078552246,5.7988786697387695,-22.86147117614746,-6.629227638244629,13.00040054321289,-1.1444714069366455,-7.152129650115967,-4.724774360656738,-0.5447617769241333,4.709998607635498,-4.087152481079102,-6.96138334274292,1.9980781078338623,-3.117449998855591,-8.273882865905762,-3.3271777629852295,-5.236577987670898,-4.617767810821533,-0.8751329779624939,-5.823854446411133,-4.328944206237793,0.7117635011672974,-4.649810791015625,-4.219666957855225
3_george_15.wav,0.31058192253112793,0.038342490792274475,1277.2811275993981,1075.0056700702619,2672.509765625,0.06266276041666667,-405.9875793457031,163.8598175048828,-81.95401000976562,38.00377655029297,49.368438720703125,-53.72085189819336,-18.1617488861084,-13.251614570617676,-46.33420944213867,-8.483002662658691,-20.663984298706055,-45.5965690612793,-4.868427276611328,-10.733914375305176,-32.38825607299805,-4.551114559173584,-8.148204803466797,-20.113969802856445,-3.8207294940948486,-13.979976654052734,-16.956829071044922,-0.8942791819572449,-16.214210510253906,-17.546728134155273,3.1565427780151367,-8.60648250579834,-14.215577125549316,2.569761276245117,-1.4501410722732544,-5.451866626739502
8_lucas_22.wav,0.47866904735565186,0.0554061196744442,1364.9476461546299,1014.8103532536006,2578.317742598684,0.10469777960526316,-365.19464111328125,165.59796142578125,-49.54545974731445,34.483306884765625,51.47623825073242,-46.1110954284668,-24.689172744750977,12.893671035766602,-13.349517822265625,-9.207415580749512,-1.3306623697280884,-10.446040153503418,0.5819057822227478,2.372274160385132,-4.775064945220947,-1.269696831703186,-5.750571250915527,-3.256532669067383,3.0270891189575195,-9.714332580566406,-7.614901065826416,4.422323226928711,-8.18239688873291,-10.418472290039062,2.4889883995056152,-4.26248836517334,-7.4805192947387695,0.48511195182800293,-4.298813343048096,-6.667301177978516
8_theo_49.wav,0.4116489291191101,0.008208729326725006,1305.5282445822006,1060.7025640460101,2671.6552734375,0.07596261160714286,-523.4332275390625,178.1768798828125,-55.27981948852539,42.00529098510742,34.25681686401367,-58.40053939819336,-7.692759037017822,3.345034122467041,-34.40532302856445,-4.873314380645752,-5.73779296875,-19.378841400146484,6.029331684112549,-5.982668876647949,-15.127599716186523,10.593421936035156,3.0686094760894775,-4.735785961151123,3.5048887729644775,-13.501042366027832,-15.458491325378418,-3.4981467723846436,-12.028547286987305,-4.537600994110107,5.725111484527588,-5.626209735870361,-1.6521666049957275,2.113924026489258,-7.652742862701416,-0.2791316509246826
3_yweweler_25.wav,0.3427235186100006,0.007620287127792835,1230.3908574846268,1062.7811717188574,2547.83935546875,0.06183733258928571,-565.1650390625,154.9316864013672,-44.824790954589844,28.944673538208008,38.09769058227539,-34.833961486816406,-3.0364716053009033,7.631912708282471,-27.264524459838867,-9.811800003051758,-5.589631080627441,-16.25478744506836,1.652916669845581,-6.571530818939209,-15.114445686340332,7.026351451873779,0.8933228850364685,-8.710139274597168,8.385194778442383,4.043527126312256,-5.377969264984131,2.073107957839966,-3.6654393672943115,-7.090179920196533,-1.8937145471572876,-9.985989570617676,-10.368677139282227,-3.358036518096924,-7.97884464263916,-3.9772841930389404
4_theo_17.wav,0.28816962242126465,0.006735858507454395,600.6354225190814,641.8099346221695,948.6572265625,0.031195746527777776,-574.490478515625,238.87391662597656,-13.751291275024414,7.391836166381836,1.7167363166809082,-41.70465850830078,2.992018699645996,5.598814964294434,-20.89781951904297,2.2472658157348633,-5.255338668823242,-20.57065200805664,1.2942404747009277,-7.755917072296143,-17.350143432617188,4.955456733703613,-2.3350653648376465,-11.999056816101074,1.8315340280532837,-9.069504737854004,-17.33820152282715,-2.8107151985168457,-6.031119346618652,-9.14935302734375,0.35551467537879944,-4.462043762207031,-7.7941107749938965,-2.2756335735321045,-3.6515579223632812,-1.1052378416061401
4_george_12.wav,0.33845284581184387,0.06462738662958145,1013.9883618489617,819.9478255757156,1732.34619140625,0.0610107421875,-359.5203552246094,150.45513916015625,-50.09126281738281,-6.77501916885376,10.347125053405762,-42.972869873046875,-18.621891021728516,-9.22465991973877,-38.523841857910156,-20.454065322875977,-11.493082046508789,-25.180530548095703,-9.357768058776855,-7.328296661376953,-20.236623764038086,-6.174812316894531,-2.5587711334228516,-15.570669174194336,-12.15550708770752,-10.212404251098633,-12.775033950805664,-7.3253583908081055,-8.432477951049805,-9.701009750366211,-5.031571388244629,-8.03355598449707,-8.086703300476074,-1.3859504461288452,-0.8764583468437195,0.22185401618480682
1_jackson_35.wav,0.2424715757369995,0.08002609759569168,653.9841071860664,701.8983483029059,1000.3151633522727,0.03515625,-347.44317626953125,203.29385375976562,-2.727496385574341,6.684669494628906,4.1233720779418945,-41.19668197631836,-8.087329864501953,4.6648268699646,-25.990734100341797,-14.393120765686035,-3.853586435317993,-16.01230812072754,-10.696162223815918,-8.602255821228027,-10.65002155303955,-2.0082828998565674,-5.345077037811279,-8.844905853271484,-3.3505730628967285,-11.121057510375977,-14.673661231994629,-7.184079170227051,-11.306537628173828,-11.175524711608887,-3.6702630519866943,-9.676451683044434,-11.043966293334961,-2.578115224838257,-5.874578475952148,-8.59495735168457
5_george_48.wav,0.3299669325351715,0.066077321767807,1317.528773461571,924.4055855999013,2343.7545776367188,0.08184814453125,-322.6639404296875,188.641357421875,-113.20175170898438,-17.88763999938965,16.136999130249023,-55.47322463989258,-12.539113998413086,-13.175548553466797,-45.07612228393555,-2.4308996200561523,-11.984719276428223,-34.71814727783203,4.086520671844482,-9.267579078674316,-35.418968200683594,-6.3882246017456055,-9.188796997070312,-20.306636810302734,0.2820725440979004,-9.198466300964355,-18.46903419494629,-2.3105061054229736,-9.931265830993652,-13.792430877685547,-0.27755308151245117,-6.8857269287109375,-10.053840637207031,-2.6067776679992676,-6.737164497375488,-4.131388187408447
9_nicolas_45.wav,0.3824881613254547,0.04224156215786934,930.913381418084,973.4129353008999,2018.4211282169117,0.05035041360294118,-354.2378234863281,229.34242248535156,-64.22988891601562,28.5372371673584,44.231361389160156,-30.983015060424805,7.083597660064697,-4.719207286834717,-33.037906646728516,12.870920181274414,-0.8775110840797424,-26.452686309814453,5.8877973556518555,-2.071533679962158,-14.326821327209473,6.387614727020264,-6.053994178771973,-10.545419692993164,5.421374320983887,-7.472717761993408,-6.407867431640625,3.8716228008270264,-11.080227851867676,-4.606562614440918,6.345437526702881,-7.725484371185303,-2.0194501876831055,5.543753623962402,-5.848835468292236,0.03350486606359482
9_yweweler_48.wav,0.3904619514942169,0.009900317527353764,993.9658176052283,904.1985582118504,1854.3887867647059,0.04940257352941176,-521.9178466796875,234.0195770263672,-71.47564697265625,10.050161361694336,25.29240608215332,-44.69535827636719,16.11025047302246,13.873984336853027,-36.97435760498047,3.767712354660034,5.514834880828857,-22.03206443786621,4.766766548156738,-2.125250816345215,-18.253437042236328,3.222667694091797,-6.2308502197265625,-12.840004920959473,5.2617645263671875,-9.391241073608398,-14.63672161102295,1.4657870531082153,-9.589317321777344,-9.057319641113281,3.8155105113983154,-8.476814270019531,-6.280975341796875,4.959261417388916,-6.461285591125488,-5.689140319824219
4_nicolas_33.wav,0.31449010968208313,0.0475795716047287,851.1232384025203,849.1019641805906,1447.4349975585938,0.047271728515625,-349.05670166015625,238.2681884765625,-39.928321838378906,26.35242462158203,6.298141956329346,-68.2666015625,-2.0173563957214355,-0.26570355892181396,-29.515361785888672,16.15313720703125,0.08843666315078735,-25.637203216552734,8.914698600769043,1.1363762617111206,-6.334906578063965,17.449275970458984,-2.308626413345337,-13.258864402770996,1.6493693590164185,-13.80775260925293,-14.110128402709961,0.8695266246795654,-8.37984848022461,-0.8211572766304016,9.210644721984863,-4.7987380027771,0.4592844247817993,7.141536235809326,-5.196977138519287,-0.24771851301193237
6_nicolas_22.wav,0.45655590295791626,0.038715045899152756,1408.394301093813,1223.473702220693,2937.48779296875,0.08280436197916667,-344.0534973144531,191.7733154296875,-75.1487808227539,45.85859298706055,47.84146499633789,-50.563785552978516,4.238086700439453,6.760905742645264,-39.3262825012207,-0.7568688988685608,-5.003300666809082,-28.48143768310547,7.6438422203063965,2.1986711025238037,-14.961846351623535,9.334376335144043,1.7483586072921753,-9.276905059814453,4.47555685043335,-3.693359136581421,-4.711362361907959,4.263845920562744,-5.344844818115234,1.4773836135864258,8.119881629943848,-6.497209072113037,0.628482460975647,7.530203342437744,-6.2822723388671875,-0.771085798740387
5_lucas_41.wav,0.5156155824661255,0.04967934638261795,1261.0128854103857,900.7495264033956,2203.4084154211955,0.09946076766304347,-349.7724304199219,212.96331787109375,-66.68810272216797,5.4201979637146,45.01897048950195,-31.885473251342773,-8.807563781738281,12.169915199279785,-16.719511032104492,4.064860820770264,12.366281509399414,-8.09046745300293,1.6987570524215698,-0.6707133650779724,-8.825859069824219,6.767882823944092,-2.37577223777771,-13.020883560180664,5.808027267456055,1.3866255283355713,-11.404561996459961,-0.2370878905057907,-1.6103358268737793,-6.625336170196533,1.0555050373077393,-4.622095584869385,-5.5678791999816895,5.2801384925842285,-2.657306432723999,-8.447413444519043
7_george_30.wav,0.2592540979385376,0.037477847188711166,1268.0616938998778,1012.6001325686339,2573.2177734375,0.061810661764705885,-378.7543640136719,164.34323120117188,-88.62248992919922,16.51913070678711,42.9099006652832,-39.49326705932617,-20.77037239074707,-31.737642288208008,-48.46598434448242,3.3512160778045654,-11.176536560058594,-40.229522705078125,-0.6099858283996582,-2.924753189086914,-23.51610565185547,-2.4911153316497803,-10.29501724243164,-20.550891876220703,-1.736618995666504,-9.877269744873047,-16.232223510742188,-5.001281261444092,-14.913405418395996,-11.69649887084961,1.3057736158370972,-13.256332397460938,-11.550309181213379,4.590960502624512,-6.227010726928711,-8.466514587402344
2_lucas_44.wav,0.42847996950149536,0.037792302668094635,1018.0451158153463,898.4933001548728,2077.5054931640625,0.057291666666666664,-410.1331481933594,181.4482879638672,-37.07820129394531,20.88551139831543,53.04567337036133,-20.912506103515625,-13.642520904541016,6.850811004638672,-21.21786117553711,-10.760640144348145,4.803221702575684,-13.720065116882324,-13.415458679199219,-2.9280004501342773,-2.1343636512756348,4.73914098739624,-0.03901831433176994,-11.567830085754395,-3.5393588542938232,2.7373363971710205,-4.088918685913086,-7.001585006713867,-7.41303825378418,-5.688734531402588,-1.6298370361328125,-3.8418989181518555,-4.880589008331299,-1.9083895683288574,-4.068228244781494,-4.645289897918701
4_george_48.wav,0.3151322901248932,0.07012889534235,1242.6951165944654,921.9804727519053,2124.0966796875,0.07824125744047619,-331.3926086425781,147.3421173095703,-68.34226989746094,-15.761192321777344,7.435787200927734,-42.1108512878418,-12.079668998718262,-9.438217163085938,-42.09358215332031,-16.886550903320312,-12.461870193481445,-32.78151321411133,-9.740720748901367,-3.4525721073150635,-19.333444595336914,-4.382469654083252,1.0805667638778687,-11.769649505615234,-9.142533302307129,-9.696847915649414,-12.629927635192871,-6.533122539520264,-7.6545867919921875,-5.423646450042725,0.4289906919002533,-6.960134029388428,-6.986508846282959,0.5783446431159973,-3.8386471271514893,-1.6246203184127808
0_george_25.wav,0.26223990321159363,0.06672898679971695,1490.528389763394,1080.1898509686862,2633.5107421875,0.0953369140625,-355.37286376953125,146.05120849609375,-83.9016342163086,25.337263107299805,35.09836959838867,-48.23130416870117,-6.797846794128418,-12.43770694732666,-48.825096130371094,-9.338542938232422,-21.74091148376465,-45.789031982421875,-4.207510948181152,-7.858639717102051,-26.20711326599121,1.333430528640747,-3.974632978439331,-17.352956771850586,-2.093268871307373,-11.057233810424805,-17.07821273803711,-7.164705753326416,-19.315216064453125,-16.91484260559082,-0.872344970703125,-9.625856399536133,-9.234014511108398,-1.0171610116958618,-10.321122169494629,-6.9629411697387695
2_yweweler_27.wav,0.29165780544281006,0.012418408878147602,1094.1943845005283,932.1533335559318,2079.3896484375,0.05963541666666667,-511.32470703125,181.80056762695312,-48.36467742919922,18.39118766784668,27.73537254333496,-44.51113510131836,-3.72674560546875,10.88086986541748,-28.509071350097656,-11.527803421020508,-10.59598159790039,-27.800357818603516,-3.2501590251922607,-1.6899361610412598,-14.386737823486328,1.1494048833847046,-4.637662410736084,-12.299137115478516,4.8853983879089355,-2.8076140880584717,-12.077686309814453,1.8689743280410767,-6.467604160308838,-17.087202072143555,-4.872690200805664,-6.6873908042907715,-12.811047554016113,-4.979655742645264,-5.909125328063965,-7.843810558319092
8_george_31.wav,0.2782573103904724,0.028825026005506516,1387.7887632683473,1193.377778156287,2807.0068359375,0.06389508928571429,-405.56719970703125,141.86819458007812,-64.19368743896484,32.32846450805664,30.696847915649414,-51.30428695678711,-13.789740562438965,-9.943022727966309,-41.686466217041016,-14.524282455444336,-25.310789108276367,-38.197486877441406,0.6663153767585754,-12.434935569763184,-34.9537239074707,-1.33710777759552,-0.06055375561118126,-18.174747467041016,-1.5242353677749634,0.98426753282547,-7.100928783416748,-3.0263772010803223,-8.747170448303223,-7.106364727020264,-1.4117968082427979,-10.585953712463379,-3.8330111503601074,5.821458339691162,-6.791980743408203,-5.6954169273376465
9_lucas_28.wav,0.4250144064426422,0.047555431723594666,1047.445086771072,948.985065704701,2306.989080255682,0.048872514204545456,-373.6163024902344,211.97975158691406,-58.54840087890625,19.28560447692871,51.258949279785156,-34.977760314941406,-7.321748733520508,17.119094848632812,-26.148059844970703,-13.27695083618164,12.143149375915527,1.3204336166381836,-1.455867886543274,-5.622003078460693,-6.380568981170654,1.1933925151824951,-11.270626068115234,-12.537369728088379,3.6576757431030273,-5.2209672927856445,-11.312158584594727,0.47350338101387024,-4.4223952293396,-8.865756034851074,-2.693042516708374,-7.381352424621582,-8.280080795288086,-4.2070722579956055,-8.945720672607422,-5.91511869430542
3_theo_27.wav,0.27639040350914,0.004291337449103594,1017.5561991370151,989.9305360850799,2243.64013671875,0.045464409722222224,-596.4413452148438,215.47293090820312,-67.44086456298828,42.36868667602539,58.29465103149414,-40.506404876708984,-4.257552146911621,6.089189529418945,-26.59386444091797,-1.5363450050354004,-11.561555862426758,-24.7115421295166,4.9694390296936035,-5.3505401611328125,-9.59274673461914,13.801383972167969,-3.526183605194092,-7.97406530380249,9.128945350646973,-8.92605209350586,-10.319869995117188,3.4808363914489746,-11.94472599029541,-8.783199310302734,3.287397861480713,-9.445690155029297,-5.0958170890808105,2.4845683574676514,-7.87258243560791,-1.2554736137390137
8_theo_27.wav,0.3970552682876587,0.007403002120554447,1741.5692418530705,1070.414690602637,3063.8671875,0.13973563058035715,-485.7926330566406,169.22476196289062,-91.38370513916016,34.38343048095703,38.06079864501953,-63.64070510864258,-5.858275413513184,7.822460174560547,-30.57868003845215,3.72216796875,-3.344783067703247,-19.939714431762695,10.671327590942383,-5.055957317352295,-14.797741889953613,11.659640312194824,-4.355403423309326,-9.266282081604004,8.637182235717773,-9.934333801269531,-9.258421897888184,8.114396095275879,-6.955897331237793,-4.966349124908447,6.275620937347412,-5.360459804534912,-1.1530970335006714,0.9519728422164917,-11.251937866210938,-0.4022456109523773
9_nicolas_22.wav,0.3732662498950958,0.03741052746772766,1031.390892698227,989.9907641300015,2058.954216452206,0.05267693014705882,-365.39923095703125,234.68540954589844,-76.99520111083984,14.78274917602539,35.255653381347656,-31.262357711791992,16.137720108032227,2.721867322921753,-35.83033752441406,14.29809856414795,9.848010063171387,-20.91918182373047,3.288816452026367,-5.915556907653809,-14.141319274902344,13.17544174194336,-0.10114520788192749,-10.19144344329834,6.218544006347656,-7.552652835845947,-9.333747863769531,5.663387298583984,-7.882626533508301,-6.120508670806885,8.09593391418457,-3.3389530181884766,-2.3401267528533936,6.47787618637085,-3.3209047317504883,-2.337421178817749
7_jackson_17.wav,0.34793418645858765,0.06068095564842224,833.0039025212003,830.3761216990827,1439.1357421875,0.04985119047619048,-332.8116455078125,206.7584686279297,-25.613643646240234,5.206064224243164,13.028205871582031,-45.61597442626953,-18.489025115966797,-4.184659004211426,-29.799190521240234,-8.880552291870117,5.671976566314697,-12.634410858154297,-15.012246131896973,-7.536326885223389,0.7587377429008484,0.5492135882377625,-13.398165702819824,-8.44365119934082,-1.0943317413330078,-13.982497215270996,-8.180642127990723,1.8851373195648193,-13.221999168395996,-12.891762733459473,-1.1383848190307617,-9.746480941772461,-12.035640716552734,-5.065860748291016,-7.895819664001465,-6.428574562072754
8_lucas_7.wav,0.5292047262191772,0.03512556850910187,1415.288925895033,1105.574733610121,2687.533748851103,0.10098805147058823,-463.9846496582031,107.33244323730469,-26.50803565979004,32.52299880981445,40.636959075927734,-23.484294891357422,-8.981221199035645,8.045477867126465,-13.6769380569458,-6.800969123840332,-0.9292893409729004,-8.688721656799316,0.46437573432922363,1.0245440006256104,-5.639341354370117,-1.0448905229568481,-3.324389934539795,-3.649953842163086,1.264288306236267,-6.934303283691406,-6.670008182525635,2.9556357860565186,-5.434147834777832,-9.83083438873291,0.04194435477256775,-2.002894878387451,-5.942921161651611,-0.923865020275116,-1.9520463943481445,-3.602558135986328
1_yweweler_36.wav,0.3368215560913086,0.01115233264863491,852.7976590539971,779.8643662319942,1330.3482055664062,0.050537109375,-515.5408935546875,215.00830078125,-52.738731384277344,-5.6758623123168945,8.965810775756836,-38.101585388183594,12.999202728271484,6.912228584289551,-38.59477996826172,1.1964794397354126,10.533262252807617,-19.280864715576172,-1.9132078886032104,-1.562645673751831,-16.791248321533203,-1.3288168907165527,-6.623630523681641,-19.34441375732422,-6.073320388793945,-6.5362091064453125,-10.239978790283203,-2.7239153385162354,-9.19875431060791,-9.030740737915039,-1.001989483833313,-8.243998527526855,-5.747662544250488,1.6621967554092407,-6.538124084472656,-2.366694211959839
2_theo_27.wav,0.2660360634326935,0.009588357992470264,1035.7268190034415,935.9977365730159,2016.58447265625,0.0663818359375,-532.840087890625,187.13626098632812,-54.37117385864258,36.197593688964844,44.41002655029297,-33.57487869262695,-3.447263240814209,-5.241030216217041,-30.136661529541016,-3.481957197189331,-19.46590232849121,-27.204601287841797,6.050606727600098,-14.058568000793457,-22.690189361572266,10.36429214477539,-1.9921411275863647,-8.987945556640625,10.071223258972168,-8.607742309570312,-14.263394355773926,3.875092029571533,-8.164186477661133,-9.589570045471191,2.0458083152770996,-10.611420631408691,-9.180439949035645,1.7482221126556396,-6.755768775939941,-3.993401050567627
1_theo_33.wav,0.3587266802787781,0.0031942413188517094,862.8517136960412,856.737280703762,1497.63427734375,0.0484375,-616.481689453125,230.9129638671875,-51.585289001464844,19.022634506225586,28.395915985107422,-41.94089126586914,5.846512794494629,11.276721000671387,-27.676809310913086,6.0871148109436035,8.32337760925293,-18.525869369506836,0.4401867389678955,0.49879151582717896,-7.643372535705566,6.9237060546875,-7.323183536529541,-16.83340072631836,-0.6185907125473022,-8.707109451293945,-11.939786911010742,2.1591856479644775,-5.080774307250977,-5.137099266052246,5.605795383453369,-5.636486530303955,-10.147407531738281,-0.8679702877998352,-2.5048537254333496,-2.2288401126861572
4_lucas_39.wav,0.48320361971855164,0.04107154160737991,1238.1294618806717,823.7999247152105,1901.4470880681818,0.09589547821969698,-391.8845520019531,156.80894470214844,-23.997156143188477,23.76763343811035,17.874549865722656,-46.762577056884766,-3.151395797729492,20.377857208251953,-15.168010711669922,-0.6223768591880798,12.727621078491211,-7.478033542633057,-6.514305114746094,-2.4030539989471436,-3.4393835067749023,3.1877219676971436,-3.4939818382263184,-5.735579490661621,3.378519296646118,-4.61156702041626,-7.294114112854004,1.7670531272888184,-5.75520133972168,-6.990879535675049,3.0703210830688477,-4.745053291320801,-9.184555053710938,0.15444254875183105,-1.5178533792495728,-3.5101358890533447
6_yweweler_18.wav,0.35209882259368896,0.007938814349472523,1402.1317424311567,1049.609511613678,2614.6277794471152,0.07388070913461539,-557.7540283203125,161.3025665283203,-68.59905242919922,23.81273078918457,46.51118850708008,-34.561405181884766,-12.57388687133789,-4.993653297424316,-24.73482322692871,1.9199649095535278,-11.309361457824707,-27.721845626831055,4.620214939117432,-0.1708366721868515,-12.376981735229492,6.802883625030518,-2.33876371383667,-6.758299827575684,9.690812110900879,-4.412920951843262,-8.88614273071289,6.455617427825928,-5.733890056610107,-11.323365211486816,-1.5044686794281006,-8.845245361328125,-7.643464088439941,-0.39172935485839844,-6.4508137702941895,-0.7043619155883789
1_lucas_18.wav,0.45064276456832886,0.02081919088959694,1377.3193165380235,906.0510084855528,2372.1356560202207,0.1045065487132353,-524.0134887695312,112.90968322753906,-23.77758026123047,18.901485443115234,36.515838623046875,-18.44025993347168,-7.298549175262451,17.934566497802734,-6.324153900146484,-10.488901138305664,7.461801052093506,4.957479000091553,-2.0556819438934326,-4.004494667053223,-4.636880874633789,-0.9146333932876587,-2.0478246212005615,-4.611123085021973,-1.3697175979614258,-3.2111105918884277,-7.000473499298096,-5.3421549797058105,-5.162219047546387,-4.020742416381836,-2.8619120121002197,-7.845947265625,-6.876651287078857,-0.28462645411491394,-2.577382802963257,-4.420533180236816
2_jackson_11.wav,0.22721488773822784,0.06259343773126602,895.9999550169499,840.5862383464504,1451.1506453804348,0.05653447690217391,-367.72100830078125,165.36068725585938,-11.92585563659668,14.279317855834961,24.17452049255371,-25.689800262451172,-21.05423355102539,-10.128693580627441,-18.04645347595215,-12.50671672821045,-19.502971649169922,-22.59650421142578,-10.106913566589355,-16.00775718688965,-13.232170104980469,2.4824767112731934,-7.805229663848877,-9.883561134338379,3.8351998329162598,-7.680271148681641,-11.524565696716309,3.488309144973755,-5.476930618286133,-14.77649974822998,-6.11176872253418,-8.983407974243164,-11.28878116607666,-5.522375583648682,-8.761780738830566,-5.637808799743652
4_jackson_22.wav,0.3277999460697174,0.08011239767074585,731.1275443990075,641.2223254172961,1177.526212993421,0.047029194078947366,-360.4063415527344,205.22857666015625,22.845149993896484,-17.35801887512207,-19.573528289794922,-29.75444221496582,-17.682607650756836,-15.405693054199219,-9.987334251403809,-0.4846205413341522,-20.457080841064453,-21.12143898010254,5.937831878662109,-1.454551339149475,-11.470900535583496,4.651211261749268,-0.37049809098243713,-11.756802558898926,-6.04351282119751,-12.378990173339844,-14.875475883483887,-3.215067148208618,-8.872749328613281,-15.126962661743164,-8.91734504699707,-12.510140419006348,-9.486817359924316,2.2503206729888916,-5.063892364501953,-10.518319129943848
2_lucas_26.wav,0.4316689670085907,0.03299649432301521,1200.3179328873514,885.2839490119063,2182.03125,0.09233165922619048,-426.75970458984375,162.42152404785156,-40.604759216308594,15.434359550476074,46.41307830810547,-17.11618423461914,-8.61168098449707,4.831097602844238,-19.209548950195312,-4.690600872039795,6.916073799133301,-8.318229675292969,-6.568058490753174,-7.278789043426514,-8.847238540649414,5.669528961181641,0.1458515226840973,-11.336945533752441,0.8593850135803223,2.56681227684021,-6.072515964508057,-2.4670023918151855,-5.293732643127441,-8.45093059539795,-0.13240934908390045,-2.3102962970733643,-7.1368021965026855,-1.3052266836166382,-3.2472171783447266,-6.308591365814209
6_lucas_47.wav,0.5109161734580994,0.021224351599812508,1633.1362797324314,985.437882037115,2690.4080904447114,0.1512169471153846,-406.43768310546875,165.52601623535156,-77.56376647949219,17.19011878967285,47.87307357788086,-32.61733627319336,-6.184689521789551,7.728548526763916,-22.072086334228516,5.734425067901611,13.394248008728027,-10.529582023620605,-0.3725884258747101,3.320786952972412,-0.7067747116088867,6.750276565551758,-3.785661458969116,-4.865319728851318,7.929995059967041,-3.269918203353882,-5.774256706237793,5.793139457702637,-2.560756206512451,-3.079580545425415,5.903277397155762,-1.5081775188446045,-1.4733355045318604,3.604041814804077,-3.248058557510376,-1.3368816375732422
5_jackson_41.wav,0.36941829323768616,0.0603446289896965,1006.4922865836246,877.6824422636398,1850.6591796875,0.057698567708333336,-301.82525634765625,235.6822052001953,-65.0248031616211,9.415119171142578,26.205461502075195,-51.04507827758789,-16.380535125732422,-9.228797912597656,-21.510242462158203,25.361536026000977,12.385860443115234,-22.113656997680664,-4.0183210372924805,-6.787659168243408,-9.089738845825195,0.8277368545532227,-21.760498046875,-16.008037567138672,4.1625237464904785,-19.034706115722656,-12.90166187286377,8.79718017578125,-16.97646713256836,-18.146331787109375,3.460458517074585,-13.15707778930664,-15.89592170715332,0.12210803478956223,-7.984151840209961,-5.929635524749756
6_jackson_24.wav,0.5177740454673767,0.047129109501838684,1491.9457349343293,1087.7595112038437,2713.18359375,0.1273651123046875,-374.7210388183594,112.16754150390625,-35.80675506591797,12.252500534057617,25.418540954589844,-25.378141403198242,-14.046695709228516,-5.333194732666016,-16.448888778686523,-1.2089816331863403,-2.668764114379883,-12.708280563354492,-0.8682481050491333,0.33695587515830994,-4.487586975097656,-5.697476387023926,-14.070756912231445,-7.183035373687744,0.38513439893722534,-13.39838981628418,-11.782373428344727,-1.673488974571228,-10.170263290405273,-8.98836898803711,-2.2507691383361816,-8.556571960449219,-4.444451332092285,1.490846872329712,-4.80855655670166,-1.6547579765319824
5_jackson_18.wav,0.339184045791626,0.06476297974586487,811.9444331611464,731.0330563936795,1438.6871337890625,0.047210693359375,-321.4619140625,241.0248260498047,-46.91455078125,-4.871726036071777,13.476788520812988,-46.1071662902832,-17.73592758178711,-8.467549324035645,-27.331871032714844,0.4200366735458374,3.603105068206787,-12.480409622192383,-7.987066745758057,-15.624088287353516,-10.028240203857422,2.755391836166382,-15.368206977844238,-12.486427307128906,4.468446731567383,-11.319246292114258,-10.982963562011719,4.624144554138184,-6.6249308586120605,-10.029365539550781,-4.330439567565918,-12.686027526855469,-9.819448471069336,-3.886277675628662,-7.304232597351074,-2.8908514976501465
0_yweweler_24.wav,0.32197439670562744,0.009365889243781567,963.4399466988482,833.5107222762907,1760.6560202205883,0.04644416360294118,-518.42724609375,212.3812255859375,-50.13606643676758,6.771927833557129,25.593189239501953,-40.452423095703125,-2.352170467376709,10.160481452941895,-26.834997177124023,-6.577019214630127,-3.9322612285614014,-22.8096866607666,-1.2102699279785156,0.24698464572429657,-14.41756534576416,-1.4519399404525757,-1.3015578985214233,-6.315195560455322,2.280747890472412,-5.601714134216309,-9.087614059448242,0.5003522634506226,-5.7535505294799805,-6.78897762298584,-0.5595804452896118,-9.060186386108398,-8.375155448913574,-0.9794080257415771,-6.482341766357422,-3.9257314205169678
5_yweweler_18.wav,0.43823808431625366,0.014232849702239037,1119.7239934195545,831.0587223819991,1859.3092698317307,0.07147686298076923,-470.11285400390625,222.65098571777344,-73.9012451171875,-11.113520622253418,12.206120491027832,-49.50101089477539,-1.1261197328567505,5.655006408691406,-29.94011116027832,7.5276713371276855,11.826461791992188,-12.83285140991211,6.266737937927246,0.35665544867515564,-11.992836952209473,2.880479097366333,-11.171270370483398,-13.610533714294434,9.947957992553711,-5.225649833679199,-11.470684051513672,10.36381721496582,-2.2198450565338135,-10.995810508728027,4.284544467926025,-5.580774307250977,-11.07010269165039,2.008488655090332,-3.777776002883911,-6.1911773681640625
7_theo_16.wav,0.30413830280303955,0.00785360112786293,1095.5317993555511,890.0994360759179,2058.3208869485293,0.0705710018382353,-524.87890625,195.1230010986328,-56.4621467590332,17.104310989379883,28.092510223388672,-48.81186294555664,-12.288764953613281,-1.544485092163086,-27.15961265563965,5.127758026123047,1.2361292839050293,-23.195642471313477,-1.6674721240997314,1.176984190940857,-5.650873184204102,0.6761342287063599,-15.204333305358887,-13.743831634521484,3.1457176208496094,-10.607306480407715,-10.445894241333008,2.2513794898986816,-11.296272277832031,-9.728979110717773,1.2971183061599731,-9.098786354064941,-4.528168678283691,3.712556838989258,-8.5074462890625,-6.229208469390869
5_theo_49.wav,0.48568472266197205,0.005434709135442972,1355.9098013477965,872.4942219280161,2222.2265625,0.111279296875,-525.774658203125,215.37747192382812,-90.27769470214844,-6.438026428222656,22.2178897857666,-47.51506805419922,0.5578247308731079,8.95201301574707,-22.423248291015625,14.447830200195312,11.684409141540527,-13.598794937133789,1.2971341609954834,-8.988563537597656,-9.79255485534668,10.248662948608398,-10.552571296691895,-11.623576164245605,9.594566345214844,-12.520098686218262,-16.568378448486328,4.713396072387695,-6.609419822692871,-7.2552313804626465,3.4417731761932373,-9.338361740112305,-4.803304195404053,5.060291290283203,-6.492292881011963,-1.997902274131775
1_george_13.wav,0.24515080451965332,0.042499471455812454,955.6119932859509,850.5974675327249,1728.4881591796875,0.044169108072916664,-396.8738098144531,186.06903076171875,-71.80744171142578,-8.32363510131836,19.001955032348633,-40.605499267578125,-11.993487358093262,-11.2991943359375,-35.25014114379883,-0.027319371700286865,-6.4094696044921875,-31.5897216796875,-4.4382405281066895,-8.757351875305176,-30.96738624572754,-12.452049255371094,-9.31775951385498,-18.24110984802246,-8.598485946655273,-11.734749794006348,-14.844782829284668,-10.607064247131348,-18.2146053314209,-9.75154972076416,2.1710221767425537,-12.31528091430664,-13.159430503845215,-2.061239004135132,-10.94780445098877,-9.615114212036133
3_george_45.wav,0.302204966545105,0.03783399984240532,1572.5093968629144,1164.8670521491263,2959.619140625,0.0893283420138889,-401.3121337890625,170.89283752441406,-100.2049560546875,36.0102653503418,51.23711395263672,-57.16663360595703,-17.90312385559082,-18.71247673034668,-52.43564987182617,-2.2222955226898193,-16.664899826049805,-48.20191192626953,0.30113574862480164,-3.7688403129577637,-32.62646484375,-5.879522800445557,-8.962696075439453,-22.762989044189453,-5.605413436889648,-11.959585189819336,-13.828027725219727,-1.654793620109558,-16.63973617553711,-14.384882926940918,0.5101091861724854,-13.523677825927734,-8.190162658691406,8.841214179992676,-5.508432388305664,-7.361428260803223
7_yweweler_23.wav,0.3544197976589203,0.010174009948968887,1066.136399421552,943.9579924969474,2298.1800426136365,0.042302911931818184,-477.2598571777344,214.50244140625,-67.0545425415039,13.21069622039795,33.46860122680664,-42.79893493652344,-2.038620710372925,-2.8648557662963867,-42.86981964111328,5.295087814331055,14.463377952575684,-23.639101028442383,-6.068567276000977,3.997356653213501,-5.367830753326416,2.9368631839752197,-8.422039031982422,-11.432657241821289,6.245006084442139,-5.277296543121338,-11.026189804077148,1.0978007316589355,-9.638134002685547,-8.619695663452148,3.8711984157562256,-10.529520034790039,-10.730831146240234,5.439538478851318,-3.2295732498168945,-7.450099468231201
3_jackson_15.wav,0.2316552698612213,0.09670509397983551,801.6273719807134,861.6022268982273,1736.65283203125,0.0376220703125,-312.09197998046875,180.71029663085938,-33.62688446044922,26.509445190429688,41.52832794189453,-31.229806900024414,-22.38223648071289,-17.759258270263672,-31.803890228271484,-6.7582573890686035,-14.204629898071289,-31.454647064208984,-8.757573127746582,-10.461782455444336,-18.91269874572754,1.2152378559112549,-0.9181501269340515,-8.139890670776367,2.234898328781128,-5.903107643127441,-9.620710372924805,0.8569540977478027,-9.743395805358887,-15.898443222045898,-6.913426399230957,-12.102731704711914,-12.800349235534668,-4.527286529541016,-8.83413314819336,-9.800780296325684
5_nicolas_46.wav,0.3884412944316864,0.0618877187371254,945.5181309923315,806.897332840168,1655.9033203125,0.06214192708333333,-324.83526611328125,232.17808532714844,-50.52006149291992,2.7890546321868896,-1.3656394481658936,-57.51030731201172,6.656923770904541,7.030070781707764,-25.46875762939453,11.820393562316895,-2.189328908920288,-20.803049087524414,14.554320335388184,0.9170304536819458,-14.963484764099121,8.943469047546387,-3.4680335521698,-11.906294822692871,4.570234298706055,-6.142208576202393,-5.531623363494873,7.27824068069458,-4.545204162597656,-2.1016321182250977,4.138871669769287,-9.039806365966797,-1.2841109037399292,7.908510684967041,-3.151383399963379,1.0342177152633667
6_lucas_45.wav,0.5411972403526306,0.02839134819805622,1414.0013272311232,1051.9581667934929,2658.5530598958335,0.11839916087962964,-395.8266906738281,163.08460998535156,-62.62560272216797,27.801237106323242,52.406829833984375,-27.382461547851562,1.2153503894805908,13.397442817687988,-20.393430709838867,7.0250163078308105,16.515239715576172,-6.748118877410889,3.8778653144836426,5.6602044105529785,-0.15430906414985657,10.653031349182129,0.7543494701385498,-5.736485958099365,5.236005783081055,-4.926723480224609,-8.151381492614746,4.699863433837891,-2.695146322250366,-4.946014404296875,4.30709171295166,-2.462334632873535,-2.5221786499023438,4.376976490020752,-2.5755016803741455,-2.1449689865112305
9_nicolas_41.wav,0.379737913608551,0.045982323586940765,1043.1390628235554,1007.3761473666902,2174.853515625,0.0576416015625,-352.4861755371094,224.13638305664062,-76.62030792236328,23.44997787475586,44.095436096191406,-34.96009063720703,10.351290702819824,2.961726427078247,-35.5312385559082,12.103299140930176,7.027541160583496,-23.887130737304688,4.155076026916504,-1.640743613243103,-14.119558334350586,9.037407875061035,-2.4759697914123535,-11.161423683166504,5.340403079986572,-6.630389213562012,-8.310142517089844,3.9120707511901855,-10.189723014831543,-5.88906717300415,9.176812171936035,-4.392803192138672,-4.407469272613525,5.676225662231445,-3.5810611248016357,-2.710092544555664
6_jackson_14.wav,0.5531951189041138,0.037159282714128494,1406.3944183156427,1033.4496181710356,2517.4272017045455,0.11854876893939394,-390.8342590332031,135.87472534179688,-47.59803771972656,6.332839488983154,23.38720703125,-32.69100570678711,-16.912092208862305,-6.767080783843994,-17.1228084564209,2.3200812339782715,-3.9111392498016357,-16.46331787109375,0.36512041091918945,-0.9937748908996582,-7.291667461395264,-4.075762748718262,-15.858174324035645,-11.679023742675781,0.5212900638580322,-12.915632247924805,-11.668996810913086,-0.2952848970890045,-12.112334251403809,-9.835495948791504,1.300845980644226,-9.359020233154297,-7.9661784172058105,2.1952064037323,-5.501124382019043,-5.217592239379883
7_lucas_23.wav,0.42128288745880127,0.045103274285793304,1207.697075244243,914.7258715339718,2334.737548828125,0.076171875,-379.02789306640625,183.21121215820312,-55.05413818359375,16.3648624420166,48.910709381103516,-27.46564292907715,-7.303103446960449,12.330663681030273,-23.083274841308594,-7.793229103088379,12.329925537109375,-2.303658962249756,-1.9664335250854492,-1.4615652561187744,-3.73956561088562,4.057984352111816,-4.826657295227051,-8.997163772583008,4.492104530334473,-2.717878818511963,-11.16203784942627,-0.010536002926528454,-0.031409718096256256,-3.3132195472717285,1.3218019008636475,-4.101282596588135,-5.785036087036133,0.21274474263191223,-4.2338433265686035,-5.113499641418457
9_jackson_42.wav,0.2738417983055115,0.0629998967051506,820.3634530646998,937.0180831582618,1813.7582632211538,0.028170072115384616,-346.50177001953125,203.58016967773438,-43.14860153198242,23.20265007019043,38.12367248535156,-28.462848663330078,3.4381535053253174,3.65683913230896,-27.535715103149414,1.043986201286316,-0.3405371904373169,-20.020198822021484,-3.605530023574829,-9.787142753601074,-19.855283737182617,-9.083507537841797,-14.611515998840332,-11.560749053955078,-4.404256820678711,-18.72256851196289,-13.262845993041992,-4.040298938751221,-16.921192169189453,-10.37598705291748,-7.016238212585449,-24.596086502075195,-12.662214279174805,3.0114564895629883,-8.645303726196289,-6.586151599884033
7_lucas_27.wav,0.45426270365715027,0.03365873917937279,1219.334279418794,943.9623291317859,2286.7325492527175,0.09190302309782608,-408.20294189453125,166.93370056152344,-39.1828498840332,21.564939498901367,44.285587310791016,-27.957490921020508,-9.025744438171387,10.887545585632324,-24.041244506835938,-11.413948059082031,12.047540664672852,-3.2569775581359863,-9.716395378112793,-5.516244888305664,-2.653052568435669,1.6052383184432983,-7.069462776184082,-8.799429893493652,4.0408406257629395,-0.7661582231521606,-9.798460006713867,-4.08530855178833,-3.2759995460510254,-4.510298252105713,-2.750610113143921,-6.7932024002075195,-3.6531853675842285,2.831925868988037,-3.346601724624634,-5.468410015106201
8_george_5.wav,0.22356393933296204,0.03606521338224411,1367.5597714914345,1151.9826690418286,2823.92578125,0.06247674851190476,-406.62591552734375,139.78067016601562,-66.04776763916016,34.571842193603516,36.61262893676758,-49.12769317626953,-14.398509979248047,-16.931074142456055,-46.60673141479492,-9.268054008483887,-23.821596145629883,-44.208892822265625,2.001784324645996,-5.742790699005127,-34.96913146972656,-4.983530521392822,0.2526281774044037,-18.448944091796875,-10.664112091064453,-11.565762519836426,-12.053667068481445,-4.880448341369629,-14.618267059326172,-9.456719398498535,2.7108688354492188,-9.769552230834961,-8.23109245300293,3.308518648147583,-6.146177768707275,-5.402638912200928
0_yweweler_15.wav,0.34159189462661743,0.007121631875634193,1083.0891171999301,921.632045570027,1978.221371299342,0.06378495065789473,-530.3961791992188,206.48512268066406,-51.48454666137695,13.835176467895508,26.831939697265625,-41.38795852661133,0.5675520896911621,6.9499311447143555,-29.566431045532227,-1.6040925979614258,-3.6490883827209473,-23.94158935546875,5.411449432373047,4.063122272491455,-14.502481460571289,2.7500710487365723,1.4000324010849,-6.6242828369140625,4.750410079956055,-3.6076858043670654,-8.861266136169434,2.3366012573242188,-4.426742076873779,-6.764710903167725,0.9138462543487549,-6.104276180267334,-5.171957492828369,1.6963551044464111,-4.330220699310303,-2.697739362716675
1_nicolas_32.wav,0.34705203771591187,0.043721508234739304,998.5134171268762,1041.925078185382,2126.40380859375,0.05015345982142857,-345.92059326171875,219.85548400878906,-59.8768196105957,27.535263061523438,30.431392669677734,-38.060691833496094,13.567097663879395,0.5067979097366333,-36.2203369140625,9.694931030273438,0.05360528454184532,-21.51432228088379,11.478983879089355,-1.4609967470169067,-14.462599754333496,8.497093200683594,-7.371602535247803,-11.682836532592773,10.424605369567871,-3.700695514678955,-7.803703308105469,5.570924282073975,-5.6464314460754395,-3.6810474395751953,4.091370105743408,-7.805531024932861,-2.285170793533325,5.502678394317627,-2.7704508304595947,1.4627597332000732
9_jackson_5.wav,0.26170283555984497,0.06281480193138123,794.1842079653429,837.205966372294,1455.64453125,0.0404296875,-341.2971496582031,221.65911865234375,-41.895076751708984,11.924527168273926,25.873781204223633,-41.542179107666016,-5.66285514831543,5.806334972381592,-26.450454711914062,-0.38942858576774597,2.372457504272461,-24.041086196899414,-8.732281684875488,-2.291677236557007,-13.593125343322754,-7.843618869781494,-8.565873146057129,-8.781065940856934,-2.717344045639038,-9.124671936035156,-7.609032154083252,-3.9577252864837646,-13.341211318969727,-7.966045379638672,-2.5105738639831543,-13.998370170593262,-10.296202659606934,-3.9294273853302,-10.889301300048828,-4.828134059906006
7_theo_10.wav,0.3549524247646332,0.0030525545589625835,1494.6399398881015,999.9442869395261,2550.069580078125,0.12470703125,-611.1915893554688,200.87887573242188,-77.69410705566406,35.92774963378906,35.66798400878906,-49.402610778808594,9.749519348144531,2.480435848236084,-34.0461311340332,16.721607208251953,8.115118026733398,-19.62699317932129,8.692852020263672,1.2284682989120483,-4.602011203765869,9.631875038146973,-16.73283576965332,-15.685464859008789,6.316505432128906,-14.983673095703125,-10.53822135925293,10.672039985656738,-6.334305763244629,-4.330365180969238,5.236221790313721,-12.695158004760742,-6.957183837890625,5.660121917724609,-3.7092316150665283,-1.0178537368774414
4_yweweler_10.wav,0.44389936327934265,0.010372670367360115,1031.3749135233966,710.4937254221293,1532.8948974609375,0.077728271484375,-544.7708740234375,206.75135803222656,-38.694305419921875,-14.164648056030273,-7.772390365600586,-47.86723327636719,6.050559043884277,14.99939250946045,-24.80955696105957,1.0204827785491943,7.273436546325684,-18.857418060302734,0.8608198165893555,10.5215425491333,-6.3736701011657715,-1.9498405456542969,-2.7895865440368652,-7.385957717895508,3.832094669342041,0.08534204959869385,-7.341202735900879,-1.4623816013336182,-5.425262928009033,-5.830584526062012,2.299039840698242,-4.170675277709961,-6.471112251281738,1.0565770864486694,-2.9461207389831543,-3.4804234504699707
4_lucas_20.wav,0.49540627002716064,0.10496747493743896,765.2593489782589,635.2216704761825,1103.57666015625,0.0474853515625,-308.4284362792969,226.13421630859375,-0.9865579605102539,11.270920753479004,-2.416926622390747,-69.81880950927734,-24.796178817749023,14.314221382141113,-14.657397270202637,-6.910600185394287,8.16241455078125,-6.547317981719971,-6.8875555992126465,-6.221309661865234,-8.156091690063477,2.463812828063965,-5.369956970214844,-14.50467300415039,0.40672406554222107,-3.2513701915740967,-16.38199806213379,-3.1228981018066406,0.6310282349586487,-10.886982917785645,-5.558237075805664,-2.3802521228790283,-8.124274253845215,-3.6553125381469727,-3.2242252826690674,-7.799976825714111
2_lucas_11.wav,0.4481419324874878,0.03660460561513901,1145.5379501110372,931.2447605638829,2244.6023692255435,0.06649116847826086,-424.109375,152.7958221435547,-38.097198486328125,20.6268253326416,53.16552734375,-7.891165256500244,-5.062180519104004,0.9614532589912415,-20.012802124023438,-1.1293359994888306,4.254694938659668,-15.705820083618164,-7.249953746795654,-4.461609363555908,-12.343310356140137,0.37899914383888245,-0.7670425772666931,-12.160650253295898,-1.3972041606903076,1.6700018644332886,-6.746920585632324,-2.8273003101348877,-4.335669994354248,-9.202361106872559,-2.337336778640747,-3.2947685718536377,-9.700791358947754,-5.284769535064697,-3.6638236045837402,-6.539725303649902
9_yweweler_8.wav,0.3525388538837433,0.005563340149819851,1015.9797235107447,922.0479259466059,1847.66845703125,0.05604383680555555,-562.741943359375,234.31605529785156,-68.66156768798828,4.245995998382568,21.233295440673828,-42.082889556884766,15.599326133728027,12.81509017944336,-33.7982063293457,7.840036392211914,10.839188575744629,-18.420133590698242,4.739234924316406,-0.01965387724339962,-16.968128204345703,-0.04782042279839516,-8.159960746765137,-13.041937828063965,5.4693922996521,-6.605010509490967,-12.123417854309082,4.092765808105469,-4.494415283203125,-6.787896633148193,2.953465223312378,-8.581562042236328,-7.80029821395874,4.023709774017334,-4.948619842529297,-6.5326666831970215
5_lucas_28.wav,0.581375002861023,0.033750396221876144,1260.21604557641,911.2945747997925,2293.7347412109375,0.10599772135416667,-387.7492980957031,202.39878845214844,-63.61915969848633,10.338775634765625,43.893585205078125,-35.22831726074219,-9.01989459991455,12.360005378723145,-20.485939025878906,0.9224992394447327,14.441927909851074,-6.7853684425354,-1.5343393087387085,-2.2944350242614746,-7.67315673828125,6.191946506500244,-2.6800148487091064,-12.292447090148926,3.5327141284942627,-1.6461676359176636,-11.959254264831543,0.4482123553752899,0.17615389823913574,-6.7249274253845215,-2.491507053375244,-5.08229398727417,-3.714362382888794,3.2902748584747314,-2.8650195598602295,-3.7041046619415283
3_jackson_12.wav,0.2492523044347763,0.06898494809865952,910.4302764933014,932.1313153117583,1970.80078125,0.04303850446428571,-335.1881408691406,207.93772888183594,-41.46843338012695,33.85651397705078,47.567047119140625,-41.39057540893555,-28.896156311035156,-15.583240509033203,-17.305740356445312,13.488608360290527,-12.255521774291992,-37.01750946044922,-4.259914398193359,-7.162335395812988,-15.71453857421875,4.40081787109375,-9.419230461120605,-11.90485668182373,9.913042068481445,-9.924691200256348,-17.24216651916504,5.015931129455566,-11.379581451416016,-22.002010345458984,-0.9609460234642029,-6.803236484527588,-15.663728713989258,-1.9964669942855835,-1.8188233375549316,-4.690756797790527
5_theo_27.wav,0.432475745677948,0.04637855291366577,1354.0201351722474,831.6853317155516,2151.0772705078125,0.10434977213541667,-380.0228576660156,154.2173614501953,-71.0422134399414,-25.015336990356445,3.142667770385742,-33.89854431152344,-1.1624269485473633,2.865471124649048,-19.324438095092773,4.671058177947998,3.163656234741211,-11.5077486038208,1.6301361322402954,-7.865655422210693,-11.909228324890137,5.719046115875244,-7.846931457519531,-13.5278959274292,3.7370717525482178,-9.40560245513916,-16.45713996887207,1.7803345918655396,-1.9748039245605469,-6.948322772979736,1.276894211769104,-5.344175815582275,-7.722239017486572,0.31880196928977966,0.2789192199707031,4.315465450286865
8_jackson_48.wav,0.34032270312309265,0.08618747442960739,1478.3641616962982,1206.8724522556552,2867.3159950657896,0.08706825657894737,-316.6268615722656,158.20130920410156,-56.61137390136719,55.27418899536133,41.448997497558594,-62.96486282348633,-12.421794891357422,2.667362689971924,-40.248565673828125,-19.00008773803711,-13.912017822265625,-16.749317169189453,4.679640769958496,-11.75230598449707,-15.151214599609375,7.6583075523376465,-7.867303371429443,-12.068456649780273,2.392627000808716,-9.95034122467041,-7.080617904663086,0.019153745844960213,-15.322765350341797,-7.5704522132873535,-2.688483953475952,-19.024580001831055,-6.07138204574585,2.4935455322265625,-14.313023567199707,-5.413224220275879
9_theo_22.wav,0.373593807220459,0.019114801660180092,1057.7803015273762,891.2807967882559,1922.5112915039062,0.06103515625,-439.5517272949219,196.81866455078125,-61.259544372558594,0.16934669017791748,25.306732177734375,-42.90095901489258,-15.532901763916016,0.06573289632797241,-22.465131759643555,-0.03528881072998047,0.24095118045806885,-17.13591766357422,-2.5684103965759277,-2.254720687866211,-6.624838352203369,-3.6368675231933594,-20.298206329345703,-15.498748779296875,0.9913347959518433,-15.046680450439453,-13.021240234375,3.2905962467193604,-11.685998916625977,-11.495612144470215,2.973672389984131,-9.31454086303711,-9.67364501953125,1.6655488014221191,-7.732115745544434,-6.587035179138184
4_theo_49.wav,0.38080868124961853,0.009215844795107841,830.1004976202528,610.793734523252,1230.263671875,0.05992838541666667,-530.7439575195312,218.8593292236328,-22.305082321166992,-7.540916919708252,0.48739713430404663,-38.79289627075195,-8.542325019836426,-5.588169574737549,-19.760009765625,4.015777587890625,-9.243167877197266,-21.34143829345703,6.6545281410217285,-2.637026071548462,-13.661067008972168,9.402353286743164,-0.14681190252304077,-13.341158866882324,0.7569398283958435,-9.96362018585205,-20.83282470703125,-6.181643009185791,-5.9994940757751465,-7.5040507316589355,0.9654158353805542,-3.494746446609497,-3.9415977001190186,0.3648604154586792,-5.848917484283447,-2.2646238803863525
1_theo_45.wav,0.29945608973503113,0.006630109157413244,776.5577958192675,802.540668846436,1323.095703125,0.039876302083333336,-560.570068359375,235.5426483154297,-50.265113830566406,7.94909143447876,21.868404388427734,-41.78726577758789,4.535750389099121,13.169454574584961,-26.4190673828125,0.79776531457901,4.91859769821167,-19.343570709228516,-4.754347801208496,-5.760433197021484,-11.424630165100098,5.945932865142822,-7.357163429260254,-22.598243713378906,-10.044454574584961,-13.957037925720215,-13.520069122314453,2.531399726867676,-3.894514799118042,-6.366257667541504,3.997035503387451,-5.278048038482666,-9.809027671813965,-1.1108298301696777,-4.263914108276367,-4.050567626953125
2_george_19.wav,0.20151564478874207,0.046066634356975555,748.0714751443741,808.3200299663046,1396.0693359375,0.030653211805555556,-410.5050354003906,177.5597686767578,-41.80323791503906,5.5448408126831055,13.017723083496094,-44.8592529296875,-11.857128143310547,-7.240784645080566,-37.009334564208984,-13.792884826660156,-17.11932373046875,-37.80804443359375,-16.74105453491211,-16.770172119140625,-27.338998794555664,-8.104201316833496,-8.159749984741211,-17.6472110748291,-8.515880584716797,-11.318285942077637,-14.450995445251465,-7.77964448928833,-12.262907981872559,-10.089836120605469,-3.3648462295532227,-11.32995891571045,-11.30800724029541,-5.507932662963867,-9.121360778808594,-5.282948970794678
2_jackson_29.wav,0.24203208088874817,0.05722760781645775,1028.8634446720853,767.827580396513,1416.2567138671875,0.0780029296875,-381.0199279785156,152.21046447753906,-18.813003540039062,24.2614803314209,32.285980224609375,-29.0898380279541,-23.471567153930664,-10.026267051696777,-19.07731056213379,-12.063685417175293,-20.63584327697754,-23.65989875793457,-4.915729999542236,-13.313029289245605,-16.700807571411133,5.3850250244140625,-1.1093640327453613,-9.539048194885254,4.530252456665039,-5.283820629119873,-14.454197883605957,2.4896862506866455,-0.8763908743858337,-13.864401817321777,-7.162868976593018,-7.067664623260498,-11.748668670654297,-7.803558349609375,-9.167277336120605,-7.194545745849609
1_jackson_42.wav,0.2814263701438904,0.07724743336439133,696.8547826069808,812.296141234602,1242.5455729166667,0.034830729166666664,-358.30853271484375,205.66758728027344,-6.7651753425598145,24.91415023803711,9.136433601379395,-34.35863494873047,12.063801765441895,-3.8612895011901855,-38.556297302246094,-1.3070197105407715,-4.611455917358398,-22.70705795288086,2.156646966934204,-6.3005805015563965,-18.67961883544922,-3.051954507827759,-14.589000701904297,-17.48903465270996,1.0408830642700195,-8.21670913696289,-11.129400253295898,-2.795954942703247,-16.086637496948242,-14.132006645202637,-3.683786153793335,-14.90971565246582,-10.94791316986084,0.35850799083709717,-8.678102493286133,-8.546000480651855
1_jackson_36.wav,0.261900395154953,0.07291886955499649,650.8047164875813,664.7162212970776,1041.13037109375,0.0346435546875,-357.561279296875,210.3449249267578,2.957265853881836,9.188136100769043,-0.5365233421325684,-52.11907196044922,-15.874643325805664,4.339922904968262,-25.76283836364746,-15.762835502624512,-1.853907823562622,-12.747119903564453,-10.906299591064453,-9.494126319885254,-9.295510292053223,-2.4628965854644775,-10.391829490661621,-11.42932415008545,2.103957176208496,-5.416954040527344,-14.296300888061523,-6.239226341247559,-10.160943984985352,-15.268091201782227,-8.102570533752441,-10.324952125549316,-11.580355644226074,-2.0367584228515625,-3.051377773284912,-8.323026657104492
2_george_24.wav,0.24762170016765594,0.05006290599703789,1016.0970374669484,974.9901954778974,2182.03125,0.047037760416666664,-366.7482604980469,168.51181030273438,-56.72539138793945,11.935779571533203,9.14660930633545,-56.56019973754883,-5.3650102615356445,-6.239684104919434,-47.9080810546875,-14.50230884552002,-16.629104614257812,-41.726966857910156,-15.557981491088867,-16.292919158935547,-25.857669830322266,-1.3213350772857666,-5.926949501037598,-16.027650833129883,-2.062741994857788,-11.24266529083252,-19.142419815063477,-7.838854789733887,-11.067452430725098,-10.304606437683105,-3.9553983211517334,-9.98216438293457,-5.10798454284668,-1.606029987335205,-11.066720962524414,-4.516502380371094
7_theo_23.wav,0.318601131439209,0.007653940003365278,1272.3200295200409,975.0399724715553,2374.03564453125,0.0966796875,-522.5347290039062,180.0091552734375,-62.41407775878906,21.171586990356445,32.78733825683594,-43.146671295166016,-5.382724285125732,0.6245663166046143,-25.201387405395508,9.856253623962402,4.0435872077941895,-19.560630798339844,0.9909986853599548,-2.2939255237579346,-5.62251615524292,6.8816986083984375,-12.851012229919434,-12.141030311584473,6.547395706176758,-13.477446556091309,-15.713156700134277,2.259547233581543,-7.753189563751221,-2.595567464828491,8.794775009155273,-8.39184856414795,-7.0602335929870605,3.56380558013916,-7.195959568023682,-4.454715728759766
7_lucas_24.wav,0.4862111806869507,0.016747500747442245,1489.7816497033639,1108.2751408433094,2848.8834021226417,0.12801260318396226,-558.8436279296875,80.11328887939453,-16.171070098876953,18.048599243164062,28.41693687438965,-6.610808372497559,0.1454431116580963,4.958773136138916,-9.112822532653809,-0.7925072908401489,5.790105819702148,0.029562661424279213,0.5815335512161255,-1.685821294784546,-0.006427315063774586,6.189353942871094,-2.3104279041290283,-6.279852390289307,3.5114691257476807,1.5068624019622803,-4.762554168701172,-2.440281391143799,-3.359506607055664,-3.2748665809631348,-0.11927126348018646,-2.989932060241699,-3.2320103645324707,0.47112444043159485,-0.6205365657806396,0.3114665448665619
3_yweweler_32.wav,0.28276434540748596,0.00914587639272213,989.2214765030429,965.1500192402353,2213.7789212740386,0.039175180288461536,-537.7269287109375,193.01649475097656,-52.85093307495117,34.159706115722656,58.64582061767578,-35.54414749145508,-11.155645370483398,14.206863403320312,-23.240718841552734,-14.341907501220703,-7.194881916046143,-19.627674102783203,-3.1446287631988525,-5.368849754333496,-16.326387405395508,2.022128105163574,2.113353967666626,-6.312334060668945,6.123342037200928,2.5469088554382324,-6.557971000671387,-1.5847854614257812,-7.807166576385498,-10.513239860534668,-2.3767189979553223,-7.955167770385742,-9.293478965759277,-0.8476018309593201,-5.202827453613281,-7.563201904296875
5_nicolas_15.wav,0.38165149092674255,0.057092100381851196,1121.0073318432046,887.4586066962925,2002.0212273848683,0.07750822368421052,-319.1173095703125,224.63438415527344,-90.35545349121094,3.4297966957092285,32.9835205078125,-35.06868362426758,9.003194808959961,-0.757938802242279,-31.903850555419922,12.97291088104248,2.166935682296753,-17.78717803955078,12.35915470123291,-6.138734340667725,-17.169052124023438,13.099581718444824,-0.919875979423523,-9.598217964172363,8.56966495513916,-6.07735013961792,-8.51636791229248,5.071832656860352,-7.253301620483398,-3.7002153396606445,5.836761951446533,-7.169093132019043,-1.3972265720367432,7.313111782073975,-2.988713264465332,0.3395382761955261
2_jackson_12.wav,0.26230913400650024,0.05362705886363983,923.2103404700484,849.2356524102137,1406.8359375,0.06438337053571429,-391.4375,169.1894989013672,-9.034668922424316,40.03452682495117,30.984880447387695,-42.89577102661133,-24.131595611572266,-4.920888423919678,-17.493438720703125,-9.78174114227295,-22.294071197509766,-27.23966407775879,-4.370179176330566,-13.165614128112793,-16.68598747253418,4.355044364929199,-8.771089553833008,-15.207672119140625,6.324014663696289,-4.340025901794434,-13.656116485595703,4.7915120124816895,-2.0494766235351562,-14.250566482543945,-5.026102066040039,-8.062397956848145,-11.938318252563477,-5.085379600524902,-9.15123176574707,-7.955297470092773
6_jackson_11.wav,0.5105175971984863,0.044562775641679764,1385.7226782726682,1051.5081446407576,2595.6009714226975,0.11392372532894737,-376.1506652832031,117.37505340576172,-33.24666213989258,5.642046928405762,22.384004592895508,-23.095056533813477,-13.695416450500488,-1.8615801334381104,-11.070025444030762,-2.3783788681030273,-5.815288066864014,-11.665434837341309,-0.22645516693592072,-2.786848783493042,-6.417510986328125,-3.3057096004486084,-12.975282669067383,-8.912864685058594,1.41885244846344,-12.436126708984375,-14.421736717224121,-3.364163637161255,-12.6389741897583,-12.150369644165039,1.1076210737228394,-5.687253952026367,-8.398575782775879,1.2249822616577148,-2.514575719833374,-5.063035011291504
4_jackson_23.wav,0.37019655108451843,0.07932492345571518,715.555903485601,587.3051376578577,1184.92431640625,0.04749891493055555,-334.7613830566406,245.37367248535156,-12.798821449279785,-12.151328086853027,-4.650331974029541,-45.03074645996094,-18.550216674804688,-4.793710231781006,-9.16839599609375,8.565924644470215,-10.998062133789062,-25.056169509887695,3.0699586868286133,0.45625898241996765,-9.103662490844727,2.3126094341278076,-13.433115005493164,-19.62310028076172,0.10657978057861328,-9.816484451293945,-17.77284812927246,-3.682920217514038,-10.655635833740234,-13.732117652893066,-1.6670880317687988,-8.312392234802246,-8.902195930480957,0.34055811166763306,-8.761713981628418,-7.428622722625732
2_lucas_30.wav,0.43886473774909973,0.0384746678173542,1456.3761675882772,954.2126637446318,2508.6181640625,0.10734375,-441.901611328125,141.22312927246094,-54.567684173583984,31.562549591064453,56.66380310058594,-25.82318687438965,-9.08897876739502,8.344287872314453,-22.664756774902344,-5.292060375213623,4.9299397468566895,-15.44981575012207,-5.684581756591797,-0.4555990695953369,-8.705484390258789,2.4888734817504883,0.7473013997077942,-9.608838081359863,1.0835027694702148,2.801795721054077,-7.025898456573486,-4.840818405151367,-3.763606309890747,-5.775996208190918,-3.7630090713500977,-4.273944854736328,-2.406996965408325,-1.8005506992340088,-8.211676597595215,-5.479601860046387
0_yweweler_46.wav,0.3524223566055298,0.012778403237462044,818.2990556620624,731.1623306808335,1413.7376051682693,0.04398287259615385,-488.7855224609375,223.71189880371094,-45.128562927246094,-3.0741474628448486,20.840057373046875,-38.44612503051758,-4.93450927734375,9.324949264526367,-27.07737159729004,-11.137044906616211,-4.9803690910339355,-22.180025100708008,-2.617553234100342,2.986394166946411,-12.452352523803711,-4.716055393218994,-1.2815666198730469,-2.849809408187866,5.231074333190918,-2.3933942317962646,-10.634565353393555,-6.192098140716553,-10.393046379089355,-10.539888381958008,-4.910255432128906,-9.747307777404785,-6.582501411437988,0.7566842436790466,-4.344200611114502,-3.3260722160339355
5_theo_37.wav,0.3821846544742584,0.0054582771845161915,1159.0091700967478,869.6645653720037,1974.3255615234375,0.082275390625,-534.8516845703125,235.769775390625,-89.95022583007812,-2.284079074859619,25.109821319580078,-44.162322998046875,5.868766784667969,7.861095905303955,-26.368972778320312,15.206804275512695,13.878410339355469,-12.303442001342773,2.549740791320801,-9.539813995361328,-12.056302070617676,7.973987102508545,-14.123372077941895,-16.800262451171875,5.062057018280029,-14.440123558044434,-14.806758880615234,7.98725700378418,-5.20741605758667,-6.174236297607422,7.745291709899902,-4.482736587524414,-5.832604885101318,0.0478283166885376,-8.19434928894043,-1.9563981294631958
0_yweweler_11.wav,0.3444858491420746,0.011250855401158333,936.3704216017065,780.2766056756121,1623.7380981445312,0.052734375,-498.520263671875,230.00994873046875,-59.594390869140625,-1.1282525062561035,25.850692749023438,-36.90008544921875,1.3624910116195679,6.0203094482421875,-32.26519775390625,-3.5087544918060303,-4.682079315185547,-30.03892707824707,0.7154458165168762,6.455839157104492,-16.25640869140625,-4.050414085388184,-0.8791464567184448,-7.975840091705322,1.8989372253417969,-4.099095344543457,-11.457010269165039,-3.743901252746582,-8.12216567993164,-7.149295806884766,3.36006498336792,-2.8835091590881348,-6.667221546173096,-3.666797637939453,-10.375761032104492,-9.08637809753418
5_theo_14.wav,0.5021380186080933,0.0048088631592690945,1078.9314347893817,823.2004992807188,1917.352294921875,0.06978352864583333,-541.2399291992188,256.22076416015625,-91.80279541015625,-6.073078155517578,27.047203063964844,-46.711429595947266,-3.337191343307495,5.345201015472412,-22.749128341674805,15.8939847946167,15.9178466796875,-6.57746696472168,1.6319926977157593,-15.491196632385254,-10.512064933776855,10.000781059265137,-21.647544860839844,-22.781824111938477,7.513314723968506,-12.12066650390625,-15.667694091796875,5.897568225860596,-9.548737525939941,-10.979866981506348,4.350090026855469,-7.419535160064697,-6.659605026245117,1.9087752103805542,-6.552806377410889,-0.7556159496307373
0_yweweler_44.wav,0.2711716294288635,0.011442640796303749,876.3920747096432,801.6563467153871,1683.43505859375,0.038783482142857144,-504.14068603515625,206.7630157470703,-38.61992263793945,5.466375827789307,23.638992309570312,-34.205318450927734,-3.565829038619995,4.202608585357666,-29.699880599975586,-9.906294822692871,-5.024905204772949,-21.73404884338379,-3.048515796661377,0.28599897027015686,-10.066536903381348,1.1712487936019897,-1.5844498872756958,-6.30233097076416,4.657851219177246,-2.8933143615722656,-11.319719314575195,-4.955756187438965,-8.776115417480469,-8.387253761291504,-2.1140477657318115,-8.969944953918457,-6.878954887390137,1.6131833791732788,-4.390172004699707,-4.6261677742004395
3_yweweler_14.wav,0.3671417236328125,0.007487778551876545,1216.6427922351722,1062.125615792839,2453.2470703125,0.06284877232142858,-553.8088989257812,156.287841796875,-43.4427490234375,28.312376022338867,44.92449188232422,-30.431148529052734,-7.1510162353515625,8.25951862335205,-24.061403274536133,-8.95012092590332,-2.6329267024993896,-19.271408081054688,-4.264668941497803,-0.13514086604118347,-8.294665336608887,3.346050500869751,-0.029502103105187416,-7.220681667327881,4.502856731414795,1.355656385421753,-5.6711602210998535,0.402908593416214,-4.878832817077637,-7.817348480224609,-0.31351497769355774,-5.364414691925049,-8.18080997467041,-2.216369867324829,-5.069056510925293,-3.7443630695343018
9_nicolas_11.wav,0.4097328186035156,0.04000470042228699,983.5556350669855,980.3096320326966,2160.8101222826085,0.060334578804347824,-356.0289611816406,223.55517578125,-68.05615234375,24.936182022094727,45.55561447143555,-32.617919921875,6.3618364334106445,2.193214178085327,-30.42055320739746,12.10014533996582,4.640099048614502,-23.782604217529297,3.2030036449432373,-0.3908769488334656,-11.741522789001465,4.7562737464904785,-7.575232028961182,-9.529430389404297,8.775748252868652,-6.065094470977783,-10.509979248046875,2.24890398979187,-7.56357479095459,-4.5147786140441895,4.667265892028809,-6.55362606048584,-1.7796176671981812,6.392541408538818,-3.250420570373535,-1.559583067893982
8_george_24.wav,0.3613613545894623,0.0370321050286293,1654.811133708193,1127.3449498115324,3002.685546875,0.1127658420138889,-385.5102844238281,170.75234985351562,-94.88815307617188,30.67572784423828,36.768768310546875,-64.06430053710938,-11.18557357788086,-7.7269415855407715,-44.419647216796875,1.274267554283142,-14.151975631713867,-41.00727081298828,6.43560266494751,-5.634536266326904,-35.81785583496094,-5.650017738342285,-10.44253158569336,-27.325054168701172,-8.53403377532959,-10.84861946105957,-12.176461219787598,-2.412031412124634,-15.205028533935547,-9.212599754333496,4.006065368652344,-10.766195297241211,-5.5218987464904785,5.671407699584961,-8.828060150146484,-2.9477810859680176
9_yweweler_6.wav,0.40826839208602905,0.011597811244428158,1192.422368493827,898.8363360454397,2143.9892578125,0.070703125,-493.9673767089844,229.70750427246094,-86.2342758178711,-1.4789202213287354,25.148826599121094,-48.46048355102539,10.646737098693848,17.897489547729492,-36.621524810791016,1.9611703157424927,15.43914794921875,-15.62954330444336,3.3870956897735596,4.484533786773682,-14.363458633422852,-3.618605852127075,-9.412359237670898,-12.829030990600586,4.470118522644043,-6.77423620223999,-14.094175338745117,0.8939882516860962,-5.46962308883667,-7.609503269195557,3.4762091636657715,-4.976943492889404,-6.363647937774658,3.6067135334014893,-2.198019504547119,-3.6927273273468018
0_yweweler_35.wav,0.2665258049964905,0.009367820806801319,706.9874993976719,688.6106822769608,1324.2919921875,0.03093405330882353,-549.210693359375,225.9982147216797,-33.00259017944336,11.641580581665039,20.07265853881836,-43.86811447143555,-5.07688045501709,4.162716388702393,-31.029098510742188,-9.632012367248535,-8.69438648223877,-22.466989517211914,4.642614364624023,2.6169919967651367,-14.375445365905762,0.7878216505050659,-0.9883495569229126,-8.509641647338867,1.2741210460662842,-6.433385372161865,-10.058632850646973,-1.071820855140686,-11.033656120300293,-12.112922668457031,-2.0575058460235596,-12.433677673339844,-14.00681209564209,-1.7826906442642212,-4.465394496917725,-3.4925918579101562
6_nicolas_26.wav,0.40292444825172424,0.027965683490037918,1205.9276591783319,1142.2354119421896,2673.053533380682,0.06924715909090909,-371.9939880371094,209.4189453125,-70.90906524658203,49.452720642089844,43.45555114746094,-49.03681564331055,7.059176921844482,2.530177593231201,-38.113502502441406,4.153457164764404,-6.292097091674805,-22.749252319335938,15.524927139282227,-1.4956282377243042,-15.298315048217773,14.728880882263184,-0.6677007079124451,-10.706761360168457,9.107837677001953,-3.8972208499908447,-8.756513595581055,1.6349648237228394,-6.743974685668945,1.0400992631912231,6.033148288726807,-9.12348747253418,-0.6295535564422607,4.30116605758667,-8.533675193786621,0.7321412563323975
5_jackson_12.wav,0.2898688018321991,0.06650768220424652,981.4965529613023,840.5020961696406,1800.714111328125,0.056640625,-292.0090026855469,228.2125244140625,-63.42857360839844,-2.478834390640259,28.16436004638672,-39.76226806640625,-18.414539337158203,-8.300909996032715,-17.428699493408203,17.40571403503418,10.323283195495605,-12.160154342651367,-2.66550350189209,-14.113533020019531,-8.230975151062012,11.008914947509766,-17.40911102294922,-20.029550552368164,6.949359893798828,-12.661027908325195,-16.344860076904297,6.8970746994018555,-10.997255325317383,-16.75185203552246,2.9382236003875732,-9.762894630432129,-14.045904159545898,-0.11108183860778809,-11.444591522216797,-11.212762832641602
2_george_38.wav,0.22501373291015625,0.035442620515823364,878.1617008042776,1016.6711857680723,1674.9755859375,0.03313337053571429,-417.6341247558594,164.15040588378906,-32.40492248535156,13.228362083435059,9.28711223602295,-46.495059967041016,-15.718884468078613,-11.329307556152344,-35.19487380981445,-14.550333976745605,-19.684717178344727,-31.32451820373535,-8.335859298706055,-14.974388122558594,-24.626178741455078,-2.3022751808166504,-4.329838752746582,-12.199360847473145,1.0553606748580933,-3.5556697845458984,-10.322006225585938,-3.3961853981018066,-7.610260486602783,-8.651021957397461,-4.533677101135254,-8.310243606567383,-0.07765129953622818,7.312513828277588,-2.412998676300049,-2.6801416873931885
4_yweweler_37.wav,0.4508606791496277,0.005409435369074345,1020.7968175049631,765.9716043993352,1733.0240885416667,0.0749782986111111,-611.5661010742188,197.18405151367188,-23.37436866760254,0.8123242259025574,-8.713899612426758,-48.54408645629883,10.001909255981445,15.283079147338867,-21.11863899230957,4.760291576385498,2.362654447555542,-18.66206932067871,5.546985626220703,3.294121742248535,-13.922863006591797,1.5900232791900635,-0.530701220035553,-8.78493881225586,3.023124933242798,-3.838200807571411,-11.191811561584473,-1.6290535926818848,-5.372415542602539,-5.782047748565674,2.130214214324951,-4.604267597198486,-3.8956706523895264,4.26068639755249,-2.4548702239990234,-3.3935959339141846
8_yweweler_40.wav,0.4201785624027252,0.009144514799118042,1722.8180271839017,1170.0902326996047,3063.7710571289062,0.1015625,-527.2825927734375,171.203125,-77.05769348144531,50.25880432128906,43.68064880371094,-63.804298400878906,-3.262316942214966,7.415738105773926,-36.75014114379883,-0.21448540687561035,-8.661407470703125,-28.972179412841797,10.481237411499023,-1.480948805809021,-21.17484474182129,7.455142974853516,0.5438967347145081,-9.725946426391602,4.1119208335876465,-7.183938503265381,-4.795750141143799,5.588180065155029,-12.872822761535645,-6.81660270690918,5.516057014465332,-11.583513259887695,-3.558798313140869,8.267122268676758,-8.721855163574219,-4.062190532684326
8_yweweler_29.wav,0.38919609785079956,0.01037568412721157,1559.17457212022,1085.261621187972,2845.9716796875,0.08831380208333334,-498.8003234863281,194.971435546875,-91.66703033447266,40.45646667480469,50.399452209472656,-64.289794921875,-7.632670879364014,12.588479995727539,-32.73088836669922,-0.058812014758586884,-4.686058044433594,-27.84507179260254,8.990798950195312,3.5673861503601074,-16.31180191040039,5.455694198608398,-1.2859231233596802,-6.749288082122803,8.945591926574707,-5.871629238128662,-6.323746681213379,7.026009559631348,-12.928513526916504,-11.737791061401367,5.421762943267822,-9.421311378479004,-9.48109245300293,2.634566068649292,-8.975558280944824,-8.89016342163086
5_nicolas_14.wav,0.45631635189056396,0.02592211216688156,1122.5949468797637,1040.1608605800352,2194.6867290296054,0.06591796875,-374.5809020996094,237.84161376953125,-76.29420471191406,25.818649291992188,23.065095901489258,-52.716670989990234,16.67855453491211,7.293498992919922,-33.749847412109375,15.9689359664917,2.1553966999053955,-22.102371215820312,13.303982734680176,-3.3789350986480713,-15.328219413757324,12.260529518127441,-5.257137775421143,-10.40025806427002,9.553851127624512,-8.05341911315918,-9.160655975341797,4.616794586181641,-9.57757568359375,-4.46548318862915,5.9928998947143555,-5.146824359893799,1.6702147722244263,5.241880893707275,-5.131678581237793,3.3673102855682373
8_jackson_37.wav,0.35345542430877686,0.09166891872882843,1456.2530927126152,1222.7505824479226,2878.271484375,0.0881618923611111,-311.1185302734375,137.52093505859375,-39.05852127075195,62.58285140991211,39.19440460205078,-60.70780563354492,-11.474788665771484,6.25554084777832,-35.86857986450195,-20.16265869140625,-15.444157600402832,-19.27403450012207,-1.2669692039489746,-16.220882415771484,-17.66745948791504,4.207019329071045,-14.276894569396973,-19.086305618286133,4.80674934387207,-2.0968644618988037,-7.94863224029541,-2.4316842555999756,-11.219307899475098,-5.887928009033203,-2.643998384475708,-15.116287231445312,-4.056911468505859,1.289467215538025,-16.302654266357422,-9.104532241821289
2_theo_25.wav,0.2201060801744461,0.013659801334142685,975.5193348830146,907.1165649356795,1943.9284752155172,0.05367726293103448,-511.4296875,174.22654724121094,-55.14289474487305,32.14358139038086,47.942893981933594,-26.23398780822754,-1.5647351741790771,-5.724490642547607,-26.941923141479492,0.3842023015022278,-21.58403968811035,-32.193702697753906,6.396338939666748,-13.032401084899902,-25.69858169555664,10.507170677185059,-1.335719108581543,-14.632009506225586,7.303193092346191,-6.13710355758667,-16.41213607788086,0.7188907265663147,-6.186967849731445,-7.407329559326172,3.1426942348480225,-9.948589324951172,-10.787895202636719,0.7924574613571167,-6.491768836975098,-4.99943733215332
6_nicolas_19.wav,0.4856243133544922,0.03595152124762535,1277.5834645788836,1149.4114641238302,2810.0830078125,0.07865397135416667,-347.8121643066406,199.76123046875,-73.10719299316406,42.98544692993164,42.80128860473633,-49.82797622680664,4.5679450035095215,2.6453185081481934,-38.617637634277344,2.0455129146575928,-5.541718006134033,-24.945091247558594,11.705475807189941,-0.21220314502716064,-18.05999183654785,8.453072547912598,1.2983765602111816,-8.71912956237793,6.006039142608643,-1.8239690065383911,-2.510021448135376,5.146010875701904,-7.3302178382873535,-2.749174118041992,5.365634441375732,-5.133739948272705,1.1371204853057861,4.657203197479248,-5.4421844482421875,3.980257749557495
8_lucas_13.wav,0.5395345687866211,0.04587903991341591,1410.1010505180807,1011.0023904968075,2623.135653409091,0.10444779829545454,-394.5282897949219,163.87953186035156,-51.86824035644531,32.263389587402344,47.45736312866211,-42.29901123046875,-13.776920318603516,15.181585311889648,-14.42594051361084,-1.7902575731277466,4.469200611114502,-10.935758590698242,2.2106707096099854,4.469427108764648,-4.1440815925598145,1.686350703239441,-3.4367058277130127,-1.858554720878601,8.441726684570312,-4.235408306121826,-6.955606460571289,3.863903760910034,-7.483369827270508,-9.3995943069458,4.480803966522217,-0.5647470951080322,-3.6824874877929688,1.5351754426956177,-5.153573989868164,-4.743058681488037
5_theo_26.wav,0.40492895245552063,0.08781459927558899,1415.2763544437746,854.4571659749133,2283.455757472826,0.10517153532608696,-310.81915283203125,154.3203582763672,-89.26080322265625,-25.676179885864258,2.6989896297454834,-42.814876556396484,-0.7457588911056519,2.229627847671509,-26.824874877929688,4.138733386993408,2.6079342365264893,-17.765880584716797,0.2683243751525879,-7.354593753814697,-14.298552513122559,5.340959072113037,-8.753334045410156,-16.046463012695312,3.898019313812256,-9.386758804321289,-17.944255828857422,1.083072543144226,-3.615875005722046,-9.469593048095703,-1.4592527151107788,-8.194867134094238,-6.1169891357421875,5.354173183441162,3.378403425216675,8.575370788574219
7_theo_45.wav,0.32060903310775757,0.00426637614145875,973.1644232425299,959.0279741994988,2151.7822265625,0.048304966517857144,-578.5869140625,223.0712127685547,-64.10919952392578,27.868694305419922,37.55503463745117,-45.35776138305664,-0.6601023077964783,1.174263596534729,-31.13963508605957,8.042043685913086,4.0489020347595215,-21.543621063232422,1.0403112173080444,1.8962260484695435,-2.3117995262145996,4.350442409515381,-18.12381935119629,-17.77432632446289,-1.8884563446044922,-18.564891815185547,-12.178191184997559,5.791612148284912,-9.13224983215332,-6.5104522705078125,2.5888845920562744,-13.124031066894531,-7.548996448516846,4.099079608917236,-6.661135196685791,-4.796124458312988
2_yweweler_44.wav,0.2929935157299042,0.011342470534145832,956.7202445718369,866.8415610267265,1878.3578725961538,0.052358774038461536,-517.1096801757812,195.9873809814453,-44.184974670410156,19.03033447265625,33.3486442565918,-35.85850524902344,0.689795196056366,11.740193367004395,-27.67106819152832,-12.292224884033203,-12.137615203857422,-27.651254653930664,-4.196927070617676,-3.8148446083068848,-13.225162506103516,5.6585893630981445,0.552566409111023,-8.960186958312988,4.869456768035889,-3.3008768558502197,-12.070490837097168,1.2802983522415161,-3.2409071922302246,-11.250356674194336,-3.8077352046966553,-6.351873397827148,-9.680746078491211,-5.94520378112793,-8.545586585998535,-6.924410820007324
3_lucas_29.wav,0.5193392038345337,0.038741208612918854,1335.5499235474492,1021.068294507001,2499.707873114224,0.1009900323275862,-393.32708740234375,151.7840576171875,-45.42676544189453,20.46339225769043,43.57236099243164,-28.760465621948242,-9.96672534942627,12.118210792541504,-15.604020118713379,-3.763341188430786,5.365732192993164,-11.986847877502441,-2.640176296234131,2.030435800552368,-8.750679969787598,-0.21135644614696503,2.288846254348755,-4.775584697723389,1.5378926992416382,0.05131307989358902,-6.776745319366455,-2.250547170639038,-4.470921516418457,-8.270394325256348,-1.7919760942459106,-2.342838764190674,-5.968829154968262,-2.2269599437713623,-2.09567928314209,-3.60429048538208
5_lucas_25.wav,0.5286309123039246,0.038128312677145004,1314.5772330563914,884.6447627923294,2236.6617838541665,0.1068431712962963,-389.1976013183594,173.27037048339844,-52.12215042114258,8.626812934875488,39.74628448486328,-32.237483978271484,-16.335315704345703,9.401208877563477,-13.005559921264648,0.21260443329811096,10.190613746643066,-6.816827774047852,-2.4464969635009766,-1.4761414527893066,-6.617091655731201,4.377607345581055,-1.9086413383483887,-11.62925910949707,2.223623514175415,0.7044947743415833,-11.277836799621582,-3.307864189147949,0.3733355700969696,-3.4906506538391113,-0.5974704027175903,-3.708292245864868,-4.2414727210998535,2.7689008712768555,-2.1825027465820312,-6.731712818145752
0_jackson_39.wav,0.33549630641937256,0.07352666556835175,810.2188589332576,807.5049211213584,1663.8540414663462,0.043701171875,-329.8056640625,215.80262756347656,-26.704763412475586,4.32997465133667,26.48773956298828,-27.31109619140625,-21.650684356689453,-17.178871154785156,-16.73438835144043,5.04494047164917,-14.848259925842285,-22.406221389770508,7.309153079986572,-9.050346374511719,-22.627071380615234,2.10860538482666,-7.990303039550781,-15.802370071411133,5.969992637634277,-7.607005596160889,-19.90146255493164,-1.0671323537826538,-9.268255233764648,-19.18115997314453,-2.619593381881714,-6.027210712432861,-13.93955135345459,-3.1447231769561768,-4.989259719848633,-7.665769100189209
4_theo_12.wav,0.3094673752784729,0.005708589218556881,752.1323105242404,672.9270990226736,1127.6220703125,0.04544270833333333,-572.5048217773438,212.95547485351562,-14.894850730895996,3.3558380603790283,5.525975704193115,-36.1055793762207,-4.185205936431885,-1.3175396919250488,-21.55152702331543,-1.3805757761001587,-8.346439361572266,-17.170228958129883,7.270476818084717,-1.8338028192520142,-11.654237747192383,10.314866065979004,2.508863687515259,-11.836853981018066,-3.245952844619751,-12.06564712524414,-17.31633758544922,-4.702505588531494,-9.08782958984375,-10.08646297454834,1.2783071994781494,-2.886395215988159,-5.071197509765625,1.230634093284607,-1.9134762287139893,-2.270742177963257
7_theo_33.wav,0.37710100412368774,0.009019034914672375,1384.5084091606598,972.3015508609733,2365.0634765625,0.10533854166666666,-512.1214599609375,188.2095489501953,-74.16842651367188,10.985344886779785,23.651325225830078,-45.237876892089844,-0.6253353357315063,-4.228760242462158,-30.566986083984375,14.372662544250488,3.8646657466888428,-22.285404205322266,5.838220596313477,-1.2893282175064087,-10.839752197265625,4.931354999542236,-15.673873901367188,-16.376989364624023,8.11599063873291,-10.508912086486816,-14.106257438659668,6.375523090362549,-6.920777797698975,-7.281905174255371,8.069714546203613,-4.584024429321289,-3.5529634952545166,9.925074577331543,0.41742628812789917,-1.3174855709075928
9_jackson_13.wav,0.2853158414363861,0.0694611668586731,765.4247880971946,828.6207521873415,1411.6671048677886,0.03662109375,-330.1570739746094,226.17042541503906,-36.428462982177734,13.326793670654297,19.342710494995117,-46.60456085205078,-5.223606586456299,3.4633841514587402,-30.958295822143555,-2.3065836429595947,0.46498122811317444,-25.584440231323242,-6.500887870788574,3.0922508239746094,-8.919291496276855,-7.103668689727783,-7.657816410064697,-5.274742603302002,-4.507145881652832,-14.364452362060547,-6.517240047454834,-3.4081127643585205,-19.536401748657227,-10.964635848999023,-1.2435022592544556,-16.009675979614258,-11.861075401306152,-1.006561517715454,-8.845710754394531,-6.5669331550598145
1_yweweler_31.wav,0.35848087072372437,0.012687950395047665,851.0389591011216,762.8885931438238,1563.0572150735295,0.051987591911764705,-523.4237060546875,213.5749053955078,-34.89994430541992,6.423824310302734,16.208690643310547,-41.024261474609375,2.997447967529297,13.11895751953125,-28.931642532348633,-4.921118259429932,8.237509727478027,-14.820759773254395,-5.218655586242676,-1.0737055540084839,-10.369892120361328,-2.8403446674346924,-7.03458833694458,-9.730987548828125,2.8756537437438965,-3.1918082237243652,-8.949429512023926,-0.837409496307373,-5.893884181976318,-6.5880303382873535,1.5932031869888306,-4.924623489379883,-6.749663829803467,-0.8701526522636414,-6.135523796081543,-5.387816429138184
0_lucas_35.wav,0.4309520125389099,0.03850565850734711,1045.8685128257484,866.8622793167336,2045.654296875,0.06948617788461539,-403.9690856933594,180.01588439941406,-35.51250076293945,11.51038646697998,43.95951461791992,-14.708701133728027,-6.781452655792236,4.287558078765869,-16.808422088623047,1.90226411819458,9.627203941345215,-11.33936882019043,-2.9445993900299072,4.086668014526367,-7.524157524108887,-2.776292085647583,1.3710956573486328,-3.4579992294311523,-0.025583816692233086,-1.0082917213439941,-3.8975424766540527,-0.14136630296707153,-4.298737049102783,-7.349634647369385,-0.9082326292991638,-1.918128252029419,-5.31084680557251,-2.377746105194092,-2.9340672492980957,-3.799555778503418
1_jackson_17.wav,0.2796131670475006,0.06845369935035706,760.6428553366454,791.0718366420482,1239.2925061677631,0.040501644736842105,-328.902099609375,217.9736328125,-22.30694007873535,5.296302318572998,9.243971824645996,-49.910987854003906,-9.002744674682617,10.230010986328125,-31.411666870117188,-18.20648193359375,0.24159514904022217,-15.1377534866333,-8.327835083007812,-3.284053325653076,-11.74531078338623,-3.3436925411224365,-2.7010879516601562,-10.311241149902344,-4.967131614685059,-8.716039657592773,-15.348775863647461,-6.51872444152832,-4.846556186676025,-11.303201675415039,-10.388901710510254,-9.537117004394531,-7.297964572906494,-2.8801403045654297,-5.7794365882873535,-7.543400764465332
9_nicolas_46.wav,0.3823695480823517,0.03342835605144501,1023.4621015027736,1067.9367859180115,2247.528076171875,0.0471435546875,-375.07049560546875,217.9928741455078,-65.73912048339844,31.482168197631836,43.544410705566406,-31.632427215576172,9.867166519165039,-2.339592695236206,-33.05742645263672,10.541513442993164,-3.5526123046875,-22.518985748291016,12.5211763381958,-2.5916430950164795,-15.683366775512695,9.048017501831055,-5.912947177886963,-9.945152282714844,9.044431686401367,-8.105459213256836,-8.137975692749023,6.795987129211426,-9.987875938415527,-6.605929374694824,6.697087287902832,-6.418271541595459,-1.6072578430175781,5.374107360839844,-7.3595452308654785,-0.43568429350852966
5_nicolas_41.wav,0.47584259510040283,0.047190893441438675,969.1276200177864,843.4077943189579,1747.18017578125,0.0666232638888889,-329.7851867675781,243.4593963623047,-67.20533752441406,5.181789398193359,11.488543510437012,-51.01093673706055,10.637916564941406,4.8708930015563965,-29.733463287353516,10.600199699401855,-5.78514289855957,-21.657331466674805,19.937728881835938,1.8916693925857544,-20.146066665649414,4.8519721031188965,-4.992715358734131,-11.74795913696289,5.949911594390869,-4.266615390777588,-5.048897743225098,2.424689531326294,-12.472362518310547,-4.45928430557251,8.875317573547363,-4.108738422393799,-1.0403099060058594,6.5298686027526855,-1.4068020582199097,2.207575798034668
2_theo_14.wav,0.30589303374290466,0.0062752277590334415,1436.1633074699596,1030.2859304835702,2498.748779296875,0.10636393229166667,-547.8619995117188,197.4848175048828,-68.02581024169922,46.305145263671875,47.20048141479492,-47.135345458984375,2.6107776165008545,0.7022263407707214,-34.43067169189453,1.0422022342681885,-16.791183471679688,-28.137372970581055,12.162306785583496,-7.54742956161499,-14.454310417175293,16.593441009521484,-6.667001724243164,-11.436874389648438,10.399460792541504,-13.480758666992188,-11.22128677368164,9.801627159118652,-11.985923767089844,-9.827885627746582,5.113592624664307,-13.426151275634766,-8.94151496887207,3.4832966327667236,-7.074331283569336,0.25838735699653625
3_jackson_23.wav,0.23956634104251862,0.07830364257097244,936.5438720308948,952.3478710716996,1945.52490234375,0.043115234375,-318.5840148925781,211.33468627929688,-43.07564163208008,31.97824478149414,39.83311080932617,-45.46489715576172,-26.089487075805664,-17.989233016967773,-17.50153923034668,14.9841947555542,-20.333837509155273,-39.18555450439453,2.1974031925201416,-11.546606063842773,-19.458812713623047,11.826760292053223,-8.794737815856934,-16.047456741333008,11.79621696472168,-10.926663398742676,-21.44549560546875,2.8375205993652344,-14.212878227233887,-21.611202239990234,2.2660207748413086,-7.435391426086426,-16.457950592041016,-2.2040035724639893,-5.083416938781738,-6.083695888519287
6_yweweler_37.wav,0.3271215856075287,0.004199084360152483,1844.9693819249078,1039.2124778290768,2935.693359375,0.1464301215277778,-590.9732055664062,152.38352966308594,-86.749267578125,33.608795166015625,43.243370056152344,-45.30447006225586,5.724420547485352,6.347785472869873,-32.62385559082031,9.765347480773926,-0.35155317187309265,-30.54041290283203,6.179576873779297,5.14142370223999,-13.23372745513916,5.592234134674072,-1.8348393440246582,-6.09389066696167,10.526565551757812,-3.8744497299194336,-6.158158302307129,9.590702056884766,-5.710944175720215,-9.976751327514648,2.6233129501342773,-6.894724369049072,-7.277953147888184,1.8888310194015503,-5.316705226898193,-4.591357231140137
6_nicolas_28.wav,0.5017830729484558,0.032935116440057755,1313.1561299744317,1198.5054738936012,2823.15673828125,0.06441824776785714,-371.215087890625,184.5287628173828,-67.61617279052734,45.2374153137207,42.343475341796875,-42.21731948852539,10.069596290588379,4.613410472869873,-35.3701171875,1.2239665985107422,-6.856129169464111,-23.388446807861328,8.839117050170898,-3.301523208618164,-12.835611343383789,13.185628890991211,-1.3691518306732178,-9.325800895690918,9.338019371032715,-2.7784266471862793,-5.715585231781006,6.996589660644531,-2.0067920684814453,1.1333967447280884,6.607297420501709,-5.98937463760376,0.2414296567440033,5.462906360626221,-5.331752777099609,2.528369665145874
3_yweweler_38.wav,0.3730012774467468,0.01590566709637642,1461.073791082819,1089.883977653938,2563.2793719951924,0.07925180288461539,-506.0019226074219,150.45118713378906,-67.91939544677734,34.15787887573242,54.407310485839844,-42.118431091308594,-16.79188346862793,6.971390724182129,-24.53554344177246,-11.270357131958008,-9.466724395751953,-20.270130157470703,-0.2798890769481659,-8.047781944274902,-17.374622344970703,5.850649833679199,-1.385532259941101,-13.135884284973145,6.039426803588867,2.9285888671875,-9.007282257080078,-2.1003644466400146,-6.012125015258789,-7.581776142120361,-0.8410235047340393,-9.772765159606934,-10.843541145324707,-1.2765021324157715,-6.5721330642700195,-7.9881391525268555
1_george_5.wav,0.30726689100265503,0.0442986823618412,1105.3988672469013,902.3621903897418,2130.1920572916665,0.06410951967592593,-379.4736022949219,157.03982543945312,-54.927467346191406,-9.586348533630371,4.426844120025635,-36.13080596923828,-5.439057350158691,-18.493297576904297,-43.819557189941406,-3.7242236137390137,-8.62498950958252,-34.65201950073242,-6.916461944580078,-6.203239917755127,-26.129268646240234,-9.994547843933105,-6.565019607543945,-17.047849655151367,-11.893263816833496,-12.629316329956055,-11.114469528198242,-7.179194927215576,-15.846111297607422,-10.166107177734375,-1.2810442447662354,-12.984020233154297,-10.506444931030273,1.964072585105896,-4.52040958404541,-5.723555564880371
7_theo_18.wav,0.33784571290016174,0.003895362839102745,1231.76059135649,960.243842997225,2153.3203125,0.09682329963235294,-590.1018676757812,218.087158203125,-67.71366119384766,25.99715232849121,37.568092346191406,-41.93625259399414,0.35628756880760193,0.8541629314422607,-25.577529907226562,15.088563919067383,3.8932971954345703,-22.620845794677734,1.7154911756515503,-3.877030849456787,-8.666749000549316,5.826207160949707,-15.629417419433594,-15.240964889526367,6.425552845001221,-11.584568977355957,-13.48969554901123,3.1509780883789062,-8.148398399353027,-4.802995204925537,5.167130947113037,-8.323213577270508,-4.609115123748779,3.4251351356506348,-5.07594108581543,-0.1483968049287796
6_george_25.wav,0.2578473687171936,0.022607410326600075,1945.1459266587578,1123.3251003269975,3200.244140625,0.15062313988095238,-424.40972900390625,130.95877075195312,-92.03850555419922,33.50505065917969,37.26829147338867,-51.5137939453125,-4.547353267669678,-14.728055953979492,-49.469207763671875,-1.0991169214248657,-19.288026809692383,-46.07289505004883,0.89483243227005,-7.687642574310303,-29.973777770996094,-1.6215581893920898,-8.846928596496582,-16.549869537353516,4.053216457366943,-8.478858947753906,-11.827742576599121,1.7878659963607788,-13.933330535888672,-10.597139358520508,5.352025508880615,-9.03384780883789,-6.029848098754883,6.430145263671875,-8.032632827758789,-7.871554374694824
2_jackson_47.wav,0.29394155740737915,0.059453122317790985,1124.5872708805425,955.9199306545772,2128.7109375,0.06454613095238096,-336.7623596191406,163.99032592773438,-46.683929443359375,33.34590530395508,51.01720428466797,-29.64601707458496,-19.836013793945312,-13.235793113708496,-28.907630920410156,-7.9894232749938965,-16.13641929626465,-25.757564544677734,-2.905637741088867,-12.528221130371094,-17.840030670166016,3.9134042263031006,-8.442870140075684,-13.878884315490723,6.552351951599121,-7.1644816398620605,-18.069303512573242,-0.6598208546638489,-5.6389570236206055,-14.826702117919922,-6.628053188323975,-8.271773338317871,-9.186747550964355,-5.663947105407715,-10.668980598449707,-6.560827255249023
4_theo_13.wav,0.3260365128517151,0.004700992722064257,822.9151433618897,694.9792768704037,1243.54248046875,0.05873325892857143,-584.9202270507812,209.91383361816406,-20.478044509887695,-0.5002065300941467,5.2222113609313965,-35.065006256103516,-1.7483855485916138,-0.09507574141025543,-21.449087142944336,-0.033385276794433594,-8.634698867797852,-18.96364402770996,7.540206432342529,-0.48097842931747437,-11.03038215637207,11.1974458694458,3.199425220489502,-12.444656372070312,-3.0956645011901855,-9.484383583068848,-15.014054298400879,-3.771193265914917,-5.731616973876953,-5.826625823974609,1.1300653219223022,-3.849409818649292,-2.3716471195220947,3.469665765762329,-1.5173457860946655,-0.3836759924888611
6_nicolas_5.wav,0.46336349844932556,0.01816263049840927,1413.439196836315,1228.2377576802853,2995.166015625,0.07368396577380952,-406.8064880371094,194.84335327148438,-82.5942611694336,43.789024353027344,42.61442184448242,-44.11201095581055,16.728530883789062,5.832308769226074,-35.23572540283203,13.545825958251953,-2.1843440532684326,-25.981523513793945,13.996516227722168,-1.4816309213638306,-16.299991607666016,12.801485061645508,-1.2623845338821411,-7.368090629577637,11.404566764831543,-4.265334129333496,-4.763683319091797,7.0545806884765625,-7.12323522567749,-0.3395795226097107,8.49860954284668,-5.577358245849609,1.8916105031967163,6.97544002532959,-3.9459192752838135,5.113919258117676
6_nicolas_46.wav,0.45084014534950256,0.03869202733039856,1339.6329736229907,1169.9650399631446,2856.5139770507812,0.077117919921875,-349.14013671875,192.96673583984375,-73.44541931152344,42.058502197265625,43.024200439453125,-48.629615783691406,6.855666160583496,5.888004302978516,-38.5838737487793,0.4584137201309204,-4.709835529327393,-23.749847412109375,11.854372024536133,0.8300769329071045,-16.301530838012695,8.218514442443848,-1.3556365966796875,-8.176982879638672,10.419057846069336,-1.2590395212173462,-5.379405975341797,5.72763204574585,-4.835337162017822,-1.4616564512252808,6.0257568359375,-6.176136493682861,0.4865332245826721,7.068702697753906,-4.30354642868042,2.2610063552856445
5_yweweler_9.wav,0.5061707496643066,0.007772818673402071,1389.7107888233022,980.9485570320389,2539.981742527174,0.10222061820652174,-542.3430786132812,189.1400146484375,-82.07527160644531,5.917026519775391,29.220117568969727,-38.633296966552734,12.52944278717041,15.18140697479248,-26.433408737182617,13.206037521362305,13.93510627746582,-18.060091018676758,4.120217800140381,2.5691843032836914,-11.150420188903809,6.811123371124268,-2.2978110313415527,-8.482954025268555,9.632200241088867,-4.247396945953369,-10.357162475585938,7.305014133453369,-4.857592582702637,-9.154292106628418,8.397032737731934,-0.3575502336025238,-6.897030830383301,2.7943875789642334,-3.4852182865142822,-5.818572998046875
1_jackson_6.wav,0.32027217745780945,0.06555089354515076,726.521720967224,775.7663853580175,1229.3501420454545,0.04019442471590909,-347.9465637207031,237.6259765625,-21.81764793395996,11.924452781677246,12.256307601928711,-44.071048736572266,-1.7229305505752563,1.773197889328003,-28.49164581298828,3.7424981594085693,-1.336194634437561,-27.965639114379883,-0.023009084165096283,2.3416621685028076,-17.302764892578125,-4.4765472412109375,-7.36509895324707,-13.518228530883789,2.2914087772369385,-5.007225036621094,-11.454876899719238,0.14536823332309723,-12.31564712524414,-17.568988800048828,-1.208960771560669,-9.074734687805176,-13.529812812805176,3.0223000049591064,-2.280050277709961,-10.006390571594238
5_george_12.wav,0.25947922468185425,0.050389546900987625,1195.486357373892,938.4054855592733,2268.3529502467104,0.06486430921052631,-361.8104248046875,170.99899291992188,-87.95411682128906,-4.6291046142578125,25.352691650390625,-50.0715446472168,-22.836931228637695,-15.090113639831543,-41.2266960144043,-6.8250298500061035,-5.9350433349609375,-25.302852630615234,0.013835473917424679,-9.868115425109863,-31.364059448242188,-7.809510707855225,-6.581096172332764,-17.870441436767578,-4.993200302124023,-10.385210037231445,-15.446828842163086,-3.720923662185669,-13.137581825256348,-16.77610969543457,-2.540661573410034,-7.052778720855713,-9.342336654663086,-1.0002490282058716,-7.309911727905273,-8.650664329528809
6_nicolas_14.wav,0.4358709454536438,0.046675633639097214,1317.8318900832808,1188.529672582071,2875.45166015625,0.06821986607142858,-345.7313537597656,185.9200897216797,-66.09504699707031,47.5352897644043,40.79364013671875,-51.612388610839844,-0.23996366560459137,-2.592773914337158,-37.62607955932617,4.193787097930908,-7.404677867889404,-26.83479118347168,11.444653511047363,1.05990731716156,-13.549092292785645,12.348433494567871,1.2148306369781494,-7.76504373550415,7.863088130950928,-3.5402872562408447,-4.752120494842529,4.793725490570068,-7.20800256729126,-1.5765440464019775,4.834126949310303,-8.859209060668945,0.573972225189209,7.69948148727417,-5.06586217880249,3.409900665283203
5_yweweler_19.wav,0.47104963660240173,0.00925411470234394,1359.009105744105,893.1185054338889,2305.2490234375,0.10186089409722222,-518.825439453125,196.29339599609375,-81.45906066894531,-8.308103561401367,18.93114471435547,-42.72266387939453,2.410842180252075,7.507151126861572,-27.96796417236328,8.29537296295166,11.037042617797852,-13.640857696533203,7.148972511291504,2.89920973777771,-8.6547269821167,8.308499336242676,-5.336644649505615,-12.68651294708252,8.584494590759277,-3.444633960723877,-10.86391544342041,7.693027973175049,-2.5796303749084473,-10.598470687866211,1.790854573249817,-6.251906871795654,-8.706568717956543,3.332167863845825,-2.5870180130004883,-4.657780647277832
0_lucas_12.wav,0.47675126791000366,0.04632345214486122,1085.5263466735937,852.3338160437648,1970.2880859375,0.07712809244791667,-394.691162109375,196.46546936035156,-39.971736907958984,5.717920780181885,38.34025573730469,-17.730974197387695,-5.751842498779297,-0.3270559310913086,-23.4805965423584,-2.51279616355896,0.61575847864151,-16.948545455932617,-0.19390429556369781,1.9600249528884888,-11.561808586120605,-0.5064330697059631,0.4605998694896698,-6.332396984100342,1.8822693824768066,-4.229506015777588,-11.37883472442627,-0.08392993360757828,-3.2246592044830322,-11.709227561950684,-3.1120941638946533,-2.0762217044830322,-7.800832271575928,-3.8990612030029297,-4.002708911895752,-7.111700534820557
3_jackson_32.wav,0.2446938157081604,0.06512203067541122,1013.0869115597194,1038.8550150210617,2187.158203125,0.052548363095238096,-343.0301208496094,198.01206970214844,-41.57688522338867,38.20655059814453,45.57347106933594,-41.4045524597168,-25.557260513305664,-17.056665420532227,-16.60225486755371,15.59813404083252,-18.14535140991211,-40.408843994140625,-0.612363338470459,-9.954267501831055,-21.651037216186523,5.002579212188721,-7.491436004638672,-10.915571212768555,10.11847972869873,-12.460185050964355,-17.5701847076416,5.463268756866455,-14.697254180908203,-21.175113677978516,2.8923068046569824,-9.84553337097168,-19.420454025268555,-2.3777353763580322,-4.884610652923584,-5.622424602508545
3_jackson_46.wav,0.24012862145900726,0.09040191024541855,914.3586800789458,1031.7775083214467,2160.0494384765625,0.033711751302083336,-325.6531066894531,172.1508026123047,-34.37838363647461,46.699039459228516,48.786895751953125,-29.34710693359375,-8.024861335754395,-13.948826789855957,-33.660675048828125,-0.26355981826782227,-16.83128547668457,-37.7761116027832,-5.712585926055908,-8.517316818237305,-15.403170585632324,6.645786285400391,-4.457238674163818,-11.307539939880371,3.2340781688690186,-8.4497709274292,-8.78398609161377,1.1748663187026978,-18.176570892333984,-18.257568359375,-1.7283711433410645,-13.062413215637207,-14.40716552734375,-2.511908531188965,-9.235461235046387,-9.592019081115723
3_george_21.wav,0.26473429799079895,0.05215075984597206,1652.2939598523842,1157.8765476433623,3056.9970703125,0.08896484375,-355.7391357421875,149.86654663085938,-98.2706069946289,41.481056213378906,51.57137680053711,-57.63660430908203,-15.307001113891602,-15.73904037475586,-52.84600830078125,-5.493011474609375,-19.420726776123047,-48.480350494384766,-0.5893906950950623,-7.191239356994629,-33.454322814941406,-1.6021019220352173,-5.255060195922852,-20.362804412841797,-1.215941309928894,-12.358348846435547,-21.701793670654297,-4.9798407554626465,-14.424817085266113,-16.97774887084961,-0.7899907827377319,-8.01002311706543,-9.593668937683105,0.6520633697509766,-4.418935775756836,-3.2011501789093018
2_nicolas_23.wav,0.27835044264793396,0.028859665617346764,995.1996100593583,1201.4945183158368,2560.05859375,0.03662109375,-401.3856201171875,188.7829132080078,-51.1680908203125,52.21417236328125,42.23124313354492,-30.564870834350586,23.266925811767578,5.73164176940918,-33.440914154052734,7.782853126525879,-7.015985488891602,-28.39691734313965,4.448967456817627,-5.560755252838135,-13.660456657409668,9.285802841186523,-5.409762859344482,-7.317010879516602,13.561901092529297,-0.739823043346405,-4.618294715881348,6.5364532470703125,-5.087529182434082,-1.8057920932769775,6.957284450531006,-4.111993789672852,-0.6817284822463989,2.7039265632629395,-7.665151119232178,-1.7904319763183594
2_jackson_44.wav,0.32425934076309204,0.042037177830934525,1076.7122897479392,869.6673958643703,1821.1507161458333,0.07971643518518519,-400.03497314453125,151.95712280273438,-30.000410079956055,38.89828872680664,44.12616729736328,-20.354822158813477,-2.593780994415283,-9.68331527709961,-36.06191635131836,-13.025945663452148,-18.197612762451172,-26.92407989501953,-2.0722339153289795,-13.731939315795898,-23.191537857055664,3.0347158908843994,-2.743612289428711,-12.443662643432617,3.8921570777893066,-2.9310390949249268,-9.079882621765137,2.9501733779907227,-7.162296295166016,-15.774674415588379,-6.586254596710205,-9.588218688964844,-10.317521095275879,-2.880122184753418,-6.855276584625244,-7.36518669128418
8_lucas_33.wav,0.44289901852607727,0.05596421658992767,1434.5180554109122,947.4434153933419,2524.9674479166665,0.1055591724537037,-392.2115173339844,124.13678741455078,-36.74232864379883,24.275169372558594,40.108131408691406,-34.648895263671875,-22.595651626586914,9.085639953613281,-9.43986701965332,-7.798178672790527,1.461779236793518,-6.577982425689697,-2.1630306243896484,1.5443376302719116,-4.34869909286499,-4.615325450897217,-4.849271774291992,-1.9304776191711426,0.2261599451303482,-8.494309425354004,-6.440332412719727,2.4521875381469727,-5.217708587646484,-7.317765235900879,2.0297353267669678,-1.498142957687378,-5.931387901306152,-2.4160757064819336,-4.121980667114258,-3.439741611480713
6_lucas_48.wav,0.6181460618972778,0.05083993077278137,1259.413690713525,1028.018664374585,2509.7514905427633,0.10613692434210527,-346.057861328125,184.3616943359375,-58.062103271484375,35.15864181518555,57.35268783569336,-31.26673698425293,-1.4984220266342163,14.642725944519043,-19.433462142944336,6.469165802001953,13.442597389221191,-10.698797225952148,1.7098500728607178,4.322709560394287,-2.6871414184570312,6.007465362548828,-2.8646881580352783,-4.509944915771484,8.018316268920898,-3.3464272022247314,-5.7861809730529785,5.900173664093018,-4.086244106292725,-6.375369071960449,2.200637102127075,-4.847859859466553,-2.979510545730591,3.4986162185668945,-4.046696186065674,-1.6005680561065674
3_george_17.wav,0.25617003440856934,0.03550775721669197,1282.917937290994,1110.1032332212471,2649.1506476151317,0.06023848684210526,-409.6497802734375,161.7071533203125,-78.89806365966797,38.300018310546875,48.268592834472656,-53.066776275634766,-17.801773071289062,-13.746410369873047,-45.79551696777344,-5.457477569580078,-16.62085723876953,-44.23440933227539,-5.332889080047607,-9.906532287597656,-31.97808265686035,-5.575475692749023,-8.943646430969238,-22.080053329467773,-6.208828926086426,-12.565993309020996,-14.15346622467041,-1.4546873569488525,-18.101486206054688,-19.45318031311035,-0.5676102042198181,-11.393590927124023,-14.207901954650879,1.3334124088287354,-4.280544757843018,-6.439006805419922
4_jackson_27.wav,0.24959821999073029,0.082441046833992,677.4815377149964,621.245629605151,1117.4599095394738,0.0400390625,-346.7134704589844,213.0260772705078,11.523935317993164,-23.343835830688477,-11.635104179382324,-19.924518585205078,-17.284717559814453,-17.83340072631836,-9.449727058410645,2.203603744506836,-17.36899757385254,-23.560272216796875,-2.8205931186676025,-6.418190002441406,-10.066948890686035,3.879507303237915,-4.7452073097229,-14.911358833312988,-5.771076202392578,-8.159066200256348,-10.638297080993652,-3.0022332668304443,-9.505603790283203,-15.4346342086792,-10.1682710647583,-11.619165420532227,-9.26501750946045,-2.590052366256714,-7.434760570526123,-7.370330810546875
1_george_44.wav,0.3644627332687378,0.044238459318876266,1258.1157911243758,988.7536475424056,2415.1187294407896,0.0800524259868421,-373.9113464355469,196.11500549316406,-95.5309066772461,-4.348777770996094,15.268792152404785,-50.89448547363281,-2.602703809738159,-16.929096221923828,-47.46647262573242,5.753999710083008,-13.063458442687988,-42.779483795166016,0.6458770036697388,-12.770286560058594,-37.0601921081543,-4.856522560119629,-10.41043758392334,-23.4484806060791,-4.065807342529297,-10.57885456085205,-15.088205337524414,-7.422435760498047,-16.69399642944336,-4.785888195037842,3.9925074577331543,-17.9212646484375,-10.192285537719727,4.640275478363037,-11.60934829711914,-8.191381454467773
4_theo_29.wav,0.33776336908340454,0.015483454801142216,951.877051149616,691.6906691134534,1475.0244140625,0.07211538461538461,-488.8049011230469,197.60003662109375,-25.46086883544922,-9.02439022064209,-1.8012137413024902,-36.59451675415039,-3.2662925720214844,-3.19073486328125,-26.296297073364258,-6.236557960510254,-12.170008659362793,-19.50225257873535,7.97155237197876,1.4499576091766357,-9.948043823242188,7.235542297363281,-3.666684627532959,-15.680916786193848,-1.8297418355941772,-8.35462760925293,-13.682045936584473,-0.2824519872665405,-4.703944683074951,-8.191015243530273,0.08575571328401566,-5.277820110321045,-7.049644947052002,-2.569655179977417,-7.534249305725098,-3.3448336124420166
5_george_41.wav,0.3109799921512604,0.059297919273376465,1505.2977516643841,1002.5399009135996,2790.996759588068,0.09193004261363637,-343.5247802734375,168.26524353027344,-113.29523468017578,-0.028228480368852615,30.48601531982422,-52.97050857543945,-13.668789863586426,-17.763322830200195,-51.53825759887695,-1.6950225830078125,-9.670241355895996,-39.882835388183594,-0.45201876759529114,-8.885530471801758,-36.05867385864258,-5.128109931945801,-3.4580018520355225,-17.70298194885254,-1.8346730470657349,-9.41372299194336,-15.67305850982666,-0.9935481548309326,-10.020779609680176,-11.425725936889648,1.1007320880889893,-10.495733261108398,-10.838113784790039,1.587649941444397,-7.317364692687988,-6.955212593078613
6_theo_38.wav,0.3585386276245117,0.0065080830827355385,1771.2284932520226,1076.0964402793502,2944.127197265625,0.1593505859375,-536.5895385742188,150.34713745117188,-71.45447540283203,30.833587646484375,32.1669921875,-49.24124526977539,-6.779345512390137,-7.048853874206543,-30.786151885986328,7.853093147277832,-6.178918361663818,-20.069101333618164,14.369051933288574,0.5457888841629028,-7.355194091796875,13.273870468139648,-8.667974472045898,-9.607234954833984,10.320233345031738,-14.41669750213623,-14.537055969238281,8.447881698608398,-8.261500358581543,-10.714485168457031,3.9791786670684814,-4.535010814666748,-0.22681932151317596,6.748783111572266,-3.1311233043670654,4.282308101654053
2_jackson_20.wav,0.3158831298351288,0.0516648069024086,1197.5225727582938,924.3082337799375,2008.740234375,0.07591610863095238,-361.5188903808594,187.47671508789062,-52.121639251708984,36.40384292602539,49.82621765136719,-36.80904769897461,-22.110145568847656,-16.13237762451172,-23.932125091552734,11.35002326965332,-8.729838371276855,-33.9041748046875,-4.854552268981934,-12.797992706298828,-22.23984718322754,5.808610916137695,-5.4217047691345215,-16.24915885925293,8.3685941696167,-1.2003082036972046,-16.016551971435547,-0.019118627533316612,-3.8646228313446045,-13.536748886108398,-3.6373348236083984,-4.641740322113037,-9.288589477539062,-5.00438928604126,-5.985899448394775,-4.82379674911499
5_nicolas_7.wav,0.34813404083251953,0.0381254181265831,1009.9084842573872,991.1452736139673,1950.7736206054688,0.056427001953125,-358.7136535644531,235.97470092773438,-73.90068054199219,19.837862014770508,20.723438262939453,-47.015445709228516,16.489219665527344,4.248800277709961,-36.25326919555664,10.779817581176758,0.9280595779418945,-20.353588104248047,11.5801362991333,-4.406458854675293,-14.678666114807129,12.378366470336914,-3.45534610748291,-8.30462646484375,9.973222732543945,-7.614495277404785,-8.158944129943848,5.95993709564209,-9.30504035949707,-5.766033172607422,6.0418853759765625,-5.180637836456299,-0.2068968117237091,6.019344329833984,-3.737522602081299,1.2471462488174438
7_yweweler_46.wav,0.38816261291503906,0.006808357313275337,983.6243115568525,928.21591262119,2022.32666015625,0.054036458333333336,-552.3448486328125,210.97686767578125,-53.86177444458008,16.870590209960938,32.57811737060547,-37.59996795654297,4.133372783660889,5.097940444946289,-35.89992904663086,2.973740577697754,11.23954963684082,-18.692920684814453,-0.2241733819246292,4.665060043334961,-8.059825897216797,2.2758798599243164,-2.87841534614563,-6.802266597747803,4.101336479187012,-6.19803524017334,-8.234193801879883,2.3140041828155518,-7.929086685180664,-6.378829002380371,3.909817695617676,-8.154571533203125,-7.167768478393555,4.387221336364746,-3.8057539463043213,-4.478382110595703
0_theo_12.wav,0.2587480843067169,0.00301899341866374,1027.6383930086674,974.8045651364162,2144.168701171875,0.048046875,-615.3785400390625,221.258544921875,-64.50514221191406,30.494531631469727,47.790931701660156,-30.9285831451416,3.8589096069335938,-5.018521308898926,-31.7999267578125,9.93415641784668,-5.6280107498168945,-24.855655670166016,10.812591552734375,-2.284281015396118,-14.19965934753418,10.47624683380127,-5.786411762237549,-14.2305269241333,2.3269481658935547,-11.733636856079102,-10.92573356628418,1.964288353919983,-12.993217468261719,-8.008115768432617,3.204620838165283,-12.048700332641602,-7.519604682922363,3.5472774505615234,-4.943872928619385,-1.5988101959228516
6_george_31.wav,0.3207474648952484,0.027982817962765694,2056.716353831852,1169.7681878393573,3298.42529296875,0.15318080357142858,-386.2566833496094,136.24913024902344,-109.31639099121094,35.38185501098633,44.53315353393555,-50.235069274902344,-2.8947372436523438,-10.618650436401367,-46.63966751098633,-3.795905828475952,-24.090442657470703,-42.716426849365234,5.6779608726501465,-11.842348098754883,-32.69974899291992,1.2593580484390259,-9.64207935333252,-17.377918243408203,7.08984899520874,-8.707024574279785,-14.127778053283691,3.6432058811187744,-9.57256031036377,-8.142313957214355,4.087629795074463,-10.902505874633789,-5.5443925857543945,6.563342094421387,-8.583624839782715,-7.455680847167969
4_george_15.wav,0.30828139185905457,0.06448187679052353,997.0445756781897,761.122813208534,1648.2688210227273,0.06582919034090909,-369.8005676269531,166.48431396484375,-54.326412200927734,-11.838891983032227,6.630071640014648,-48.57961654663086,-21.97332000732422,-12.410266876220703,-40.17958450317383,-14.408547401428223,-7.0177001953125,-30.57317543029785,-13.107528686523438,-3.8536393642425537,-17.93848419189453,-5.682615280151367,-1.4421734809875488,-17.14275360107422,-13.67647647857666,-7.771130561828613,-11.850739479064941,-10.460265159606934,-10.989563941955566,-10.699997901916504,-5.181347370147705,-6.2533793449401855,-6.168135166168213,-1.5574030876159668,-3.032607078552246,-3.1735551357269287
1_theo_26.wav,0.20055228471755981,0.006581269204616547,691.9889128254246,818.1616579007249,1120.623779296875,0.0284423828125,-575.7958374023438,214.1201629638672,-30.793336868286133,16.27598762512207,20.89764404296875,-37.034481048583984,6.952945232391357,16.01812171936035,-23.20887565612793,-5.24826192855835,-0.8886281847953796,-17.00246238708496,-3.736766815185547,-7.347543239593506,-12.103832244873047,2.6178627014160156,-9.972403526306152,-17.0308780670166,0.16767585277557373,-7.978403091430664,-15.031554222106934,-3.1461260318756104,-8.26461124420166,-7.035852432250977,5.836780548095703,-3.0814311504364014,-7.883364200592041,1.4849401712417603,-1.7953895330429077,-3.1150600910186768
9_lucas_41.wav,0.45264261960983276,0.03827449679374695,934.6046102450814,986.5932378878555,2065.46484375,0.03140625,-421.0815734863281,191.37213134765625,-37.86077117919922,15.85496711730957,46.902462005615234,-22.727825164794922,-6.3107171058654785,18.76911735534668,-12.657331466674805,-6.36569881439209,13.900053977966309,1.7080683708190918,-4.508266448974609,-1.0639369487762451,1.3124767541885376,2.114021062850952,-5.968564033508301,-3.7112550735473633,4.516791820526123,-4.88568639755249,-6.123410224914551,3.8408026695251465,-3.3536112308502197,-7.448643207550049,-0.9683552384376526,-5.412710666656494,-5.523818492889404,-0.017802085727453232,-6.407571315765381,-5.596965312957764
2_lucas_22.wav,0.4665885865688324,0.03680894151329994,1281.594280927349,889.4950058037332,2225.45654296875,0.0930419921875,-418.1649475097656,180.9873046875,-56.63396072387695,21.210960388183594,59.35221481323242,-20.39197540283203,-9.622919082641602,6.574479579925537,-21.501188278198242,-2.418839931488037,7.48627233505249,-13.415682792663574,-5.163943290710449,-3.013362169265747,-10.574328422546387,4.657007694244385,2.5681488513946533,-9.600678443908691,1.828844428062439,2.2909605503082275,-6.511987209320068,-0.8625980615615845,-5.041738033294678,-10.309154510498047,0.3843032121658325,-1.2109657526016235,-9.52095890045166,-3.409694194793701,-1.99233078956604,-6.169247627258301
0_jackson_7.wav,0.25673019886016846,0.08437327295541763,671.483529134779,672.5298737532206,1290.6463623046875,0.038614908854166664,-335.60467529296875,209.8638916015625,-6.648509979248047,2.3725745677948,14.533312797546387,-28.920867919921875,-19.33714485168457,-14.112719535827637,-25.144912719726562,-9.675976753234863,-13.623574256896973,-21.088895797729492,-1.8557066917419434,-5.919801235198975,-16.030357360839844,-2.331679582595825,-5.068100452423096,-10.417767524719238,0.7298155426979065,-7.418806552886963,-16.030555725097656,-5.251773357391357,-9.31757926940918,-15.731276512145996,-6.119161128997803,-7.4769110679626465,-11.445456504821777,-3.5129754543304443,-4.349279880523682,-8.731873512268066
5_yweweler_47.wav,0.47768086194992065,0.008785332553088665,1113.0532710132766,900.1381670271278,2047.1923828125,0.07747395833333333,-511.576171875,199.2255096435547,-60.80587387084961,-0.2595527768135071,26.00503921508789,-33.641090393066406,6.348936557769775,15.849522590637207,-25.297103881835938,0.9028416872024536,14.675642013549805,-7.050592422485352,3.3942620754241943,3.6268391609191895,-7.391605854034424,2.715216875076294,-2.0444748401641846,-6.708231449127197,3.9377148151397705,-5.595576286315918,-8.27564811706543,6.9322896003723145,-0.2893825173377991,-5.856038570404053,4.229572296142578,-2.212308168411255,-7.04763650894165,0.4458305835723877,-2.7171032428741455,-4.147818565368652
7_nicolas_22.wav,0.33373841643333435,0.04028623178601265,1029.8862443913597,1080.8729645516044,2330.6103515625,0.048046875,-347.1648254394531,191.6447296142578,-46.70621871948242,35.531959533691406,35.793983459472656,-35.484107971191406,5.3710174560546875,-7.677906513214111,-37.59296798706055,11.1971435546875,1.1751899719238281,-28.165630340576172,4.681380271911621,4.5048394203186035,-7.178738117218018,8.824172019958496,-5.012214183807373,-8.291031837463379,9.211915969848633,-6.244202136993408,-9.139181137084961,3.9662108421325684,-8.65129280090332,-5.114447593688965,6.5063862800598145,-6.708854675292969,-2.5880916118621826,7.838801860809326,-3.959688425064087,-3.0985665321350098
9_yweweler_40.wav,0.3269313871860504,0.010908233001828194,906.4232729152016,816.2417241937754,1755.6289672851562,0.04779052734375,-504.2024841308594,228.895751953125,-63.95100402832031,3.0057625770568848,28.14212989807129,-37.79693603515625,6.978763103485107,12.107102394104004,-32.54248046875,-2.190765380859375,7.102917671203613,-16.069110870361328,-0.5748260617256165,-2.1769871711730957,-12.819849967956543,-0.4453713893890381,-9.052816390991211,-13.513129234313965,-0.575786828994751,-10.916175842285156,-12.019859313964844,1.7432126998901367,-5.612785816192627,-3.9512033462524414,3.527653694152832,-9.53911304473877,-7.274969100952148,2.7616331577301025,-7.264729976654053,-6.6523847579956055
1_nicolas_10.wav,0.39291343092918396,0.03246910125017166,1050.4080241268723,1071.550394173028,2214.5553588867188,0.05755615234375,-370.5378723144531,224.49600219726562,-61.790672302246094,30.361949920654297,25.55095863342285,-45.67762756347656,12.087597846984863,-1.491032361984253,-36.901641845703125,16.04619598388672,6.0977463722229,-19.7581787109375,10.54012393951416,-4.41373348236084,-13.9918794631958,13.290904998779297,-3.9401919841766357,-9.414239883422852,11.718924522399902,-4.8084564208984375,-7.9175615310668945,5.014029502868652,-10.182022094726562,-6.708354949951172,5.737247943878174,-5.386782646179199,-1.156389832496643,3.72705340385437,-6.927971839904785,-0.28158143162727356
8_theo_35.wav,0.3152998089790344,0.0027844919823110104,1432.8593885739597,1138.7876158888348,2891.19140625,0.09814453125,-613.7283325195312,198.86520385742188,-75.33406829833984,57.276695251464844,48.8612174987793,-61.349952697753906,1.0918629169464111,12.143614768981934,-32.55033493041992,-1.195300579071045,-6.430497646331787,-19.120206832885742,11.48667049407959,-4.157036781311035,-11.259102821350098,13.274351119995117,-4.656725883483887,-6.797981262207031,10.323450088500977,-10.145133018493652,-9.344464302062988,5.535933494567871,-9.133661270141602,-4.165006637573242,3.557429552078247,-11.160840034484863,-2.526480197906494,3.2433419227600098,-9.038955688476562,1.1371722221374512
9_nicolas_26.wav,0.38457924127578735,0.03935166820883751,976.0493573465473,949.4754761962987,2040.27099609375,0.04820421006944445,-368.3576965332031,237.11439514160156,-76.53890228271484,17.77815055847168,38.97685623168945,-33.5376091003418,15.54580020904541,3.9308347702026367,-36.09769821166992,12.519912719726562,5.899745941162109,-22.27557945251465,6.0958123207092285,-6.130725383758545,-16.684377670288086,12.952526092529297,-0.044135767966508865,-10.189990997314453,7.038840293884277,-8.055397033691406,-11.382120132446289,3.758330821990967,-7.39266300201416,-3.9519550800323486,7.492222309112549,-4.582452774047852,-0.604778528213501,6.319625377655029,-5.0222015380859375,-0.4861191213130951
6_lucas_14.wav,0.5094427466392517,0.026705104857683182,1669.9584339814871,1034.2430726671898,2843.787151834239,0.15117612092391305,-403.43280029296875,149.03244018554688,-64.10712432861328,35.07278060913086,48.09770965576172,-43.103824615478516,-8.793458938598633,10.159611701965332,-24.68718910217285,-1.6319875717163086,3.319395065307617,-17.12009048461914,0.4271795153617859,0.4861283600330353,-9.280462265014648,4.580436706542969,-2.978341817855835,-8.82921028137207,6.275130748748779,-3.2152271270751953,-11.246633529663086,0.7850030660629272,-4.142852306365967,-7.4834885597229,0.38001593947410583,-4.864239692687988,-4.326963424682617,2.231013059616089,-3.7344744205474854,-2.660046100616455
8_yweweler_30.wav,0.3379768431186676,0.0093200309202075,1562.8998327129236,1077.1198097646713,2795.2789306640625,0.098175048828125,-528.0193481445312,171.07391357421875,-78.90335083007812,37.82466125488281,48.485023498535156,-57.53883743286133,-12.80081558227539,8.122772216796875,-31.658658981323242,-3.5868921279907227,-2.943854808807373,-23.296066284179688,6.335977077484131,2.460775136947632,-14.31580924987793,6.996953964233398,2.1017305850982666,-5.6900434494018555,9.453268051147461,-3.0864524841308594,-8.370597839355469,6.35170316696167,-6.0198073387146,-8.788993835449219,4.320380210876465,-7.865049362182617,-8.709651947021484,5.37412166595459,-3.4400219917297363,-6.377202987670898
4_nicolas_19.wav,0.34512457251548767,0.05699651688337326,875.9276125030264,850.8210239532618,1624.98779296875,0.05242047991071429,-324.80816650390625,220.00733947753906,-32.58448028564453,17.61249351501465,-3.826551675796509,-67.5403823852539,2.4576244354248047,10.118644714355469,-25.593029022216797,11.059067726135254,3.3383312225341797,-19.01803207397461,10.829813957214355,3.279546022415161,-8.71345329284668,10.862829208374023,-5.8647565841674805,-15.853449821472168,2.0819590091705322,-8.550156593322754,-10.152862548828125,4.615405559539795,-5.433593273162842,-3.7135086059570312,7.397372722625732,-2.8056488037109375,-1.9768935441970825,3.651704788208008,-3.240514039993286,1.286017656326294
8_jackson_9.wav,0.4522012770175934,0.049104996025562286,1296.143902672394,1085.091025277026,2544.0846162683824,0.08737362132352941,-360.0848693847656,192.35633850097656,-63.848079681396484,50.884857177734375,46.524635314941406,-74.88331604003906,-32.294471740722656,5.025088310241699,-24.81751251220703,-14.739994049072266,-22.28307342529297,-25.71665382385254,5.1743927001953125,-7.484084129333496,-17.119176864624023,6.652379512786865,-3.620443344116211,-10.03840160369873,1.6924997568130493,-12.1851224899292,-8.062055587768555,4.125959873199463,-16.562463760375977,-12.845755577087402,4.863274574279785,-12.245837211608887,-14.81946086883545,-0.31157711148262024,-7.46211051940918,-8.985247611999512
0_theo_33.wav,0.32771041989326477,0.006836053915321827,1200.8345868617332,953.3797428185542,2374.03564453125,0.07478841145833333,-541.132080078125,198.57069396972656,-78.6237564086914,14.237956047058105,39.8757438659668,-34.46841812133789,-2.87453556060791,-7.176631450653076,-26.94905662536621,14.937809944152832,-3.527367353439331,-24.896100997924805,10.100687026977539,-5.449251651763916,-18.169008255004883,13.130386352539062,-0.47392386198043823,-12.047008514404297,5.800947189331055,-11.228622436523438,-15.902202606201172,2.643656015396118,-9.13320255279541,-7.9727253913879395,6.661637783050537,-7.610639572143555,-8.745732307434082,3.207399606704712,-4.717648506164551,-4.492483139038086
1_nicolas_21.wav,0.4243919849395752,0.025065677240490913,1004.6020391911488,1105.675557021136,2258.67919921875,0.05029296875,-382.0029296875,230.3865509033203,-58.81665802001953,40.03297805786133,31.32266616821289,-44.70954513549805,17.1068172454834,3.9096620082855225,-35.06752395629883,14.808671951293945,0.04646711423993111,-25.302486419677734,11.567378044128418,-1.1515871286392212,-13.353155136108398,11.314623832702637,-7.6990580558776855,-14.565528869628906,6.023719787597656,-7.752762794494629,-7.738142967224121,4.156222343444824,-10.811949729919434,-4.993690490722656,5.345051288604736,-7.740056037902832,-0.9605978727340698,5.196070671081543,-6.251167297363281,-0.23425348103046417
9_nicolas_43.wav,0.32727545499801636,0.029688656330108643,951.8501129256126,1034.827963053529,2275.8544921875,0.04478236607142857,-395.92864990234375,217.62420654296875,-66.15232849121094,40.02178192138672,49.33507537841797,-34.917938232421875,11.88878345489502,3.0411500930786133,-33.50743865966797,11.414856910705566,0.6333590745925903,-27.599716186523438,3.2908427715301514,-2.792297840118408,-12.752363204956055,11.016324996948242,-2.0757365226745605,-9.8753023147583,6.6158528327941895,-5.5533270835876465,-7.041974067687988,2.390909433364868,-10.44153881072998,-2.6942591667175293,7.405098915100098,-8.151203155517578,-2.087695837020874,6.382102012634277,-6.819505214691162,-1.5310068130493164
4_nicolas_20.wav,0.3274097442626953,0.07122809439897537,877.9680442732715,895.2762026069701,1635.626220703125,0.045654296875,-329.5771179199219,191.62298583984375,-14.492691993713379,34.30746841430664,8.484123229980469,-59.4239501953125,-10.751622200012207,-9.6770658493042,-32.099178314208984,13.442207336425781,8.574824333190918,-15.01027774810791,11.4797945022583,1.9134103059768677,-13.800726890563965,8.81970500946045,2.4606199264526367,-7.633086681365967,4.993900299072266,-5.116820812225342,-10.349152565002441,-0.15613162517547607,-8.241785049438477,-7.297313690185547,3.296079635620117,-0.8207230567932129,2.4060306549072266,5.331876277923584,-2.515439987182617,1.7319809198379517
8_lucas_36.wav,0.4480602741241455,0.04369949921965599,1417.2037143165667,1025.439030178886,2623.7739894701085,0.11098845108695653,-413.3096618652344,164.81817626953125,-52.963226318359375,35.318031311035156,49.351585388183594,-47.405059814453125,-18.686311721801758,15.907938957214355,-14.213961601257324,-5.855714321136475,1.3096023797988892,-9.470476150512695,4.209451198577881,2.5958008766174316,-6.30827522277832,2.60852313041687,-4.639216423034668,-7.119998455047607,4.949058532714844,-5.229074478149414,-8.084647178649902,3.654191493988037,-7.851484775543213,-11.221981048583984,2.983768939971924,-3.632843255996704,-8.7301664352417,0.02774638682603836,-4.2525434494018555,-7.045096397399902
3_yweweler_19.wav,0.3823336958885193,0.007252204697579145,1237.371592763801,1071.1145996981284,2593.5546875,0.07025824652777778,-562.39013671875,161.7694854736328,-49.252159118652344,34.82929992675781,45.291893005371094,-34.80475997924805,-2.667740821838379,4.441458702087402,-33.28089904785156,-7.781752586364746,-3.615054130554199,-23.08774185180664,-1.9921698570251465,-3.805422067642212,-15.74953556060791,4.642592906951904,0.9771653413772583,-10.853209495544434,2.910822868347168,-0.12517404556274414,-6.724010467529297,1.246549129486084,-6.0116472244262695,-9.810310363769531,-2.5701663494110107,-8.032161712646484,-6.123470306396484,0.9513108134269714,-7.095822811126709,-5.893421649932861
0_george_15.wav,0.27102130651474,0.05471283569931984,1107.9585615766418,970.7690703936912,2078.422214673913,0.05878481657608696,-362.3055725097656,148.03213500976562,-62.152587890625,18.627592086791992,33.78767776489258,-40.2220344543457,-17.09873390197754,-14.930856704711914,-41.382022857666016,-12.0601167678833,-17.5925350189209,-38.32677459716797,-7.532200813293457,-6.559133052825928,-24.900732040405273,-6.196478366851807,-3.3515429496765137,-11.950235366821289,-1.9753642082214355,-7.056924343109131,-12.033280372619629,-5.3634538650512695,-15.630993843078613,-15.99322509765625,-0.7245718836784363,-5.7033891677856445,-9.942152976989746,-1.3769291639328003,-2.9137771129608154,-3.131983995437622
1_theo_34.wav,0.260843425989151,0.007554228883236647,808.0880440910373,802.08259176746,1323.394775390625,0.0428466796875,-551.4215087890625,236.59033203125,-48.33712387084961,3.2964999675750732,8.814780235290527,-44.678619384765625,13.037936210632324,13.585009574890137,-32.08858871459961,-1.3729252815246582,0.7004207968711853,-24.039094924926758,-4.029491901397705,-6.312319278717041,-14.918719291687012,4.5065178871154785,-5.470773220062256,-15.925684928894043,-3.8193180561065674,-14.40728759765625,-14.56779956817627,4.04998254776001,-4.070373058319092,-7.4072041511535645,1.936346173286438,-7.469697952270508,-5.6822991371154785,3.772433042526245,-8.753026008605957,-11.532875061035156
8_theo_10.wav,0.33156055212020874,0.004009496886283159,1607.7173758062706,1146.7038761072595,2960.8154296875,0.10396902901785714,-593.5408935546875,166.3966064453125,-63.87574005126953,59.90647506713867,46.796424865722656,-58.93343734741211,2.7759549617767334,11.85850715637207,-38.66945266723633,-4.968558311462402,-1.3069679737091064,-18.02633285522461,7.127498626708984,-2.8577160835266113,-9.133788108825684,12.333053588867188,-4.170968055725098,-6.893857002258301,10.836359977722168,-8.701434135437012,-11.00056266784668,4.826476097106934,-9.806256294250488,-9.809592247009277,1.601393699645996,-6.772835731506348,-1.9514895677566528,0.6802076697349548,-10.569783210754395,-1.7226728200912476
7_george_32.wav,0.2925572693347931,0.027715427801012993,1336.4716068911841,1112.4439631124653,2681.65283203125,0.06748744419642858,-371.93902587890625,169.04959106445312,-87.01244354248047,18.966686248779297,41.55498504638672,-40.210201263427734,-18.51568031311035,-29.544660568237305,-49.832340240478516,1.7952252626419067,-11.691948890686035,-42.216068267822266,-3.054824113845825,-3.116180181503296,-22.67411231994629,-3.7114388942718506,-11.7317476272583,-20.096616744995117,-3.7550690174102783,-14.688737869262695,-17.31232452392578,-2.5532684326171875,-14.3499174118042,-12.353935241699219,2.5942423343658447,-11.192949295043945,-11.464171409606934,3.850527286529541,-4.517949104309082,-6.677237033843994
1_george_35.wav,0.32441362738609314,0.033555399626493454,1256.6400644261876,1024.5603913853306,2388.75,0.06848958333333334,-371.3612976074219,184.9931182861328,-89.73375701904297,-11.95811939239502,16.206924438476562,-37.6169548034668,-6.160458564758301,-18.008739471435547,-38.73932647705078,3.0554144382476807,-12.230452537536621,-31.296512603759766,1.179638147354126,-15.978005409240723,-31.075838088989258,-0.04558013379573822,-9.109938621520996,-21.831798553466797,-3.1688907146453857,-8.175789833068848,-13.660867691040039,-9.483583450317383,-17.24346160888672,-4.363744258880615,3.7830893993377686,-16.11225700378418,-10.404139518737793,1.0179686546325684,-11.893696784973145,-6.1854352951049805
1_nicolas_35.wav,0.40242376923561096,0.029971808195114136,1024.1346523026853,1029.822916044276,2127.6461087740386,0.051156850961538464,-380.16650390625,240.2989959716797,-70.1769027709961,31.090965270996094,30.938291549682617,-42.638099670410156,23.770992279052734,6.2041015625,-38.18766784667969,13.827361106872559,0.9008506536483765,-23.20682144165039,13.449670791625977,-2.7050364017486572,-15.222049713134766,10.914312362670898,-7.29366397857666,-11.34465503692627,9.82581901550293,-6.3463640213012695,-6.365328311920166,5.751265525817871,-10.236974716186523,-3.964515447616577,6.730984210968018,-7.422666549682617,-1.3530957698822021,5.481674671173096,-4.55473518371582,1.189231038093567
9_lucas_7.wav,0.44266587495803833,0.03470069542527199,900.4047131015109,878.7143125163874,1950.908203125,0.05439453125,-437.47113037109375,198.33419799804688,-36.39350891113281,16.124353408813477,42.363136291503906,-28.182504653930664,-6.536041259765625,16.1723575592041,-21.7679386138916,-14.463423728942871,10.382757186889648,1.7852855920791626,-4.585066795349121,-8.179343223571777,-9.098126411437988,-2.4632630348205566,-8.970471382141113,-9.293777465820312,2.2995829582214355,-6.591324329376221,-13.813860893249512,-3.1182701587677,-5.986486434936523,-12.102883338928223,-6.005575656890869,-7.2841715812683105,-9.448454856872559,-5.539949893951416,-8.038435935974121,-7.369340419769287
3_nicolas_15.wav,0.3468482494354248,0.028888508677482605,1264.1769630309109,1155.6339830293132,2676.8463134765625,0.06573486328125,-380.07928466796875,180.8377685546875,-67.06893920898438,42.78351593017578,47.14921569824219,-34.57161331176758,11.802906036376953,1.981933832168579,-33.769073486328125,8.570613861083984,-5.105803489685059,-26.631305694580078,10.021526336669922,-1.035546898841858,-12.862554550170898,13.315292358398438,-2.484656810760498,-9.799532890319824,11.310774803161621,-4.384854316711426,-9.370450019836426,7.627222061157227,-2.1459388732910156,-2.6351370811462402,5.524179935455322,-4.4283552169799805,1.227455496788025,7.329369068145752,-4.7466511726379395,-1.6759257316589355
9_jackson_12.wav,0.3731779158115387,0.045978665351867676,660.6341670853394,666.2620282404536,1172.6982421875,0.03900390625,-374.5355529785156,242.18435668945312,-21.8969783782959,7.105012893676758,31.27105712890625,-29.007600784301758,-20.794702529907227,-10.133759498596191,-18.031160354614258,8.438371658325195,2.002758741378784,-23.026897430419922,-5.366408824920654,-0.9824050664901733,-15.674673080444336,-9.892786979675293,-11.020855903625488,-12.482036590576172,-0.9860582947731018,-6.609986782073975,-11.996395111083984,-5.720632553100586,-13.046835899353027,-12.916067123413086,-2.1187400817871094,-9.198614120483398,-10.254057884216309,0.5871828198432922,-4.11694860458374,-4.818295955657959
4_nicolas_25.wav,0.3816262185573578,0.039593230932950974,892.0950135258969,927.7876410329281,1541.77734375,0.048567708333333334,-354.0519714355469,240.43731689453125,-41.6246337890625,30.521461486816406,4.361963748931885,-70.5943603515625,-1.3435379266738892,0.6871718764305115,-31.113441467285156,13.05540657043457,0.4693906009197235,-21.035776138305664,12.752029418945312,-0.6932925581932068,-11.933467864990234,13.609599113464355,-4.579706192016602,-14.252440452575684,5.094471454620361,-8.331629753112793,-11.217589378356934,2.645853281021118,-8.062883377075195,-4.900171756744385,5.349945545196533,-3.804886817932129,2.2626404762268066,8.01664924621582,-2.25626277923584,2.6029438972473145
5_george_25.wav,0.3406129777431488,0.03810852766036987,1356.5715308590002,1011.908128941921,2645.59326171875,0.0802951388888889,-369.49041748046875,190.57862854003906,-107.98873901367188,-2.421576738357544,22.64003562927246,-55.92051696777344,-8.194151878356934,-14.636286735534668,-49.714290618896484,2.797544240951538,-6.933098316192627,-39.840782165527344,-3.3173980712890625,-10.939258575439453,-32.43012237548828,-4.861102104187012,-9.41580581665039,-19.946653366088867,-3.7786073684692383,-15.12191104888916,-18.112680435180664,-1.6221635341644287,-11.205764770507812,-10.427593231201172,0.9620204567909241,-10.363004684448242,-7.74172306060791,0.7366669178009033,-10.036478042602539,-4.857522010803223
0_george_36.wav,0.24627317488193512,0.06097286194562912,1232.140570234176,1016.5374617057836,2423.08349609375,0.05984157986111111,-359.77398681640625,135.85488891601562,-64.84532928466797,17.849571228027344,36.3297233581543,-33.13188171386719,-15.58712387084961,-21.115922927856445,-42.8148193359375,-13.006631851196289,-25.662216186523438,-39.17616653442383,0.4564124643802643,-4.221109867095947,-23.761472702026367,-1.3720711469650269,-3.5266671180725098,-14.48395824432373,-1.6768219470977783,-8.062652587890625,-12.811750411987305,-3.272407293319702,-12.753167152404785,-12.324274063110352,0.06589130312204361,-10.349373817443848,-13.752826690673828,-3.9525327682495117,-8.791053771972656,-7.982558250427246
9_lucas_42.wav,0.47341015934944153,0.05229071155190468,995.7505111135899,886.4138077789695,2094.10400390625,0.044921875,-354.66107177734375,216.82928466796875,-58.81585693359375,11.8925142288208,45.69590759277344,-36.16716003417969,-11.071917533874512,14.549361228942871,-22.473281860351562,-12.73202133178711,6.812370777130127,-0.9649532437324524,-1.5990180969238281,-7.096952438354492,-5.998837471008301,1.486535906791687,-12.042998313903809,-10.769149780273438,3.8966543674468994,-8.227140426635742,-12.339700698852539,-1.6644519567489624,-9.008294105529785,-9.16613483428955,-2.2482450008392334,-11.145682334899902,-9.873170852661133,-3.3069944381713867,-10.669166564941406,-7.600353717803955
3_theo_6.wav,0.35990673303604126,0.006395918782800436,1168.1438215404864,1011.2349403746845,2332.763671875,0.0748291015625,-556.1683349609375,197.1555633544922,-66.35224151611328,32.47127151489258,52.11408615112305,-33.06787109375,-7.646291732788086,-6.362593173980713,-26.57868003845215,2.4315598011016846,-14.475787162780762,-27.22849464416504,4.988195896148682,-5.711933612823486,-10.718456268310547,13.395110130310059,-2.6995809078216553,-9.891865730285645,2.639624834060669,-14.753308296203613,-11.973465919494629,4.197445392608643,-10.809887886047363,-7.892663478851318,3.088878631591797,-12.562399864196777,-8.722155570983887,4.522317886352539,-4.27724027633667,-5.062993049621582
9_yweweler_14.wav,0.3875562250614166,0.012279666028916836,1126.9391841286333,991.11727998424,2274.98291015625,0.05615234375,-507.04339599609375,202.79116821289062,-69.96500396728516,10.542341232299805,27.01336097717285,-40.409385681152344,12.250484466552734,12.306538581848145,-32.44342041015625,5.763978481292725,8.010379791259766,-21.013988494873047,0.40835198760032654,-3.7935070991516113,-18.780967712402344,-1.8416788578033447,-9.352479934692383,-13.253087043762207,3.6198489665985107,-9.367034912109375,-13.3958740234375,2.7421984672546387,-6.127545356750488,-6.037034034729004,5.182364463806152,-6.761178493499756,-5.639684200286865,5.425690650939941,-5.222245216369629,-6.006026744842529
2_george_6.wav,0.2177458256483078,0.043372947722673416,888.4312927783609,922.3890245055068,1957.3681640625,0.03942057291666667,-406.7182312011719,164.83132934570312,-43.51350021362305,10.768139839172363,10.5032377243042,-43.13030242919922,-0.10870838165283203,-9.292439460754395,-51.443275451660156,-19.65221405029297,-19.945255279541016,-42.64418029785156,-13.682456016540527,-10.139581680297852,-24.751285552978516,-5.495375633239746,-4.51283073425293,-14.357271194458008,-5.226844787597656,-10.888888359069824,-16.519601821899414,-8.073589324951172,-10.943613052368164,-8.396960258483887,-0.04961738735437393,-7.30479621887207,-9.311006546020508,-4.637746810913086,-6.198766708374023,-1.9342771768569946
5_nicolas_16.wav,0.3644522428512573,0.03541188687086105,1131.197204083273,1023.5589755342764,2274.31640625,0.06819661458333333,-356.4295959472656,223.72869873046875,-81.42684173583984,19.35601234436035,28.691097259521484,-43.72449493408203,16.974056243896484,6.020568370819092,-35.394065856933594,11.106468200683594,1.1317325830459595,-20.53824806213379,14.118568420410156,-1.772920846939087,-15.57728099822998,12.408761024475098,-1.896414041519165,-8.767597198486328,9.963353157043457,-5.476396560668945,-5.3767218589782715,9.345111846923828,-7.2654128074646,-5.992232799530029,6.073390960693359,-5.503754615783691,-1.705843210220337,5.142978668212891,-3.9979615211486816,0.9422078728675842
8_nicolas_32.wav,0.46784478425979614,0.03818366676568985,1216.54924830971,1164.8642955010034,2702.4169921875,0.03821443256578947,-364.0845642089844,192.29681396484375,-67.7109375,34.70784378051758,39.407264709472656,-46.401092529296875,1.8550459146499634,4.36644172668457,-27.454397201538086,12.956533432006836,3.206648349761963,-17.087203979492188,15.330055236816406,0.5106063485145569,-15.285268783569336,9.026256561279297,-4.282029628753662,-9.612347602844238,10.864021301269531,-5.275051593780518,-8.586255073547363,8.854621887207031,-4.772651672363281,-6.27545166015625,6.157835960388184,-3.4476237297058105,0.050331227481365204,7.756320953369141,-2.9508368968963623,0.35709676146507263
5_lucas_8.wav,0.5488434433937073,0.04831927642226219,1289.234987688082,910.6011248877136,2272.4954539331898,0.0951306573275862,-382.4833068847656,174.20880126953125,-49.89051818847656,14.775918006896973,43.9248046875,-27.898256301879883,-7.385202884674072,13.602129936218262,-17.068979263305664,-0.8582178354263306,14.246397972106934,-4.1062912940979,0.03522635996341705,1.2190638780593872,-7.409307479858398,2.992800712585449,-0.5259424448013306,-10.81572437286377,1.4763283729553223,0.5699692368507385,-11.5676851272583,-3.7702252864837646,0.9853708744049072,-3.432312250137329,-1.9647948741912842,-5.344521522521973,-6.617171764373779,0.12037627398967743,-2.9887423515319824,-6.54622745513916
5_george_7.wav,0.28536584973335266,0.06102195009589195,1313.9108080792453,975.481050589637,2541.386081861413,0.07392153532608696,-348.2694396972656,177.5871124267578,-105.46837615966797,-0.38416770100593567,28.201614379882812,-52.70601272583008,-14.723103523254395,-20.14942741394043,-54.552734375,-6.2564473152160645,-11.993550300598145,-39.19566345214844,-0.286032497882843,-6.759420871734619,-31.256359100341797,-3.564460515975952,-4.548156261444092,-16.81122398376465,-0.7977682948112488,-10.717779159545898,-17.537227630615234,-1.3491196632385254,-9.758378028869629,-12.359704971313477,1.9430394172668457,-6.650395393371582,-10.760383605957031,-1.0076971054077148,-4.762222766876221,-5.323314189910889
8_theo_32.wav,0.18519484996795654,0.07312356680631638,1219.2873245313087,1083.9089232905335,2677.4838096217104,0.05108963815789474,-394.687255859375,112.3890151977539,-48.77980422973633,46.24079513549805,30.55488395690918,-61.811458587646484,-19.30878448486328,-3.292030096054077,-41.78759002685547,-22.33243179321289,-12.611058235168457,-16.717451095581055,2.4696755409240723,-5.945878505706787,-9.338618278503418,10.1798095703125,-2.8330864906311035,-11.611067771911621,1.5792745351791382,-7.6049394607543945,-12.509674072265625,-4.905021667480469,-10.418564796447754,-6.179854393005371,0.14262093603610992,-5.111954689025879,3.3020846843719482,5.457653045654297,-6.423832416534424,1.4400303363800049
7_nicolas_31.wav,0.3610777258872986,0.04846017807722092,1172.5492905571227,1120.63391274161,2613.2080078125,0.06825474330357142,-327.03515625,179.93223571777344,-48.81807327270508,35.17519760131836,38.45036697387695,-37.984519958496094,1.1455599069595337,-1.119854211807251,-32.01799011230469,7.043989658355713,0.6341723799705505,-22.275789260864258,8.449187278747559,4.271127700805664,-11.602507591247559,3.999232769012451,-4.834522247314453,-7.934764385223389,5.352612018585205,-11.446812629699707,-12.992753028869629,4.7824625968933105,-4.319979667663574,-4.479377269744873,4.0878520011901855,-6.634315013885498,-2.3829123973846436,5.238732814788818,-5.366827964782715,-1.0263149738311768
6_yweweler_28.wav,0.3726852238178253,0.009755815379321575,1347.1309437364207,1068.8424529366562,2683.820134943182,0.0791015625,-515.4578247070312,182.79550170898438,-64.18095397949219,38.03688049316406,46.34560775756836,-54.9807243347168,-10.44443416595459,12.888115882873535,-31.84564208984375,-11.88751220703125,-4.2841901779174805,-20.93524169921875,0.725714921951294,-1.2262253761291504,-13.13803768157959,6.009768486022949,3.7584002017974854,-4.3231000900268555,5.146110534667969,-1.978547215461731,-3.8298189640045166,1.4921513795852661,-11.759360313415527,-8.201516151428223,3.6072263717651367,-8.168455123901367,-7.1757354736328125,1.921458125114441,-7.975529670715332,-6.587474346160889
8_george_16.wav,0.2984064519405365,0.04150556027889252,1405.8128700626187,1117.6558697434798,2837.537841796875,0.0646728515625,-396.88623046875,129.7432098388672,-64.76020812988281,37.78472137451172,38.35517120361328,-57.18828582763672,-24.09494400024414,-12.034553527832031,-41.167579650878906,-12.014698028564453,-19.4627685546875,-37.90196990966797,0.3010064363479614,-4.272577285766602,-30.21832275390625,-4.7400078773498535,1.6529817581176758,-14.68235969543457,-7.658821105957031,-6.113919258117676,-6.600225925445557,-3.844870090484619,-14.9794282913208,-9.521650314331055,0.6860292553901672,-14.928596496582031,-13.406397819519043,3.0669784545898438,-4.101431369781494,-5.482193946838379
9_theo_38.wav,0.31087520718574524,0.005119070876389742,941.7150762033267,884.4747754143707,1847.6424507472825,0.04500679347826087,-575.4492797851562,230.75961303710938,-77.71986389160156,15.097432136535645,47.50028610229492,-37.474525451660156,0.4821052551269531,11.25965690612793,-24.28337287902832,8.891894340515137,6.895682334899902,-21.544679641723633,1.117942452430725,1.8837817907333374,-8.774450302124023,3.2582671642303467,-11.858046531677246,-17.039695739746094,2.15158748626709,-8.781167984008789,-12.299517631530762,2.147468090057373,-8.235264778137207,-8.134458541870117,3.95513916015625,-7.6201252937316895,-8.789817810058594,1.6566981077194214,-4.561217308044434,-4.375563144683838
8_theo_8.wav,0.3165818154811859,0.0032473639585077763,1605.5116746381973,1136.7351938260686,2927.74658203125,0.09999302455357142,-590.4283447265625,193.78085327148438,-84.90913391113281,60.20478057861328,53.05411148071289,-64.0454330444336,-1.7996101379394531,14.814980506896973,-29.13145637512207,0.5406705141067505,-6.008874416351318,-19.06910514831543,11.43809986114502,-3.502236843109131,-11.705771446228027,9.341334342956543,-8.491328239440918,-9.506471633911133,5.032958984375,-14.498032569885254,-7.778878211975098,7.883730411529541,-9.966593742370605,-4.8770880699157715,3.6224746704101562,-11.25842571258545,-2.447657823562622,3.0885508060455322,-9.043237686157227,1.6475449800491333
1_theo_41.wav,0.3726200759410858,0.00954360980540514,835.6274083899885,740.4297416983547,1385.66162109375,0.0451171875,-521.9759521484375,225.7726593017578,-39.518585205078125,-2.7086076736450195,3.8907363414764404,-50.35832977294922,1.0795221328735352,13.759607315063477,-25.16839599609375,-4.313942909240723,0.21030879020690918,-17.59946632385254,-3.314195156097412,-5.719183921813965,-7.209380149841309,9.654219627380371,-9.375715255737305,-24.24040412902832,-8.624979019165039,-14.048757553100586,-13.538795471191406,5.736172199249268,-2.1723291873931885,-9.935416221618652,-1.7033506631851196,-9.732579231262207,-12.207502365112305,-1.5102895498275757,-3.8661415576934814,-4.440822601318359
7_yweweler_45.wav,0.3641741871833801,0.006846997886896133,1010.6021679890698,979.9784358641169,2211.4599609375,0.0536865234375,-554.4563598632812,197.85623168945312,-50.21778106689453,21.697608947753906,34.312042236328125,-34.801475524902344,5.625037670135498,5.627678871154785,-32.17948532104492,6.7388410568237305,10.614561080932617,-22.15129280090332,-3.714104175567627,3.4190566539764404,-7.7851738929748535,-0.2867368459701538,-6.958291530609131,-7.165362358093262,5.748442649841309,-5.987339973449707,-8.167421340942383,2.9546141624450684,-7.133965492248535,-5.550416946411133,3.207998752593994,-9.752495765686035,-6.820979118347168,5.756743431091309,-3.5220401287078857,-4.256125450134277
5_jackson_22.wav,0.2752994894981384,0.08358988165855408,801.9771254969623,763.8893773625625,1428.7913602941176,0.04288258272058824,-308.1811828613281,214.1907958984375,-35.879974365234375,-5.642756938934326,10.112421989440918,-36.23885726928711,-15.024809837341309,-16.538543701171875,-28.531253814697266,1.8907495737075806,-1.2402582168579102,-13.409405708312988,-3.437434434890747,-15.268139839172363,-6.607046127319336,12.10673713684082,-15.98577880859375,-19.374162673950195,6.464321136474609,-10.223505020141602,-17.488842010498047,0.652981162071228,-11.985597610473633,-18.735061645507812,-3.632471799850464,-6.39905309677124,-8.296828269958496,-3.9712605476379395,-8.812253952026367,-3.8828654289245605
6_jackson_25.wav,0.5390979647636414,0.045701056718826294,1438.5584360340356,1028.1765750669356,2564.6044921875,0.12660435267857142,-378.1438293457031,114.33311462402344,-35.387237548828125,8.616960525512695,23.532546997070312,-25.67901039123535,-16.928062438964844,-6.908912181854248,-14.62360954284668,-0.909819483757019,-4.516716957092285,-12.812361717224121,0.6168439388275146,0.09615876525640488,-6.4684906005859375,-6.94141960144043,-15.39311695098877,-9.327178955078125,0.7944260835647583,-10.784831047058105,-11.379853248596191,-2.623612880706787,-9.739872932434082,-8.271738052368164,-1.8703619241714478,-8.318721771240234,-5.261137962341309,0.0854860246181488,-5.430438041687012,-1.4842414855957031
0_yweweler_47.wav,0.28268736600875854,0.013576146215200424,819.6435810985273,747.3239051193619,1494.404296875,0.0390625,-496.60345458984375,234.27464294433594,-45.00366973876953,7.827388286590576,24.753156661987305,-47.2293701171875,-6.406135082244873,12.081204414367676,-28.564016342163086,-10.021573066711426,-2.374094247817993,-21.476064682006836,-1.477489709854126,2.2141215801239014,-12.546323776245117,0.7141021490097046,2.283933162689209,-4.906833171844482,3.9551544189453125,-2.546490430831909,-11.223526000976562,-4.217382431030273,-6.653077125549316,-7.149611949920654,-1.0870304107666016,-7.500246524810791,-8.442765235900879,-2.593764066696167,-5.7635416984558105,-2.7806992530822754
8_nicolas_44.wav,0.42294225096702576,0.06491059809923172,1152.9719703611424,1111.4683702331179,2540.91796875,0.03765510110294118,-325.7067565917969,184.86846923828125,-61.121978759765625,29.395496368408203,36.08010482788086,-47.34872817993164,-5.4191999435424805,1.8002930879592896,-27.34896469116211,9.208045959472656,4.211553573608398,-17.190364837646484,9.868081092834473,2.4839377403259277,-11.372345924377441,5.260464668273926,-6.189671039581299,-9.242452621459961,7.359626293182373,-6.840986728668213,-7.158516883850098,7.795180320739746,-6.245953559875488,-4.367862701416016,8.935464859008789,-3.999346971511841,-2.0878946781158447,7.119734764099121,-4.521363735198975,-0.08636695891618729
4_theo_42.wav,0.29766330122947693,0.005391913000494242,747.3298903049346,721.9028472240136,1213.3131760817307,0.04154146634615385,-577.3361206054688,228.33126831054688,-26.538606643676758,6.121706008911133,4.576531410217285,-41.75475311279297,-0.0479566864669323,1.4132417440414429,-23.59454345703125,0.8908757567405701,-7.213180065155029,-20.40967559814453,3.4152066707611084,-5.079678535461426,-11.279024124145508,10.256128311157227,-2.1307122707366943,-12.695685386657715,-0.35875779390335083,-12.120509147644043,-14.957499504089355,0.5911691188812256,-8.147233009338379,-12.406123161315918,-1.9908568859100342,-4.4975481033325195,-2.0388498306274414,2.010085344314575,-5.623298645019531,-2.936487913131714
1_jackson_30.wav,0.21155443787574768,0.09782528132200241,592.1754310785751,663.0732806313782,838.8161399147727,0.03262606534090909,-348.0167236328125,196.5413055419922,4.761760711669922,6.731927871704102,6.259645462036133,-36.548553466796875,-11.03279972076416,3.4753530025482178,-23.30543327331543,-15.362579345703125,-5.189269542694092,-14.88745403289795,-5.386129379272461,0.2949993312358856,-8.04531192779541,-4.794107437133789,-6.6809844970703125,-14.350927352905273,-9.682605743408203,-10.528974533081055,-15.537723541259766,-9.800400733947754,-10.580674171447754,-16.588834762573242,-12.163568496704102,-8.682074546813965,-7.405502796173096,-1.3838393688201904,-2.302851915359497,-6.858048915863037
8_yweweler_35.wav,0.3236377239227295,0.01014965120702982,1362.087039630505,1151.649873666207,2811.62109375,0.06637137276785714,-524.7220458984375,198.27352905273438,-71.19142150878906,53.493717193603516,48.76102066040039,-62.490943908691406,-1.9988638162612915,11.449211120605469,-34.78441619873047,-1.3891808986663818,-8.320854187011719,-25.83310890197754,12.692797660827637,-1.7583681344985962,-20.451045989990234,10.313300132751465,0.44712385535240173,-13.23115348815918,4.791939735412598,-3.7724099159240723,-8.61118221282959,-1.2544901371002197,-13.430798530578613,-8.296500205993652,-1.5604554414749146,-15.312034606933594,-4.764901161193848,3.358535051345825,-12.298783302307129,-5.347679615020752
9_lucas_14.wav,0.4732740819454193,0.05243773013353348,1075.9763990498327,901.951410436317,2255.60302734375,0.0642333984375,-377.28369140625,217.99520874023438,-63.997314453125,17.981197357177734,48.194156646728516,-38.71086502075195,-7.92510986328125,14.204805374145508,-22.688411712646484,-2.633765459060669,12.907796859741211,-3.1182868480682373,0.22082452476024628,-4.55848503112793,-6.1321210861206055,3.268458843231201,-12.2978515625,-12.553808212280273,7.107021331787109,-5.028836250305176,-13.234321594238281,-0.9692513346672058,-7.208597660064697,-10.988960266113281,-3.8341801166534424,-7.790752410888672,-6.218201160430908,-3.912846088409424,-11.217432022094727,-5.019815444946289
3_nicolas_10.wav,0.39838463068008423,0.03648281842470169,1297.5570582714524,1070.5972062440428,2583.2666015625,0.09114583333333333,-356.39556884765625,210.44482421875,-83.14322662353516,39.48207473754883,45.57661819458008,-44.680782318115234,9.29177188873291,-1.5737364292144775,-37.84464645385742,10.962026596069336,-5.466629505157471,-28.9503116607666,11.797991752624512,-0.6495063900947571,-13.10595417022705,17.426183700561523,1.451337456703186,-10.453215599060059,7.864713191986084,-5.578794002532959,-7.3284687995910645,6.390526294708252,-5.94401216506958,-1.875830054283142,7.432716369628906,-6.720872402191162,-2.478933095932007,4.242086410522461,-5.619899272918701,0.9349859952926636
4_lucas_31.wav,0.4845297336578369,0.05281540006399155,969.5093013243037,704.6597040010865,1508.260444972826,0.07846467391304347,-393.6051330566406,207.2755584716797,-13.10281753540039,18.62352180480957,12.64681625366211,-56.728397369384766,-14.267473220825195,16.63327980041504,-16.566850662231445,-5.148459434509277,9.196435928344727,-6.6976776123046875,-4.518698692321777,-4.354987621307373,-6.860883712768555,4.09532356262207,-3.2170705795288086,-8.842562675476074,3.5081050395965576,-6.20502233505249,-15.703890800476074,-2.3225955963134766,-5.656263828277588,-12.405253410339355,-0.7075759172439575,-2.8409171104431152,-10.24541187286377,-2.4708759784698486,-2.3029885292053223,-6.358640670776367
5_theo_35.wav,0.3839363753795624,0.00444341916590929,1175.367024325496,835.4739180052661,2067.7001953125,0.07942708333333333,-551.3561401367188,244.74525451660156,-99.76824951171875,-2.796191930770874,33.792415618896484,-46.43491744995117,-0.4472164511680603,12.055766105651855,-19.961185455322266,13.443365097045898,10.237083435058594,-12.18724536895752,4.245852470397949,-8.898767471313477,-12.891386032104492,7.827776908874512,-11.411033630371094,-14.133286476135254,6.061417102813721,-12.468988418579102,-14.59247875213623,4.47022008895874,-7.460111141204834,-7.242047309875488,5.222054958343506,-5.340146541595459,-4.499643802642822,1.3193385601043701,-6.444823265075684,-0.3076036870479584
9_george_28.wav,0.36879047751426697,0.04796727001667023,1592.0038659237048,1049.0953224411785,2903.5566850142045,0.10686700994318182,-358.3641357421875,189.16172790527344,-130.23318481445312,14.289678573608398,42.43632888793945,-58.07094955444336,-4.529806137084961,-10.446268081665039,-51.974056243896484,4.809884071350098,-7.865460395812988,-41.32855224609375,1.1525146961212158,-11.310086250305176,-32.72627258300781,0.33450624346733093,-11.966594696044922,-26.360380172729492,-4.070139408111572,-14.093358993530273,-16.81989860534668,-2.9833297729492188,-16.623531341552734,-9.277958869934082,4.198869705200195,-15.582457542419434,-11.277681350708008,2.8118982315063477,-10.808472633361816,-6.7820353507995605
0_theo_13.wav,0.34472036361694336,0.0046135312877595425,991.4637171582572,958.7238858554874,2094.9539987664475,0.04160670230263158,-570.4120483398438,206.4989776611328,-55.255706787109375,15.842996597290039,41.29988479614258,-23.91624641418457,-7.943050384521484,-14.084063529968262,-28.412429809570312,6.8049116134643555,-5.971322536468506,-21.214582443237305,7.688978672027588,-2.286492109298706,-9.613836288452148,12.867453575134277,-3.372570276260376,-15.686677932739258,-2.8086366653442383,-14.082104682922363,-13.220613479614258,0.8100534081459045,-10.920071601867676,-8.319231986999512,2.5794858932495117,-11.336182594299316,-9.951896667480469,1.565205454826355,-6.547746658325195,-7.349056243896484
1_yweweler_24.wav,0.3364902138710022,0.014694636687636375,862.8648960867482,769.1988242686405,1395.81298828125,0.05517578125,-503.99444580078125,208.83285522460938,-37.33139419555664,-0.8397039771080017,-0.04843221232295036,-49.062015533447266,7.398326873779297,11.36968994140625,-33.020301818847656,0.44824376702308655,9.329201698303223,-21.135114669799805,-4.610151767730713,0.8280265927314758,-14.624333381652832,-4.064855575561523,-6.435741901397705,-14.012872695922852,-0.2904435694217682,-3.1241910457611084,-10.116373062133789,-1.3264158964157104,-4.539321422576904,-6.8175554275512695,-1.05587899684906,-7.600739479064941,-6.01132345199585,3.0712668895721436,-3.539104461669922,-4.8326592445373535
9_yweweler_13.wav,0.36349594593048096,0.008812954649329185,949.7136435545004,829.1427467754206,1738.80615234375,0.05612521701388889,-525.171142578125,219.48484802246094,-57.0118408203125,-2.8464901447296143,20.837594985961914,-32.40834045410156,7.8609490394592285,5.038097381591797,-31.14177703857422,6.438339710235596,9.591931343078613,-19.86651611328125,-2.139492988586426,-1.0864607095718384,-14.420549392700195,-3.410642623901367,-9.321431159973145,-12.226719856262207,1.6269906759262085,-7.222594261169434,-9.135269165039062,3.656968355178833,-3.1589605808258057,-3.0875205993652344,1.5520354509353638,-11.628875732421875,-7.42072057723999,3.395073890686035,-7.539770126342773,-5.993508338928223
8_nicolas_20.wav,0.5213983058929443,0.030265692621469498,1263.2760850661205,1198.097228990134,2824.2495888157896,0.038163034539473686,-385.9248962402344,201.07615661621094,-78.6402359008789,38.42993927001953,43.21738815307617,-47.44853591918945,8.998398780822754,11.098736763000488,-32.191192626953125,9.591094017028809,5.833779811859131,-18.630859375,12.446541786193848,2.018174648284912,-15.263117790222168,7.890150547027588,-2.063688278198242,-9.810484886169434,7.163601398468018,-4.524130344390869,-5.557631492614746,8.401955604553223,-4.22413969039917,-2.350520133972168,8.831695556640625,-3.386350154876709,-1.0388743877410889,6.753231525421143,-2.8547043800354004,0.8893897533416748
6_lucas_42.wav,0.5588586926460266,0.019507192075252533,1499.589095026048,1046.4141978806492,2666.6914506392045,0.13336736505681818,-423.7274475097656,180.37237548828125,-72.80872344970703,21.55126190185547,49.799415588378906,-34.691673278808594,-5.056545257568359,9.256697654724121,-21.815963745117188,5.878927707672119,8.362582206726074,-15.984222412109375,0.12504178285598755,1.2363436222076416,-5.9543681144714355,6.818527698516846,-2.439682960510254,-6.563079357147217,6.823566913604736,-4.497962474822998,-8.531993865966797,3.389268398284912,-4.278687000274658,-3.727169990539551,5.179559707641602,-4.141499042510986,-2.6990606784820557,4.879855632781982,-3.2982070446014404,-1.4814873933792114
8_jackson_8.wav,0.3327852487564087,0.04965148866176605,1108.7976919251473,1102.496127981393,2441.326904296875,0.056060791015625,-360.5768127441406,187.80270385742188,-45.60572052001953,55.70627212524414,43.68198776245117,-74.54366302490234,-34.99342346191406,1.660062551498413,-26.47265625,-15.529210090637207,-20.64596176147461,-26.522144317626953,3.25807523727417,-1.6781198978424072,-11.950098037719727,4.724854469299316,-1.1850789785385132,-7.128934860229492,-4.59499454498291,-16.37653160095215,-7.781951427459717,-0.5001527070999146,-18.820571899414062,-9.584056854248047,3.4467151165008545,-15.38244342803955,-14.254045486450195,-0.8002766966819763,-7.764278888702393,-6.772976875305176
9_jackson_27.wav,0.3437126576900482,0.05363468453288078,754.9996047292807,750.6209124089752,1365.7633463541667,0.04428891782407408,-343.93060302734375,233.77072143554688,-31.625375747680664,9.385767936706543,30.231706619262695,-31.319406509399414,-15.00839900970459,-8.556028366088867,-18.348825454711914,9.626612663269043,-5.827228546142578,-27.128761291503906,1.3569105863571167,-1.2631394863128662,-18.795202255249023,-7.263220310211182,-13.763439178466797,-16.554594039916992,1.0308988094329834,-6.570072174072266,-11.566506385803223,-2.0746653079986572,-13.14205551147461,-12.959763526916504,-1.1013132333755493,-13.916973114013672,-14.345661163330078,1.3983441591262817,-4.805017948150635,-5.622805595397949
1_jackson_14.wav,0.3175657391548157,0.06080218777060509,901.1301196980878,860.8714175304782,1586.279296875,0.045426432291666666,-403.58062744140625,170.4011688232422,-11.368620872497559,7.277401924133301,9.900531768798828,-33.80280303955078,-8.020308494567871,2.6005022525787354,-24.151954650878906,-13.419060707092285,-3.723689079284668,-14.285155296325684,-9.178915023803711,-7.662848472595215,-9.838576316833496,-1.5151317119598389,-6.241528034210205,-11.782291412353516,-3.9302263259887695,-7.401411533355713,-12.243501663208008,-6.410940170288086,-9.292742729187012,-11.888223648071289,-6.333244323730469,-8.662160873413086,-10.013508796691895,-4.221038341522217,-4.890327453613281,-5.85565710067749
1_jackson_27.wav,0.2514233887195587,0.05930733680725098,644.9621533657174,689.0949677166374,1064.35546875,0.03473772321428571,-379.73968505859375,229.12664794921875,-13.465721130371094,7.315945625305176,10.072659492492676,-48.82853317260742,-11.721475601196289,11.9845609664917,-24.777387619018555,-17.766117095947266,-2.574916124343872,-15.177597999572754,-10.289010047912598,-4.6795806884765625,-8.963343620300293,-4.572488307952881,-7.788446426391602,-10.445480346679688,-3.889925956726074,-11.179746627807617,-16.247671127319336,-7.3416361808776855,-9.815033912658691,-13.790135383605957,-7.947617530822754,-10.447957992553711,-12.264327049255371,-4.444249153137207,-3.4408092498779297,-6.316037654876709
0_nicolas_15.wav,0.28078117966651917,0.050452493131160736,875.4488830094892,1007.8060304847257,1921.1362092391305,0.04097316576086957,-347.5434875488281,202.17459106445312,-40.3371696472168,36.541812896728516,30.868911743164062,-38.06336975097656,7.502382278442383,-1.996835470199585,-34.4969367980957,3.987311363220215,-9.630549430847168,-29.446317672729492,7.818385124206543,1.6088351011276245,-11.024742126464844,10.714126586914062,-1.2763206958770752,-7.799427032470703,8.489477157592773,-4.315669059753418,-6.494454860687256,4.182499885559082,-9.473686218261719,-5.95493745803833,5.998691558837891,-4.642391204833984,-0.255005806684494,6.4453349113464355,-5.354560375213623,-1.2533149719238281
5_lucas_46.wav,0.5189328789710999,0.06507554650306702,1246.6123740880935,915.3311372918172,2264.21630859375,0.09186197916666666,-338.77490234375,191.7606658935547,-63.98955535888672,12.2741117477417,46.10231399536133,-32.82456970214844,-8.665464401245117,13.245631217956543,-17.30105972290039,1.9656331539154053,12.734816551208496,-6.684303283691406,0.9202477335929871,-0.263067364692688,-7.676947593688965,4.505506992340088,-3.2961208820343018,-10.881077766418457,4.124932289123535,-1.866249680519104,-10.909801483154297,0.7745164632797241,-0.6107971668243408,-4.940699100494385,0.4448734223842621,-5.2260942459106445,-5.354428768157959,2.3501951694488525,-4.311334609985352,-5.6115827560424805
9_jackson_37.wav,0.3733685612678528,0.07178548723459244,922.4263843556727,929.1176767384064,1962.7115885416667,0.045826099537037035,-322.4028625488281,226.19142150878906,-61.24939727783203,20.75218963623047,33.64305877685547,-39.54071807861328,9.052273750305176,3.3203556537628174,-41.455299377441406,-2.9808743000030518,0.47679364681243896,-21.256845474243164,-2.7180240154266357,-11.336240768432617,-17.65411376953125,-2.70047664642334,-18.291025161743164,-16.55116844177246,-1.226969838142395,-19.164148330688477,-14.586881637573242,0.4819341003894806,-14.732030868530273,-8.39621639251709,-1.5776680707931519,-23.119401931762695,-13.80900764465332,2.6371023654937744,-10.935406684875488,-8.248191833496094
0_theo_43.wav,0.28470203280448914,0.006503628566861153,778.4795310424483,816.1101477212594,1716.9562844669117,0.03228400735294118,-567.6211547851562,215.74513244628906,-48.865081787109375,19.120189666748047,42.128421783447266,-24.396406173706055,-2.1107594966888428,-8.873669624328613,-30.705663681030273,4.584984302520752,-7.103175640106201,-26.553869247436523,3.1674509048461914,-3.497246265411377,-13.927063941955566,8.021064758300781,-1.1115913391113281,-9.292363166809082,1.6681205034255981,-12.165424346923828,-13.681719779968262,-0.20733460783958435,-10.179346084594727,-8.002264022827148,1.8684470653533936,-10.634893417358398,-9.504980087280273,1.579302430152893,-3.732961654663086,-4.638187885284424
0_lucas_27.wav,0.4700251519680023,0.026370815932750702,1363.8565807216369,948.8302602028451,2420.000751201923,0.11234224759615384,-495.546630859375,143.35899353027344,-29.746137619018555,18.064714431762695,31.638330459594727,-22.49782371520996,-1.1521085500717163,8.98030948638916,-17.220142364501953,-3.3873534202575684,0.772763192653656,-12.53955078125,2.667165994644165,4.7833428382873535,-7.246909141540527,1.660103678703308,2.282458543777466,-4.013512134552002,1.88417387008667,-2.9286468029022217,-7.447274208068848,0.646621584892273,-3.9142186641693115,-8.072298049926758,1.8196135759353638,0.9171634316444397,-5.00928258895874,-1.6744946241378784,-1.7776416540145874,-2.6273343563079834
9_george_30.wav,0.322801798582077,0.03642282634973526,1464.8482312439623,1150.3713808858906,2843.818359375,0.07526041666666666,-353.0469665527344,181.51734924316406,-106.40161895751953,12.97789478302002,34.23738098144531,-48.9359016418457,-9.73751163482666,-21.68223762512207,-46.51213073730469,7.192576885223389,-14.841188430786133,-41.71595764160156,5.038980007171631,-8.698346138000488,-31.112735748291016,-0.6351075768470764,-11.467863082885742,-24.09560775756836,-5.464142799377441,-14.740880012512207,-14.824662208557129,-4.68377161026001,-18.198759078979492,-6.773655414581299,3.773681879043579,-18.19061851501465,-10.368967056274414,3.272595167160034,-12.042997360229492,-5.9238104820251465
9_nicolas_16.wav,0.364006906747818,0.030833041295409203,1055.935624229804,1014.3722149566798,2216.7865953947367,0.052400287828947366,-388.2163391113281,231.0595703125,-76.34616088867188,23.967519760131836,36.732574462890625,-36.9818000793457,17.002117156982422,0.30185845494270325,-41.64231872558594,13.313597679138184,9.818666458129883,-19.650352478027344,8.949620246887207,-1.2224652767181396,-13.829554557800293,11.776313781738281,0.39501214027404785,-8.050122261047363,6.39337158203125,-7.260990142822266,-7.083116054534912,4.839257717132568,-9.549115180969238,-4.845715522766113,7.391038417816162,-4.117846965789795,-0.15579181909561157,5.62412691116333,-4.219141483306885,1.7936670780181885
5_theo_44.wav,0.4073168933391571,0.00443144841119647,1228.9880925929856,869.5220805011837,2164.0869140625,0.089111328125,-560.4990234375,233.64202880859375,-93.5884017944336,-5.185230731964111,24.410297393798828,-49.24494934082031,-0.47328630089759827,8.71467399597168,-21.291345596313477,15.344948768615723,10.34907054901123,-13.660113334655762,2.992194414138794,-10.209590911865234,-11.77645492553711,11.599059104919434,-12.994807243347168,-20.881200790405273,4.147891521453857,-11.897554397583008,-16.0676326751709,7.52919864654541,-3.27938175201416,-11.00263500213623,0.2676335573196411,-5.18764066696167,-3.779355764389038,0.7421565055847168,-8.51692008972168,-3.401331901550293
5_george_39.wav,0.26049092411994934,0.06251119822263718,1299.2555050157553,1005.8423450263699,2294.05517578125,0.06497628348214286,-316.82171630859375,174.60037231445312,-101.37609100341797,-10.775247573852539,22.067434310913086,-47.47088623046875,-16.751649856567383,-14.338608741760254,-39.37354278564453,-3.4659762382507324,-9.62247371673584,-26.437328338623047,3.4262921810150146,-11.926069259643555,-30.14168930053711,-2.0929980278015137,-10.291619300842285,-22.02292823791504,0.6622463464736938,-7.483170509338379,-18.686798095703125,-4.159185886383057,-10.352770805358887,-13.501431465148926,0.14428941905498505,-6.281614780426025,-11.282541275024414,-5.535999298095703,-9.9869384765625,-6.279895782470703
3_theo_24.wav,0.3498772382736206,0.040468983352184296,1213.1514293323532,1021.8839269719679,2429.451976102941,0.07358685661764706,-399.8747863769531,158.87037658691406,-63.728904724121094,33.16419982910156,45.70677185058594,-40.41280746459961,-13.362488746643066,-10.433982849121094,-39.47053146362305,-11.58484935760498,-17.5179443359375,-30.791927337646484,-1.9208317995071411,-7.548409938812256,-13.576128005981445,7.106799602508545,-6.610605239868164,-12.718701362609863,3.3044509887695312,-10.786112785339355,-13.10664176940918,5.86387300491333,2.321795701980591,3.7114133834838867,9.985556602478027,-1.4763513803482056,-2.688631057739258,-1.1172339916229248,-5.471336364746094,5.654901027679443
7_nicolas_9.wav,0.42095428705215454,0.03084057942032814,1167.440518893997,1155.642195204955,2498.4848920036766,0.05908203125,-371.86846923828125,199.4444580078125,-58.384151458740234,39.05801773071289,36.35725402832031,-39.797767639160156,6.840778350830078,-7.295071601867676,-36.026824951171875,16.642902374267578,2.6348049640655518,-23.56705665588379,13.272690773010254,5.1668901443481445,-8.96386432647705,10.718344688415527,-5.5254340171813965,-10.414739608764648,7.806851387023926,-8.13614559173584,-9.214415550231934,5.442926406860352,-7.668880462646484,-4.41974401473999,6.855124473571777,-3.8020009994506836,1.1635886430740356,5.295242786407471,-6.819483280181885,0.9734047055244446
5_jackson_14.wav,0.3265172839164734,0.06157450005412102,835.3672349041223,744.5974936729885,1537.0907054227941,0.045697380514705885,-317.583740234375,237.15171813964844,-52.22342300415039,-3.314645767211914,19.727256774902344,-47.371543884277344,-21.44178009033203,-5.373538494110107,-21.144384384155273,4.52295446395874,2.680013656616211,-14.847757339477539,-5.981407165527344,-15.086145401000977,-13.620330810546875,3.116136074066162,-14.383228302001953,-16.13035011291504,4.081277370452881,-11.00837230682373,-16.976022720336914,1.685505747795105,-5.1025285720825195,-12.337284088134766,-4.990466117858887,-9.204629898071289,-9.26336669921875,-5.161801338195801,-8.911309242248535,-4.528267860412598
9_lucas_46.wav,0.4791780114173889,0.06594955176115036,1070.071748125126,875.2135274925613,2138.8088060461955,0.07218070652173914,-363.30804443359375,202.00112915039062,-53.57557678222656,11.60922908782959,45.459312438964844,-34.460487365722656,-14.400849342346191,14.204475402832031,-20.067956924438477,-12.139824867248535,8.880705833435059,-3.3378498554229736,-7.771892547607422,-6.716851711273193,-5.213523864746094,-1.5216275453567505,-11.961960792541504,-11.109540939331055,2.623324155807495,-6.2462158203125,-14.273414611816406,-6.4204020500183105,-8.684576034545898,-9.435792922973633,-4.1840434074401855,-8.864031791687012,-7.942422389984131,-3.6928701400756836,-9.593847274780273,-6.936028957366943
5_lucas_13.wav,0.5415824055671692,0.053445424884557724,1298.4489638828286,923.4162655153303,2347.9473407451924,0.09658578725961539,-350.5452575683594,190.92930603027344,-64.65815734863281,8.220926284790039,41.55499267578125,-38.27419662475586,-12.53286361694336,15.100503921508789,-16.46331214904785,-0.8569502234458923,12.513513565063477,-5.937878131866455,0.11413156241178513,-0.6966255903244019,-9.366278648376465,3.2438154220581055,-2.042821168899536,-11.12606143951416,4.059145450592041,-0.3005264699459076,-13.282683372497559,-2.3658745288848877,-0.6835023164749146,-7.522270202636719,-1.7437386512756348,-2.750171422958374,-5.44964075088501,-0.5107763409614563,-5.004868507385254,-7.318864822387695
2_theo_33.wav,0.2686745226383209,0.00743422145023942,1197.9544326636337,1003.6087908853668,2298.255333533654,0.07692307692307693,-545.4425659179688,193.40023803710938,-66.40226745605469,32.64065933227539,41.709716796875,-36.96531677246094,5.442937850952148,-0.9832964539527893,-33.26530456542969,-2.132174253463745,-17.56214141845703,-25.363229751586914,6.918467044830322,-14.461395263671875,-17.55049705505371,11.716355323791504,-6.6185197830200195,-5.767385005950928,11.477155685424805,-13.414300918579102,-11.317291259765625,4.403988838195801,-14.335086822509766,-8.330094337463379,3.07544207572937,-11.714849472045898,-3.055755615234375,2.670077323913574,-11.509323120117188,-1.6531583070755005
4_jackson_47.wav,0.27617713809013367,0.1342686414718628,816.1425782303915,750.7609266474178,1269.9695933948863,0.047674005681818184,-272.6104736328125,207.5298309326172,-28.080896377563477,-15.239876747131348,-0.6107023358345032,-30.903301239013672,-4.372129917144775,-8.710437774658203,-25.617467880249023,-3.3771021366119385,-14.735702514648438,-22.717031478881836,6.184089660644531,-3.2789437770843506,-14.619467735290527,7.136132717132568,-1.7866593599319458,-14.317854881286621,-2.2061500549316406,-14.343377113342285,-24.789600372314453,-9.146968841552734,-9.318614959716797,-13.32776165008545,-4.828808307647705,-6.791274547576904,-7.274301528930664,-2.0905885696411133,-6.499985218048096,-5.203159809112549
5_lucas_37.wav,0.5048819780349731,0.04913299158215523,1455.4262471803136,911.0243761946921,2439.5035282258063,0.12444871471774194,-392.310791015625,151.64646911621094,-55.01346969604492,4.940763473510742,34.181724548339844,-31.28824806213379,-13.025185585021973,8.88878059387207,-16.284460067749023,-1.5208740234375,11.802979469299316,-5.086191654205322,-1.973809003829956,0.04271614924073219,-5.321502208709717,3.7680459022521973,-2.3255176544189453,-11.171424865722656,2.7996578216552734,1.1284513473510742,-11.272475242614746,-2.1613147258758545,1.8115102052688599,-5.282704830169678,-2.0989716053009033,-1.2263237237930298,-3.7636587619781494,-0.3912414610385895,-2.498422861099243,-4.972154140472412
4_jackson_48.wav,0.3432695269584656,0.11656926572322845,752.5527067631896,683.7173625028927,1175.09765625,0.04678199404761905,-297.4901123046875,212.44894409179688,-12.76820182800293,-17.555164337158203,-7.95736026763916,-30.531368255615234,-4.5979180335998535,-6.8684539794921875,-24.370338439941406,-10.696282386779785,-15.484352111816406,-13.344148635864258,3.716140031814575,-12.658344268798828,-10.917137145996094,12.435619354248047,-6.563424110412598,-16.671520233154297,-0.33453819155693054,-16.709327697753906,-26.374679565429688,-6.731043338775635,-7.992147445678711,-12.164450645446777,-3.650970935821533,-8.2061128616333,-7.657926082611084,-1.827759027481079,-10.321898460388184,-9.088464736938477
7_nicolas_15.wav,0.298492968082428,0.04678557813167572,1001.1309689255112,1071.7091951060177,2382.731745793269,0.041879507211538464,-337.30718994140625,199.18927001953125,-52.260494232177734,38.4618034362793,40.07038879394531,-38.80239486694336,2.39443302154541,-4.383519172668457,-39.08317184448242,3.8322885036468506,0.29999494552612305,-24.47772216796875,4.620014667510986,3.5135741233825684,-8.287558555603027,4.881115913391113,-7.017192363739014,-7.738347053527832,7.15207576751709,-8.484599113464355,-9.181802749633789,3.9375648498535156,-7.062899112701416,-2.3178021907806396,6.009132385253906,-8.728860855102539,-3.1740622520446777,7.093684196472168,-3.698223352432251,-1.1282085180282593
6_lucas_25.wav,0.5704111456871033,0.03154319152235985,1495.4692945068598,1021.9874791462045,2697.7358610733695,0.12775985054347827,-368.0988464355469,175.66082763671875,-72.83891296386719,21.646997451782227,47.00748825073242,-35.28919219970703,0.4363580048084259,14.093647956848145,-23.094388961791992,4.611901760101318,12.275674819946289,-10.576055526733398,3.4558565616607666,3.3102729320526123,-2.8712031841278076,10.83416748046875,-1.187881350517273,-7.848090171813965,7.9931745529174805,-1.9368363618850708,-8.062687873840332,4.549212455749512,-1.537100076675415,-2.6974618434906006,5.277437210083008,-2.9669687747955322,-1.073753833770752,6.402247428894043,-3.078464984893799,-2.9404757022857666
0_nicolas_43.wav,0.26924705505371094,0.040529314428567886,850.809491482389,1017.7309424446282,2081.18408203125,0.03779296875,-381.4501953125,209.9295654296875,-50.9835319519043,46.35152816772461,40.12171173095703,-44.21265411376953,10.542553901672363,5.519145965576172,-28.71429443359375,13.910367012023926,-5.220717430114746,-29.949432373046875,7.429358005523682,-4.9316511154174805,-14.892034530639648,15.5913667678833,0.5034693479537964,-8.708378791809082,9.891965866088867,-3.1904056072235107,-4.046489238739014,6.013375759124756,-10.614296913146973,-6.411025047302246,3.4096176624298096,-10.045528411865234,-3.485825777053833,4.138783931732178,-4.8283185958862305,2.9706239700317383
1_lucas_9.wav,0.45077186822891235,0.0360802598297596,946.7628736478645,859.4556316528171,1861.083984375,0.06236049107142857,-442.7712097167969,179.3123321533203,-13.467000007629395,16.83650779724121,21.240890502929688,-37.32693862915039,-4.463737964630127,22.829607009887695,-15.161041259765625,-18.12352180480957,4.218023300170898,3.9270339012145996,-2.6401493549346924,-9.223808288574219,-4.507516860961914,4.970276832580566,-7.678768157958984,-12.578665733337402,2.116453170776367,-3.8896443843841553,-14.72808837890625,-4.744049072265625,-1.347105860710144,-6.636958599090576,-5.5113959312438965,-7.593634605407715,-9.286423683166504,-5.2252068519592285,-4.512059688568115,-3.54256010055542
3_jackson_26.wav,0.24815207719802856,0.06992477178573608,874.5267010218977,975.6594830108991,1887.38525390625,0.036376953125,-352.83087158203125,188.326416015625,-37.95298385620117,27.793254852294922,43.88188552856445,-29.135467529296875,-18.777664184570312,-15.380342483520508,-28.46832275390625,-1.7550499439239502,-14.196940422058105,-32.56746292114258,-4.581568717956543,-6.114256858825684,-17.1497802734375,-0.6092402935028076,-8.295936584472656,-11.55663776397705,6.660241603851318,-7.347733497619629,-15.87542724609375,2.4152650833129883,-7.616999626159668,-19.511051177978516,-7.078647613525391,-9.576658248901367,-12.85283374786377,-3.592461347579956,-7.793879508972168,-8.690592765808105
6_jackson_41.wav,0.3928159177303314,0.07495003938674927,1625.0977263361126,1115.5699411415749,2794.5791015625,0.139296875,-345.1632080078125,123.0915756225586,-49.82915496826172,21.824623107910156,33.199249267578125,-36.4316520690918,-22.384557723999023,-11.784162521362305,-19.30730628967285,2.5542006492614746,-6.819387912750244,-15.604666709899902,6.950970649719238,1.5000779628753662,-6.616037368774414,-2.414050579071045,-16.751564025878906,-10.204028129577637,1.2095158100128174,-21.106210708618164,-17.397924423217773,1.790340542793274,-14.74687385559082,-15.588199615478516,1.956693410873413,-5.874650478363037,-5.9478864669799805,3.1939241886138916,-5.691717624664307,-4.94314432144165
3_lucas_43.wav,0.5152783989906311,0.034524064511060715,1341.9227779482173,967.4342302540138,2445.4541015625,0.10343424479166667,-422.15673828125,164.39244079589844,-52.45056915283203,18.733518600463867,47.68135452270508,-29.83392333984375,-11.694059371948242,12.363584518432617,-18.179716110229492,-7.5150370597839355,3.2548024654388428,-13.586782455444336,-2.7845845222473145,3.5025711059570312,-8.6628999710083,-1.321103572845459,1.9904812574386597,-6.527483940124512,-3.212996482849121,-2.639371633529663,-4.3067779541015625,0.0381188802421093,-5.065831184387207,-7.254004001617432,0.4919506013393402,-2.7635231018066406,-6.421107769012451,-1.198488473892212,-3.5854368209838867,-5.821165561676025
5_theo_10.wav,0.3463252782821655,0.006797472480684519,1045.9713685174308,794.6061220829002,1701.123046875,0.0675048828125,-516.4959106445312,254.8557586669922,-88.152099609375,-14.030097961425781,17.98890495300293,-44.80862808227539,0.05003277584910393,-0.8078489899635315,-27.72523307800293,15.675132751464844,12.668006896972656,-8.284274101257324,2.4695727825164795,-20.640920639038086,-13.927014350891113,16.293115615844727,-15.66551685333252,-20.545543670654297,8.589560508728027,-15.60700511932373,-18.00019645690918,10.681204795837402,-6.789697647094727,-12.82055950164795,4.411762714385986,-7.120426177978516,-6.198348522186279,5.0963006019592285,-6.167566776275635,-4.211765766143799
9_lucas_10.wav,0.46861401200294495,0.05347038432955742,1064.0291039790409,952.5862380681718,2279.0937943892045,0.060258345170454544,-393.53143310546875,194.375732421875,-49.07155990600586,13.363544464111328,43.024776458740234,-32.00161361694336,-9.360486030578613,15.520119667053223,-19.644922256469727,-9.615047454833984,11.354727745056152,-1.610239863395691,-6.1531219482421875,-5.379521369934082,-3.207118272781372,0.9740827679634094,-11.014880180358887,-10.56612491607666,4.880014896392822,-4.376891613006592,-12.9323091506958,-2.0037434101104736,-4.236954212188721,-9.973129272460938,-4.89302921295166,-6.5867838859558105,-7.830506801605225,-4.513605117797852,-7.509673595428467,-6.300415515899658
3_yweweler_12.wav,0.42889171838760376,0.008245703764259815,1540.5932801733127,1116.7910676520617,2787.283145680147,0.08122702205882353,-531.02490234375,169.13768005371094,-75.49501037597656,36.093143463134766,51.377281188964844,-43.87791061401367,-4.822146892547607,5.49968147277832,-32.591331481933594,-3.2713546752929688,-6.2009711265563965,-26.034992218017578,2.5557451248168945,-4.30333948135376,-18.163270950317383,5.004366397857666,-2.582869052886963,-9.386409759521484,9.101696968078613,-2.7445826530456543,-8.869758605957031,5.161787033081055,-6.605156421661377,-10.019739151000977,1.0612765550613403,-8.798484802246094,-8.147923469543457,1.281670331954956,-7.527825832366943,-5.333179950714111
0_nicolas_35.wav,0.2781621515750885,0.03850812464952469,951.7852452356298,1158.1615034439874,2416.4291381835938,0.046234130859375,-381.1161804199219,199.62429809570312,-46.81809997558594,55.1074104309082,43.64258575439453,-37.9869384765625,11.653111457824707,-1.3863015174865723,-36.458831787109375,11.872878074645996,-1.4168449640274048,-28.320281982421875,6.72599983215332,-2.3813157081604004,-15.458242416381836,10.091510772705078,0.004484117031097412,-5.04233455657959,11.531576156616211,-3.332425355911255,-5.951136589050293,4.845274925231934,-9.380603790283203,-8.240798950195312,0.19256556034088135,-7.102404594421387,1.5630979537963867,3.518799066543579,-9.26758098602295,-0.018187522888183594
3_theo_9.wav,0.3635224997997284,0.005386464763432741,1084.0301229214326,968.6662182439569,2229.6653053977275,0.06041370738636364,-568.9375610351562,200.79751586914062,-57.497989654541016,38.130008697509766,52.4119987487793,-35.938880920410156,-9.170002937316895,-3.5751283168792725,-25.5579833984375,-3.106580972671509,-17.45048713684082,-22.882448196411133,6.320034503936768,-7.231060981750488,-6.395355224609375,16.718494415283203,-6.132595539093018,-11.864693641662598,4.060276508331299,-15.341293334960938,-13.547961235046387,4.886157989501953,-8.993782997131348,-7.5363450050354,2.9852607250213623,-9.099017143249512,-4.91080904006958,1.1355360746383667,-9.8827486038208,-3.839301109313965
8_lucas_18.wav,0.47916072607040405,0.03980494663119316,1366.2596887440961,1053.980212523001,2585.2763671875,0.0969921875,-424.58624267578125,136.88272094726562,-35.574989318847656,29.961591720581055,43.06209945678711,-31.599332809448242,-13.240774154663086,9.814970016479492,-14.754650115966797,-3.844369888305664,4.630294322967529,-9.79971694946289,-0.18342037498950958,5.995914459228516,-2.443070888519287,-0.7721531391143799,-2.585057258605957,-2.2441539764404297,3.9786956310272217,-4.49941873550415,-6.682000160217285,2.586728811264038,-5.010873317718506,-9.458544731140137,0.06696891039609909,-3.0496726036071777,-6.514031887054443,0.2336149960756302,-2.1454007625579834,-4.959403038024902
7_yweweler_47.wav,0.3405722379684448,0.008322320878505707,980.1574423996981,924.3896178228706,2136.4974975585938,0.035125732421875,-520.355712890625,211.33619689941406,-63.63721466064453,14.560039520263672,38.926116943359375,-36.07741928100586,-0.3287026882171631,2.4843857288360596,-36.6683349609375,1.4605087041854858,10.171019554138184,-20.752897262573242,-4.409483432769775,3.134161949157715,-6.346797943115234,0.7088971138000488,-7.665571212768555,-8.853523254394531,3.812704563140869,-8.61569595336914,-10.949214935302734,1.0248616933822632,-9.483797073364258,-7.480646133422852,4.8409576416015625,-7.679327487945557,-9.183084487915039,1.7567616701126099,-6.065579414367676,-6.91309118270874
2_yweweler_5.wav,0.3133675754070282,0.008492066524922848,1196.954918241482,928.6154435954816,2121.78955078125,0.07066127232142858,-528.7417602539062,189.59701538085938,-54.98524856567383,24.6408634185791,38.02401351928711,-34.55303192138672,2.9186460971832275,2.992032766342163,-33.941585540771484,-7.021642208099365,-12.774613380432129,-26.845577239990234,4.826472282409668,-4.86682653427124,-19.17603874206543,4.520623683929443,-4.309077739715576,-8.506312370300293,13.762428283691406,-2.732715129852295,-14.186094284057617,3.383287191390991,-7.348389625549316,-14.795547485351562,-0.9169531464576721,-7.096437931060791,-9.270495414733887,-0.6167751550674438,-7.767738342285156,-5.5619797706604
8_nicolas_49.wav,0.42364469170570374,0.04659305140376091,1209.160188131335,1135.1224851913162,2662.939453125,0.04847547743055555,-341.2528076171875,192.8907928466797,-66.23371124267578,36.33620834350586,42.634864807128906,-48.80143737792969,-1.517383337020874,7.714911460876465,-29.172590255737305,5.576022148132324,1.7125986814498901,-19.965181350708008,9.320002555847168,-0.3116855025291443,-16.967042922973633,5.821996688842773,-2.5123815536499023,-10.067776679992676,6.8860626220703125,-5.610081672668457,-8.502685546875,7.30886173248291,-5.663422584533691,-7.257108688354492,6.7892632484436035,-2.5137314796447754,-1.6331181526184082,7.476129531860352,-2.346545696258545,-0.9671564102172852
4_george_34.wav,0.24853867292404175,0.08555575460195541,903.9095091981696,807.293326403407,1496.5576171875,0.045973557692307696,-315.8401184082031,198.26560974121094,-63.86403274536133,-10.379902839660645,-0.5442044138908386,-64.58264923095703,-16.445344924926758,-5.39219331741333,-46.71379852294922,-22.343524932861328,-17.34136199951172,-34.53708267211914,-8.158159255981445,-7.504809856414795,-20.37056541442871,2.8833703994750977,1.1128195524215698,-16.355796813964844,-7.46406888961792,-11.65340518951416,-20.858388900756836,-9.746813774108887,-6.401617050170898,-6.59067964553833,-1.9297511577606201,-6.236391544342041,-6.189661502838135,-3.619734287261963,-7.657351016998291,-2.5415518283843994
6_jackson_32.wav,0.4087739586830139,0.048433512449264526,1398.6052106687268,1068.9237280035836,2579.0375580658783,0.12333720439189189,-378.6800842285156,116.7977066040039,-24.570388793945312,9.73651123046875,18.246950149536133,-21.777156829833984,-14.185879707336426,-14.826312065124512,-16.82359504699707,3.0624310970306396,-8.270575523376465,-14.73535442352295,5.880007266998291,0.45210132002830505,-6.186628818511963,-1.2906454801559448,-15.302338600158691,-11.573172569274902,3.7129805088043213,-11.930593490600586,-16.193065643310547,-2.2521204948425293,-9.774401664733887,-10.960329055786133,-0.007684733252972364,-5.056617736816406,-5.303373336791992,1.185343623161316,-2.604412078857422,-0.32587796449661255
8_jackson_20.wav,0.2994438707828522,0.0584118627011776,995.3592428339135,1005.278282864276,2224.49951171875,0.04945203993055555,-358.4279479980469,170.12806701660156,-20.006895065307617,39.405906677246094,25.55713653564453,-65.16061401367188,-32.19965362548828,3.2845664024353027,-20.36698341369629,-17.90015411376953,-17.39291763305664,-22.16920280456543,-5.887178421020508,-5.110706806182861,-7.661866188049316,1.298225998878479,-2.2050514221191406,-0.8056526780128479,1.1989331245422363,-10.87410831451416,-6.486361980438232,-3.4491026401519775,-19.115509033203125,-11.51433277130127,0.3031090795993805,-12.952990531921387,-12.496402740478516,-2.51606822013855,-7.673749923706055,-6.4532952308654785
8_george_30.wav,0.2688884437084198,0.050580255687236786,1592.47784007475,1165.1167032698058,2988.681927849265,0.09021714154411764,-369.4163818359375,157.66319274902344,-90.63349914550781,48.555076599121094,48.7913818359375,-65.50921630859375,-18.6873722076416,-10.999577522277832,-46.467430114746094,-7.006210803985596,-22.57242774963379,-41.4267692565918,7.337087631225586,-11.306014060974121,-39.534332275390625,3.1052286624908447,1.2090590000152588,-23.387115478515625,-2.5763492584228516,-1.0106691122055054,-12.500655174255371,-7.809018135070801,-12.486368179321289,-6.0971999168396,1.4283721446990967,-12.854425430297852,-8.230796813964844,1.4490232467651367,-10.212867736816406,-5.382836818695068
4_jackson_42.wav,0.3472748100757599,0.10832761228084564,737.4903311146119,700.5780971413064,1146.9263980263158,0.04373972039473684,-300.3373107910156,218.5459442138672,-8.24669361114502,-11.07804012298584,-6.827622413635254,-33.17958068847656,-4.9135918617248535,-6.949769020080566,-22.047487258911133,-4.763736248016357,-13.204217910766602,-13.600412368774414,6.28366231918335,-11.756816864013672,-14.143303871154785,9.998114585876465,-5.671510219573975,-14.09877872467041,0.13201232254505157,-18.945722579956055,-27.084871292114258,-6.732813358306885,-10.335674285888672,-12.162156105041504,0.5593156814575195,-6.685576438903809,-10.391514778137207,-3.2949795722961426,-9.083475112915039,-7.7784271240234375
4_nicolas_39.wav,0.37031421065330505,0.045141562819480896,828.727488165361,904.1648121452388,1529.8362038352273,0.044389204545454544,-347.31787109375,216.8942413330078,-31.637897491455078,35.29438400268555,14.266036033630371,-62.93519592285156,-9.722681999206543,-8.135944366455078,-35.64788818359375,7.3656816482543945,-0.07925260066986084,-18.921987533569336,10.999414443969727,-2.378816843032837,-13.791077613830566,11.706770896911621,-1.933896541595459,-10.125715255737305,8.941146850585938,-3.065718173980713,-7.598011493682861,3.6339714527130127,-9.033425331115723,-8.588631629943848,1.195421576499939,-7.7581400871276855,-1.8895111083984375,5.967631816864014,-2.7112948894500732,3.7833242416381836
3_theo_33.wav,0.25207778811454773,0.005399579182267189,976.8447219078321,972.6045692508336,2272.650146484375,0.03564453125,-578.4734497070312,202.53944396972656,-58.513179779052734,39.3245849609375,52.492733001708984,-42.686283111572266,-6.564228057861328,9.44907283782959,-22.45906639099121,-1.8620887994766235,-10.305830955505371,-25.965349197387695,-3.017454147338867,-12.134784698486328,-13.126452445983887,11.452408790588379,-6.019551753997803,-13.878336906433105,3.9097683429718018,-9.148327827453613,-9.613409042358398,5.4249796867370605,-9.125998497009277,-11.80443286895752,-1.7573922872543335,-9.026887893676758,-3.4109976291656494,1.8642419576644897,-8.64598274230957,-2.2016916275024414
6_theo_31.wav,0.33438199758529663,0.0019005705835297704,1948.2291678271392,1112.293000174882,3109.207286005435,0.17896569293478262,-611.3993530273438,177.93467712402344,-95.58865356445312,38.95814514160156,39.762725830078125,-50.527591705322266,8.523186683654785,4.22963809967041,-30.44098472595215,13.922028541564941,-2.8933470249176025,-19.767440795898438,20.169593811035156,2.6915714740753174,-8.307442665100098,15.88414192199707,-8.138171195983887,-11.503562927246094,9.590662956237793,-12.867083549499512,-9.744035720825195,11.711337089538574,-6.655561923980713,-7.139605522155762,3.3319802284240723,-9.236310005187988,-2.5780959129333496,3.4076786041259766,-5.9919023513793945,4.268353462219238
2_yweweler_6.wav,0.3685154318809509,0.015408573672175407,1088.8963624271148,957.0872136239435,2137.17041015625,0.05601283482142857,-477.90875244140625,199.73135375976562,-61.85481643676758,16.616832733154297,32.88279342651367,-39.79092788696289,-0.4984433352947235,-0.7206239700317383,-39.973541259765625,-8.319272994995117,-8.037002563476562,-27.281047821044922,-2.101069927215576,-6.589652061462402,-16.057241439819336,3.9791083335876465,-5.619191646575928,-8.325136184692383,10.453890800476074,-7.502774715423584,-16.44137191772461,2.6601994037628174,-6.220033168792725,-13.78579044342041,-2.3935954570770264,-8.546700477600098,-11.989500045776367,-5.113687992095947,-8.496443748474121,-4.735126495361328
2_theo_7.wav,0.28398066759109497,0.006799653638154268,1544.3530476664864,1026.2806331870042,2578.1116832386365,0.11212713068181818,-551.8543701171875,213.83973693847656,-83.2132568359375,53.155513763427734,49.94322204589844,-53.54580307006836,7.715492248535156,-1.5024819374084473,-41.84132385253906,8.10244369506836,-13.193868637084961,-33.33173751831055,15.451803207397461,-3.712369441986084,-14.783652305603027,21.672815322875977,-3.057795524597168,-13.46255874633789,11.39822006225586,-12.572498321533203,-14.890264511108398,10.05379867553711,-7.071052551269531,-9.864297866821289,1.9776278734207153,-12.37398624420166,-7.464443683624268,2.8338003158569336,-6.962775707244873,-0.5685831308364868
2_nicolas_46.wav,0.30040085315704346,0.03424064442515373,1134.571396818613,1079.9150308165902,2395.56884765625,0.06351725260416667,-369.16357421875,189.8057098388672,-58.584259033203125,43.63112258911133,40.92708206176758,-27.369054794311523,20.064130783081055,-1.2714414596557617,-37.43024826049805,6.396297931671143,-5.7994914054870605,-28.034690856933594,5.016068935394287,-4.1454386711120605,-13.750754356384277,8.961128234863281,-5.91227912902832,-9.809847831726074,8.021512031555176,-7.543184757232666,-7.479862213134766,6.454010486602783,-7.804420471191406,-3.5843236446380615,7.177588939666748,-6.498799800872803,-0.07429936528205872,9.210623741149902,-3.9982893466949463,-1.664728045463562
4_theo_16.wav,0.2821817398071289,0.00522645516321063,736.1290171443356,666.3636100258351,1199.3057914402175,0.047384510869565216,-580.7911376953125,239.43881225585938,-31.72504234313965,5.164074420928955,13.284758567810059,-39.60520553588867,0.9742600917816162,0.35940808057785034,-28.56756019592285,2.0328774452209473,-4.853273391723633,-23.313810348510742,3.5478675365448,-2.190152168273926,-12.921429634094238,6.6068525314331055,-4.149972438812256,-11.273399353027344,5.635806560516357,-7.642103672027588,-16.080581665039062,-1.5498847961425781,-8.258389472961426,-10.69722843170166,1.0073212385177612,-3.5708398818969727,-3.2554023265838623,2.9014739990234375,-4.493290424346924,-4.867558002471924
0_yweweler_31.wav,0.28556394577026367,0.013582440093159676,915.4083044817419,773.9382383975623,1653.0322265625,0.0431640625,-491.1907043457031,208.37669372558594,-46.439208984375,0.40242812037467957,26.232654571533203,-36.72265625,-7.7762675285339355,12.551729202270508,-22.462472915649414,-16.83381462097168,-9.310832977294922,-16.62679672241211,-1.136351227760315,-1.347801923751831,-10.409661293029785,0.6387467980384827,-0.9155063629150391,-5.957225322723389,1.046351671218872,-4.206240177154541,-5.97400426864624,0.16007228195667267,-7.813566207885742,-8.482101440429688,-2.0352258682250977,-10.095589637756348,-9.895450592041016,-1.7576546669006348,-5.3081254959106445,-3.2829577922821045
7_lucas_22.wav,0.4611654579639435,0.024460356682538986,1662.1787774919057,870.6713751190094,2555.1103071732955,0.14235617897727273,-488.9465637207031,96.40409851074219,-41.96567153930664,20.43112564086914,38.702579498291016,-24.32087516784668,-9.31417465209961,13.429598808288574,-13.704712867736816,-8.559089660644531,11.58376407623291,0.6404224634170532,-7.984380722045898,-1.6982594728469849,4.540043354034424,2.844351291656494,-6.564053535461426,-4.362287521362305,4.795464038848877,-0.5727999210357666,-4.986394882202148,-1.291170597076416,-4.085331439971924,-3.850874900817871,0.9841929078102112,-2.069140911102295,-3.709395408630371,-1.4016462564468384,-2.3265810012817383,-0.13029058277606964
0_jackson_26.wav,0.3316815197467804,0.09764900803565979,1055.8932512344538,897.5570781131626,1931.7767803485576,0.061767578125,-275.9413757324219,198.58274841308594,-51.038307189941406,2.7912492752075195,34.48487091064453,-28.185874938964844,-21.88578224182129,-17.5405330657959,-23.655569076538086,2.2808163166046143,-11.003504753112793,-23.81971549987793,1.8081215620040894,-7.245234489440918,-16.058544158935547,3.1282002925872803,-9.97529411315918,-15.825155258178711,3.151759147644043,-11.271425247192383,-17.17335319519043,1.810835361480713,-12.228954315185547,-21.08385467529297,-1.2877751588821411,-4.6009392738342285,-10.1820068359375,1.4807631969451904,-4.518677711486816,-9.30583381652832
1_theo_21.wav,0.29926928877830505,0.005025193095207214,762.9822124966464,842.7788265863118,1292.4815784801137,0.039617365056818184,-587.2533569335938,215.02777099609375,-33.85172653198242,21.342323303222656,23.111961364746094,-38.43938064575195,8.288263320922852,8.593594551086426,-29.01118278503418,3.3433306217193604,2.4743306636810303,-22.907432556152344,-2.3489577770233154,-4.806240081787109,-17.85050392150879,-3.8944215774536133,-10.311575889587402,-12.7206449508667,2.160173177719116,-7.59698486328125,-9.643192291259766,0.5435509085655212,-10.634066581726074,-7.14764404296875,5.072364330291748,-7.724098205566406,-7.196310043334961,3.2196054458618164,-6.986684799194336,-6.470827102661133
8_lucas_39.wav,0.5289908647537231,0.05926095321774483,1362.611279659984,1021.9122362289315,2576.232421875,0.10087890625,-403.0255126953125,151.113037109375,-45.8160514831543,27.062456130981445,46.26340866088867,-32.610069274902344,-13.846458435058594,9.595219612121582,-15.650445938110352,-5.125316619873047,1.6828372478485107,-9.489221572875977,2.6362297534942627,4.012399673461914,-4.709254741668701,1.0103123188018799,-1.4295380115509033,-1.8413716554641724,3.4719979763031006,-6.643721103668213,-5.625634670257568,4.829150199890137,-5.0951151847839355,-6.619880199432373,3.215878486633301,-5.347896099090576,-8.270703315734863,0.7177878618240356,-3.2076292037963867,-4.339479446411133
9_george_10.wav,0.28388628363609314,0.03245561569929123,1184.6843182534012,971.9269644528828,2284.0576171875,0.06531343005952381,-412.677978515625,194.10775756835938,-99.93794250488281,8.625824928283691,36.68721389770508,-47.45400619506836,-10.469161033630371,-14.488584518432617,-42.77190399169922,6.165765762329102,-9.381593704223633,-43.1324577331543,-3.019169330596924,-7.454939842224121,-33.082462310791016,-9.848987579345703,-11.237198829650879,-22.238990783691406,-9.339011192321777,-11.969197273254395,-8.333372116088867,-4.2510833740234375,-21.726552963256836,-10.629951477050781,3.224581718444824,-17.402963638305664,-13.487338066101074,0.8093346357345581,-12.478559494018555,-7.370045185089111
7_lucas_8.wav,0.4810961186885834,0.020153891295194626,1467.8118778410342,949.3452845176813,2567.98828125,0.12254464285714285,-493.2916259765625,120.03366088867188,-36.648529052734375,25.23040008544922,41.00729751586914,-20.976757049560547,-2.22391676902771,11.615274429321289,-16.432287216186523,-0.7592833638191223,13.276287078857422,-4.886796474456787,-4.020159721374512,2.8079588413238525,0.6153515577316284,1.8053539991378784,-4.534762859344482,-5.606924533843994,3.236600160598755,-2.864461898803711,-7.884337425231934,-0.374275267124176,-2.5482208728790283,-5.0374531745910645,-0.1726190745830536,-2.931290864944458,-3.9891889095306396,-0.22723151743412018,-2.382178544998169,-1.0681222677230835
3_nicolas_7.wav,0.29435354471206665,0.027101200073957443,1280.0609243776673,1132.024469510591,2756.25,0.07218852796052631,-379.2138977050781,186.6689910888672,-74.22064208984375,42.47688293457031,47.5157356262207,-36.77202606201172,12.197478294372559,1.2294580936431885,-33.223106384277344,13.21295166015625,-3.352151870727539,-27.171470642089844,11.496397018432617,-1.171696662902832,-14.983731269836426,12.209723472595215,-2.4408011436462402,-9.77816390991211,8.90397834777832,-6.671938419342041,-8.76051139831543,5.5855889320373535,-6.12561559677124,-2.1185877323150635,6.8231201171875,-5.478658676147461,0.501866340637207,4.997395038604736,-7.563785552978516,-0.6361647844314575
6_lucas_41.wav,0.5782596468925476,0.027079541236162186,1445.978340446209,1054.2225507111905,2709.7578568892045,0.12673117897727273,-379.0937805175781,174.2884979248047,-64.83517456054688,21.50054168701172,43.44617462158203,-35.526771545410156,-2.542356014251709,9.337173461914062,-24.182153701782227,5.74743127822876,11.94545841217041,-13.470239639282227,1.7417984008789062,5.075375080108643,-2.8671250343322754,7.933032512664795,-2.25083327293396,-8.566412925720215,5.446993827819824,-3.8456385135650635,-9.678348541259766,2.654890298843384,-2.9104905128479004,-5.650686264038086,1.592676043510437,-4.412310600280762,-2.671128988265991,3.723125457763672,-3.7055344581604004,-2.5141122341156006
0_nicolas_6.wav,0.3372901678085327,0.044809307903051376,927.2681659688473,1096.9121930993672,2241.6961669921875,0.04156494140625,-352.1080627441406,192.9054412841797,-41.35011291503906,43.35178756713867,38.03388977050781,-34.1842041015625,14.777148246765137,7.324656009674072,-32.082923889160156,1.8745161294937134,-11.07923412322998,-33.85478591918945,1.6754175424575806,-1.3349833488464355,-12.82034969329834,9.076149940490723,-0.9580863118171692,-6.859233856201172,9.258257865905762,-4.279864311218262,-7.29281759262085,5.967306613922119,-6.483615398406982,-7.665307521820068,1.1644787788391113,-7.782987117767334,-2.4236719608306885,4.257748126983643,-6.334293365478516,-1.6243668794631958
1_lucas_49.wav,0.5197564363479614,0.055504411458969116,898.132532836008,897.3127209637894,1897.91259765625,0.048258463541666664,-391.66583251953125,204.965087890625,-28.949363708496094,17.157405853271484,31.16051483154297,-40.31643295288086,-9.420494079589844,16.84994888305664,-20.909439086914062,-13.521809577941895,5.365164279937744,-6.355289459228516,-5.357297420501709,-4.296773910522461,-7.988889217376709,-0.651305615901947,-4.7668657302856445,-8.759628295898438,-0.042964935302734375,-6.475011825561523,-14.256999969482422,-6.541705131530762,-6.41733455657959,-8.420329093933105,-4.071270942687988,-7.809311866760254,-8.901796340942383,-2.6134495735168457,-4.61155891418457,-6.626733303070068
3_nicolas_33.wav,0.3956875503063202,0.029134660959243774,1197.8637060839799,1171.653824662284,2648.583984375,0.056640625,-382.9497985839844,197.70713806152344,-71.448974609375,42.587520599365234,41.45900344848633,-37.16804885864258,16.557111740112305,3.7504546642303467,-34.05416488647461,11.951817512512207,-2.2579405307769775,-26.38868522644043,9.274056434631348,-0.7645346522331238,-9.611250877380371,16.10540199279785,-2.627620220184326,-10.801063537597656,9.784110069274902,-3.4572410583496094,-5.880137920379639,4.983428001403809,-9.904701232910156,-6.982957363128662,2.082395076751709,-9.18433666229248,-1.5529133081436157,4.278466701507568,-7.535958290100098,-0.09532810747623444
4_yweweler_26.wav,0.4361930787563324,0.013824792578816414,734.195909022516,682.6425418303711,1096.0400390625,0.0431640625,-512.3285522460938,216.68138122558594,-7.385721206665039,6.547142505645752,-3.939279079437256,-57.19349670410156,-7.666787624359131,13.634164810180664,-22.994884490966797,-8.20119857788086,1.7036473751068115,-15.214848518371582,-0.8877244591712952,3.1109583377838135,-10.574854850769043,-0.29899340867996216,2.876323699951172,-5.088096618652344,0.3790781795978546,-3.090308666229248,-9.654751777648926,-4.283659934997559,-7.6572160720825195,-9.851419448852539,-1.8942596912384033,-3.868816375732422,-5.115489482879639,-0.09810301661491394,-5.230559349060059,-6.9298529624938965
5_theo_43.wav,0.3780953586101532,0.006248564925044775,1175.3188635887504,837.3146942663427,1954.4548483455883,0.07956112132352941,-525.8285522460938,241.49752807617188,-94.75320434570312,-7.948068141937256,22.470600128173828,-46.48582077026367,1.7925844192504883,8.297355651855469,-21.491058349609375,15.541557312011719,6.512012004852295,-19.390460968017578,1.3722748756408691,-9.874975204467773,-13.52899169921875,11.18484878540039,-10.016630172729492,-19.265792846679688,3.5050833225250244,-10.470407485961914,-13.595191955566406,6.401721954345703,-6.808871746063232,-12.51566219329834,-0.0667678639292717,-6.76365852355957,-4.204770088195801,3.0956296920776367,-6.302844524383545,-3.0586185455322266
3_lucas_18.wav,0.49223148822784424,0.03420448675751686,1289.5870616661293,1018.4269007525266,2458.7727864583335,0.08689597800925926,-423.5701599121094,148.7053680419922,-39.35374450683594,27.94229507446289,50.78324890136719,-23.37831687927246,-7.5924296379089355,15.63009262084961,-11.798078536987305,-2.8855977058410645,7.418910980224609,-7.755215644836426,-0.4730278551578522,4.151005744934082,-4.2673659324646,3.3291215896606445,4.832639217376709,-0.9492241144180298,4.216107368469238,-0.1919291466474533,-6.788720607757568,0.30869561433792114,-0.8521393537521362,-5.382630348205566,0.41041454672813416,-0.4350314438343048,-4.112124919891357,-0.46314671635627747,-1.5627882480621338,-4.049946308135986
3_lucas_34.wav,0.4625418782234192,0.038735125213861465,1145.1610558111406,1030.222926957079,2444.3898168103447,0.06603582974137931,-427.9150390625,159.6192626953125,-41.624114990234375,35.684207916259766,57.08716583251953,-26.758174896240234,-9.89445686340332,12.478644371032715,-16.9872989654541,-4.6605377197265625,4.641461372375488,-11.055482864379883,0.4148286283016205,3.01557993888855,-8.522748947143555,0.6184438467025757,0.48644518852233887,-5.745809555053711,3.1174752712249756,-1.9582809209823608,-9.998735427856445,-1.3172305822372437,-3.236496686935425,-8.072860717773438,-1.0993585586547852,-3.2756032943725586,-6.391190052032471,-0.753251314163208,-3.364684581756592,-5.4836931228637695
3_theo_42.wav,0.3396752178668976,0.012443539686501026,994.3126151673474,921.65798322474,2102.423650568182,0.05846058238636364,-499.1953125,183.84938049316406,-43.970306396484375,24.453489303588867,42.89310073852539,-30.1112117767334,-14.968222618103027,-11.32361125946045,-30.03516387939453,-7.813618183135986,-18.52031707763672,-29.7961483001709,0.5638935565948486,-1.90251886844635,-10.844586372375488,4.519421100616455,-5.203527927398682,-8.736807823181152,3.726679801940918,-10.660287857055664,-12.987422943115234,0.9992133975028992,-8.902101516723633,-9.162436485290527,-0.8268068432807922,-13.413544654846191,-11.445216178894043,0.09762711822986603,-7.132200241088867,-4.749551773071289
0_jackson_11.wav,0.2687658965587616,0.08741460740566254,710.6851293308237,734.0398347013507,1450.3011067708333,0.03562644675925926,-322.62384033203125,201.32858276367188,-7.373236656188965,9.652828216552734,17.110408782958984,-32.32341384887695,-18.585783004760742,-12.441536903381348,-24.915653228759766,-6.225220203399658,-10.072188377380371,-21.096284866333008,-2.6607778072357178,-4.539215087890625,-12.343955993652344,0.5192527770996094,-4.054955005645752,-8.019824981689453,3.0437138080596924,-7.8032989501953125,-16.1312198638916,-4.331377029418945,-9.222423553466797,-15.72610855102539,-5.819550514221191,-6.293396472930908,-10.052136421203613,-5.2357048988342285,-6.794305324554443,-8.032126426696777
0_george_21.wav,0.25436219573020935,0.05363951623439789,1228.0803161804051,1004.4254700725517,2386.9087550951085,0.06812584918478261,-350.2243957519531,155.14785766601562,-72.0184097290039,19.198801040649414,30.816808700561523,-45.9582405090332,-12.508337020874023,-15.6771821975708,-44.831390380859375,-9.353924751281738,-21.144617080688477,-40.57255935668945,-3.5687384605407715,-11.79332160949707,-28.79228973388672,-1.328897476196289,-7.355606555938721,-17.791780471801758,0.03305203095078468,-11.545854568481445,-19.750457763671875,-4.8330230712890625,-12.880926132202148,-13.936742782592773,1.1506025791168213,-3.547799587249756,-4.475049018859863,-1.2910528182983398,-10.880135536193848,-4.853056907653809
7_nicolas_40.wav,0.35090312361717224,0.05065756291151047,1108.3139799981773,1105.2069044149987,2550.3387451171875,0.058624267578125,-332.28533935546875,191.6053009033203,-52.151954650878906,38.559600830078125,38.59203338623047,-39.90534210205078,6.219852447509766,-1.3653876781463623,-36.41136169433594,8.394922256469727,-0.5389825105667114,-26.487213134765625,9.066069602966309,4.857867240905762,-13.153966903686523,6.516822814941406,0.49824434518814087,-6.6010589599609375,3.7249464988708496,-8.263586044311523,-7.435847282409668,3.7142176628112793,-7.5724663734436035,-3.715836524963379,4.612363338470459,-5.751247406005859,0.3998885750770569,5.299137592315674,-4.911096572875977,2.8613412380218506
3_jackson_10.wav,0.24094070494174957,0.08944766223430634,804.8837179545415,878.6587958222383,1743.651123046875,0.0395263671875,-331.65216064453125,182.88055419921875,-27.41603660583496,34.46505355834961,42.9119758605957,-38.02082061767578,-29.32045555114746,-15.606101989746094,-27.128311157226562,-6.815743446350098,-14.804384231567383,-32.67865753173828,-11.33779525756836,-7.725843906402588,-13.594670295715332,0.30684149265289307,-4.088232517242432,-7.579551696777344,3.665539264678955,-5.46042537689209,-9.020059585571289,1.4162589311599731,-10.043187141418457,-16.951770782470703,-6.603174686431885,-9.805931091308594,-12.197755813598633,-6.155917644500732,-8.757284164428711,-8.433588027954102
9_yweweler_15.wav,0.3387508988380432,0.006271065212786198,1011.2974864957567,854.3927438265762,1942.17529296875,0.049506293402777776,-546.2171630859375,237.4376678466797,-77.33915710449219,4.235751628875732,32.0422477722168,-41.35541534423828,4.971956729888916,7.943964004516602,-32.6326789855957,4.683503150939941,5.331369400024414,-20.422630310058594,2.9162447452545166,-2.1420838832855225,-14.836281776428223,1.246987223625183,-11.769231796264648,-15.680574417114258,3.4581873416900635,-10.455406188964844,-13.774812698364258,3.299391984939575,-6.614210605621338,-6.93694543838501,3.110428810119629,-9.137370109558105,-6.402949810028076,3.372681140899658,-7.874171733856201,-5.753043174743652
5_lucas_32.wav,0.5200663805007935,0.050982050597667694,1258.357960759134,916.2858366649392,2228.6865234375,0.10660807291666667,-357.11370849609375,184.79226684570312,-53.05170440673828,6.725335597991943,35.81605529785156,-33.32884216308594,-10.316060066223145,10.745155334472656,-18.40247344970703,-2.35225510597229,10.018892288208008,-6.646448612213135,-0.5538885593414307,-0.9459790587425232,-9.29366397857666,0.4052174985408783,-4.3712334632873535,-10.50026798248291,3.262295722961426,-1.1408286094665527,-12.051883697509766,-3.2052786350250244,-1.8329788446426392,-5.9895853996276855,-2.500924587249756,-5.529299736022949,-4.7189507484436035,1.9691003561019897,-3.683074474334717,-6.519389629364014
9_jackson_25.wav,0.3038891851902008,0.051613569259643555,697.3242463709549,795.1613433860119,1174.5383522727273,0.031560724431818184,-364.1316833496094,238.67837524414062,-32.196590423583984,20.707138061523438,22.463815689086914,-48.893516540527344,-7.205194473266602,1.7875492572784424,-32.81816482543945,-3.1308882236480713,1.3303946256637573,-22.168466567993164,-5.740220069885254,-2.521496057510376,-12.429579734802246,-6.2196431159973145,-11.142080307006836,-9.870375633239746,-3.0215163230895996,-12.672682762145996,-6.8658294677734375,-1.5550308227539062,-18.363523483276367,-11.979901313781738,-1.9865072965621948,-17.344236373901367,-12.45348834991455,0.010261822491884232,-8.699601173400879,-4.5302934646606445
5_lucas_36.wav,0.5226354598999023,0.05248837172985077,1406.7101876604866,901.1448964109143,2345.1253255208335,0.11975549768518519,-357.1283874511719,172.95448303222656,-59.91181564331055,6.315235614776611,38.11428451538086,-32.80839538574219,-10.332225799560547,11.949729919433594,-17.482589721679688,-0.949286937713623,12.940714836120605,-4.293247699737549,0.9345618486404419,0.1392183005809784,-9.23105525970459,1.691064476966858,-1.2533836364746094,-8.97059440612793,3.9743762016296387,1.722813367843628,-8.385235786437988,-0.31349313259124756,0.21231290698051453,-4.826497554779053,-0.9183724522590637,-3.705968141555786,-4.3138556480407715,2.185854196548462,-2.775646448135376,-6.123630523681641
9_jackson_18.wav,0.2974378168582916,0.06488887220621109,804.8281952205957,844.3857705751569,1523.9227294921875,0.044291178385416664,-339.8215026855469,231.18592834472656,-42.84982681274414,14.181983947753906,21.093570709228516,-48.65657424926758,-3.299563407897949,5.708293914794922,-32.79425048828125,-2.034128427505493,4.776119709014893,-23.71497344970703,-11.885688781738281,-3.137326240539551,-7.189422607421875,-5.954441547393799,-15.901387214660645,-9.35306167602539,1.898166298866272,-11.592183113098145,-7.906270503997803,-0.20015458762645721,-17.87714385986328,-13.170306205749512,0.49833202362060547,-13.438373565673828,-14.180221557617188,-3.601771116256714,-8.995685577392578,-5.903087139129639
7_george_5.wav,0.24250265955924988,0.047015540301799774,1237.5012186503652,946.2513948637107,2248.2259114583335,0.0755931712962963,-380.7241516113281,150.80252075195312,-69.90966033935547,6.470520973205566,28.16783332824707,-34.24470520019531,-18.727567672729492,-34.8391227722168,-48.01820373535156,2.594291925430298,-12.572626113891602,-41.95890808105469,-3.461050271987915,-2.1405248641967773,-22.649442672729492,-5.881473064422607,-11.119465827941895,-18.849340438842773,-3.71592116355896,-13.420804977416992,-18.461233139038086,-5.117166519165039,-13.10916805267334,-12.273528099060059,-0.5299500226974487,-11.366571426391602,-9.58916187286377,4.21636962890625,-4.03190803527832,-4.925583362579346
4_theo_22.wav,0.3195422887802124,0.03168846294283867,838.5510463688006,626.700380666728,1224.16259765625,0.0593994140625,-427.1050720214844,180.9326629638672,-13.325019836425781,-16.924896240234375,-14.46461296081543,-38.062679290771484,-9.655366897583008,-5.175393581390381,-17.530784606933594,-3.7785682678222656,-14.343589782714844,-18.660091400146484,7.569044589996338,1.9943742752075195,-8.150025367736816,6.556173801422119,-3.186192035675049,-15.330912590026855,-4.755854606628418,-10.231250762939453,-15.455099105834961,-2.75197434425354,-2.7773211002349854,-5.675954341888428,-1.1244120597839355,-6.040842533111572,-8.0508451461792,-4.456106662750244,-6.645652770996094,-3.3928375244140625
3_theo_46.wav,0.3952588737010956,0.005954609718173742,1279.3208497759094,1029.6400672200498,2427.86865234375,0.08906693892045454,-558.1773681640625,178.97499084472656,-59.905391693115234,35.930355072021484,40.44218826293945,-39.72854232788086,2.4606516361236572,1.8847720623016357,-34.04228591918945,-1.4288777112960815,-4.867160320281982,-21.692750930786133,2.171152353286743,-6.097073554992676,-10.39309310913086,9.016773223876953,-6.994591236114502,-8.53555679321289,9.130621910095215,-8.95095157623291,-12.306168556213379,1.7170519828796387,-10.163524627685547,-7.937170505523682,1.668962001800537,-10.267078399658203,-6.571815013885498,1.5415481328964233,-5.918165683746338,-1.5419100522994995
7_jackson_19.wav,0.2878572344779968,0.06643836200237274,776.313666457525,793.7420479426115,1337.6220703125,0.042759486607142856,-331.6319885253906,191.5636444091797,-14.406668663024902,6.680643081665039,21.18645668029785,-35.31953430175781,-24.99062728881836,-7.133730411529541,-25.5041561126709,-13.533458709716797,3.139432191848755,-7.194401264190674,-12.641778945922852,-7.747945308685303,0.36471933126449585,0.8654343485832214,-12.80894947052002,-12.589988708496094,-2.7513880729675293,-9.822613716125488,-10.639113426208496,-1.8301770687103271,-8.838292121887207,-11.456982612609863,-2.097074508666992,-5.8235931396484375,-12.0200777053833,-8.856025695800781,-7.6880011558532715,-4.9838385581970215
6_yweweler_13.wav,0.3384718894958496,0.005836043506860733,1552.8626993301752,1057.1545823196677,2712.5502642463234,0.11675666360294118,-591.8551025390625,148.26409912109375,-66.43407440185547,24.226179122924805,41.206111907958984,-37.80042266845703,-7.596712112426758,1.5911972522735596,-26.00974464416504,2.084446430206299,-4.841573238372803,-26.847572326660156,3.5058460235595703,3.015479803085327,-13.861356735229492,5.476977348327637,2.5844314098358154,-6.305604934692383,9.161819458007812,0.7978359460830688,-8.337684631347656,4.07156229019165,-3.440203905105591,-9.855229377746582,0.726423442363739,-4.381393909454346,-8.023874282836914,-0.49370479583740234,-3.5866146087646484,-3.3668766021728516
8_jackson_29.wav,0.2479768842458725,0.056627195328474045,1207.1766543443441,1071.0766984890047,2521.17919921875,0.06819661458333333,-371.1608581542969,162.0528564453125,-33.35291290283203,50.43396759033203,36.43416976928711,-59.04677200317383,-20.137922286987305,8.467865943908691,-17.50720977783203,-7.447622299194336,-10.760042190551758,-15.980958938598633,0.09191825985908508,-12.297792434692383,-11.952449798583984,6.550047397613525,-10.83883285522461,-12.408865928649902,5.715378761291504,-10.666189193725586,-14.310128211975098,-1.0035070180892944,-14.884153366088867,-13.949674606323242,-0.2251923382282257,-11.865097999572754,-9.548351287841797,3.738821268081665,-6.296424865722656,-6.592716217041016
6_yweweler_47.wav,0.38895803689956665,0.012288862839341164,1334.024250145476,1111.91436780014,2593.67431640625,0.06591796875,-502.6583557128906,190.12741088867188,-70.9588851928711,34.929359436035156,51.527671813964844,-49.278831481933594,-15.416837692260742,3.5818214416503906,-28.844219207763672,-8.804208755493164,-12.400762557983398,-22.72599220275879,5.022711277008057,-1.7785003185272217,-10.728431701660156,6.80703592300415,-1.5837838649749756,-1.233062744140625,9.267912864685059,-8.778238296508789,-5.380373477935791,7.354952335357666,-12.418106079101562,-11.235976219177246,2.8233635425567627,-10.146980285644531,-9.117422103881836,1.3209950923919678,-5.407048225402832,-3.1893677711486816
4_jackson_18.wav,0.26653966307640076,0.09686601161956787,696.2753831857947,560.2898310235535,1136.474609375,0.045654296875,-334.5055236816406,219.0881805419922,13.880910873413086,-28.270774841308594,-19.830724716186523,-28.492624282836914,-19.228351593017578,-12.18868637084961,-3.1692378520965576,-0.0268876813352108,-24.987329483032227,-21.468990325927734,7.493368148803711,-2.7369601726531982,-9.999349594116211,9.310386657714844,1.4208816289901733,-9.754956245422363,-0.8744072914123535,-9.470364570617676,-15.04146671295166,-2.9148383140563965,-9.566570281982422,-17.086143493652344,-7.361288070678711,-7.540701866149902,-7.5386505126953125,0.025536643341183662,-6.123231887817383,-9.331603050231934
9_theo_32.wav,0.3044919967651367,0.004499839618802071,962.8279098789205,879.3189270413868,1842.28515625,0.05107060185185185,-580.5116577148438,230.9005889892578,-78.04938507080078,10.570728302001953,41.99793243408203,-37.016395568847656,-2.1513798236846924,5.964394569396973,-21.738126754760742,11.551440238952637,5.4706244468688965,-19.060546875,0.8989788293838501,-3.2806735038757324,-7.373046875,5.424217700958252,-16.05314064025879,-16.817089080810547,5.382589340209961,-10.98923397064209,-12.930304527282715,4.256988048553467,-8.874378204345703,-6.35134220123291,8.264513969421387,-6.317224979400635,-7.930177688598633,1.7714533805847168,-6.387044906616211,-3.1143381595611572
2_yweweler_34.wav,0.3452577292919159,0.005937312729656696,944.5554919721606,805.6669288828232,1694.6630859375,0.05986328125,-566.2158203125,189.02000427246094,-32.42098617553711,16.12880516052246,27.156408309936523,-29.256990432739258,5.945872783660889,12.820003509521484,-21.716787338256836,-4.938852310180664,-7.605307579040527,-25.76924705505371,-5.880624294281006,-6.593100547790527,-14.992193222045898,3.030611515045166,-1.9858944416046143,-7.76146125793457,9.737997055053711,1.4784541130065918,-8.667359352111816,5.086579322814941,-0.814285159111023,-12.394928932189941,-4.953387260437012,-5.4745259284973145,-8.287429809570312,-3.2881767749786377,-5.7085466384887695,-5.811014652252197
8_george_10.wav,0.2607668340206146,0.05082970857620239,1336.0887080190455,1049.719736605267,2651.81396484375,0.066357421875,-381.867431640625,132.3695068359375,-65.0647964477539,34.32571029663086,39.71867752075195,-56.995689392089844,-30.663808822631836,-15.657735824584961,-40.206363677978516,-11.690523147583008,-17.598379135131836,-35.52998352050781,0.18340881168842316,-4.783944606781006,-30.8898868560791,-5.781886577606201,0.5984252691268921,-17.609336853027344,-11.314313888549805,-9.371105194091797,-9.374902725219727,-1.8724820613861084,-11.243958473205566,-11.782175064086914,-1.369318962097168,-11.180363655090332,-11.53253173828125,1.669057846069336,-4.234122276306152,-5.913403511047363
4_lucas_45.wav,0.5031198263168335,0.043807875365018845,1072.9298450037918,724.8064918560606,1695.5056895380435,0.08731742527173914,-389.5780334472656,217.28115844726562,-32.511802673339844,10.268757820129395,22.666688919067383,-50.527408599853516,-14.805198669433594,18.895111083984375,-11.34664535522461,-0.6480709314346313,11.243849754333496,-6.334925651550293,-1.8726166486740112,-0.10710102319717407,-6.932559013366699,1.8062735795974731,-2.4485809803009033,-10.318866729736328,-0.7435582280158997,-2.0509042739868164,-7.274932861328125,-2.794471502304077,-6.455440998077393,-5.145216464996338,1.5636199712753296,-7.086483955383301,-7.864560127258301,2.1792662143707275,-3.829360246658325,-6.513793468475342
1_george_33.wav,0.2968236804008484,0.04029826447367668,1267.5669128527336,1083.2960087678712,2497.8515625,0.06080386513157895,-371.06494140625,169.9369354248047,-91.20389556884766,-6.962496280670166,18.487346649169922,-39.958343505859375,-4.127020359039307,-12.711316108703613,-39.17449951171875,1.9905729293823242,-9.514028549194336,-32.68815994262695,-0.4293959140777588,-10.64528751373291,-29.986600875854492,-7.219860076904297,-12.664610862731934,-21.992385864257812,-6.664064884185791,-10.8861722946167,-12.626693725585938,-8.762713432312012,-19.144594192504883,-6.703283786773682,4.515368461608887,-13.427099227905273,-8.843437194824219,2.547564744949341,-11.533989906311035,-8.46717357635498
4_nicolas_47.wav,0.280026912689209,0.045305944979190826,875.5263328352728,863.4486000699418,1452.1453857421875,0.051483154296875,-343.89990234375,221.8751678466797,-33.91123962402344,20.77682876586914,-2.635035276412964,-71.01921081542969,-5.081791877746582,1.589306116104126,-23.567811965942383,20.051132202148438,4.747178554534912,-21.175661087036133,11.110036849975586,0.7482717037200928,-11.19997787475586,13.545469284057617,-1.5439112186431885,-12.457286834716797,2.228327512741089,-12.82104206085205,-13.401534080505371,4.147778511047363,-5.5685834884643555,-2.417067527770996,9.00843620300293,-1.9639102220535278,0.8607020378112793,5.730767726898193,-5.628471851348877,-1.0603762865066528
1_lucas_31.wav,0.4891243577003479,0.03285117819905281,1085.113474986528,884.8388619009671,1974.3896484375,0.06824311755952381,-447.63568115234375,184.25289916992188,-33.81351852416992,18.679336547851562,34.48537063598633,-36.42567825317383,-8.119264602661133,17.514028549194336,-17.501150131225586,-9.820963859558105,8.395282745361328,-0.7740668058395386,0.6541334986686707,-3.481084108352661,-10.088554382324219,0.33545607328414917,-2.543442964553833,-9.047142028808594,0.37289223074913025,-4.06072473526001,-14.361100196838379,-7.813455581665039,-3.8473870754241943,-5.11672830581665,-3.479008674621582,-6.3533453941345215,-6.981451988220215,-3.8577208518981934,-5.637416839599609,-5.349404335021973
3_lucas_19.wav,0.45443084836006165,0.04900405928492546,1336.3233990204278,962.2888470595942,2459.5224609375,0.0857421875,-401.4131164550781,142.4010009765625,-42.40377426147461,36.775970458984375,55.14616775512695,-28.994491577148438,-9.861882209777832,14.322011947631836,-17.86075782775879,-5.261819362640381,8.215746879577637,-11.247086524963379,-3.541689395904541,4.376279830932617,-6.717328071594238,-1.812119722366333,-0.2131490260362625,-6.845016002655029,0.011410241015255451,-0.21132449805736542,-6.5888671875,-1.127282738685608,-1.3053539991378784,-5.898231029510498,-2.172536611557007,-2.4921250343322754,-4.578332901000977,-2.3679027557373047,-4.4679484367370605,-4.307015419006348
9_lucas_47.wav,0.3878469467163086,0.03417237848043442,872.9647946029386,884.6500911239887,2095.3463040865386,0.03851787860576923,-417.71240234375,205.214599609375,-42.053245544433594,27.094694137573242,58.612281799316406,-25.493410110473633,-8.67167854309082,16.619434356689453,-21.563129425048828,-15.398819923400879,8.577229499816895,0.15001843869686127,-5.288759708404541,-7.241440296173096,-5.798083782196045,-1.186204195022583,-11.740086555480957,-10.87088394165039,2.569408655166626,-6.288174152374268,-12.189437866210938,-2.154566764831543,-4.924440383911133,-8.137511253356934,-4.974185466766357,-9.940725326538086,-8.711729049682617,-4.579532146453857,-9.525288581848145,-6.107088565826416
3_nicolas_22.wav,0.31057438254356384,0.02630317211151123,940.1463993432432,1119.2569170025856,2475.1220703125,0.036458333333333336,-406.8841857910156,216.284912109375,-60.77056121826172,56.20686340332031,50.436424255371094,-35.64057159423828,21.43564796447754,-0.09757264703512192,-41.14097595214844,10.177135467529297,-6.425775051116943,-29.89677619934082,8.024237632751465,-4.942429542541504,-12.697372436523438,14.870823860168457,-4.569026947021484,-11.130512237548828,9.053980827331543,-7.078062057495117,-9.410226821899414,2.8915865421295166,-9.71511459350586,-3.699782371520996,5.542325496673584,-7.50800895690918,-1.59171462059021,3.1716907024383545,-8.216452598571777,-2.0748000144958496
4_nicolas_22.wav,0.47254136204719543,0.04689371958374977,899.9092132660305,907.0343855314147,1578.5494290865386,0.051645132211538464,-332.8172607421875,229.7570037841797,-38.20408630371094,24.395549774169922,0.5866934061050415,-66.96440887451172,-1.143019199371338,3.7782084941864014,-24.73032569885254,14.955512046813965,1.8086867332458496,-20.885955810546875,10.26626205444336,1.804243564605713,-10.038041114807129,7.188324451446533,-10.566259384155273,-15.709708213806152,3.1510794162750244,-10.013469696044922,-8.813249588012695,6.979190349578857,-6.836192607879639,-5.475764751434326,6.378387451171875,-4.773012638092041,-2.40274715423584,4.352597236633301,-3.8226072788238525,2.0593676567077637
2_nicolas_42.wav,0.2701665461063385,0.04343569651246071,1053.8583618260998,1056.1057129518967,2185.6201171875,0.056565504807692304,-359.13287353515625,184.36431884765625,-49.12922668457031,41.082332611083984,33.70371627807617,-28.297077178955078,17.528034210205078,-1.7971131801605225,-36.618873596191406,3.0161631107330322,-10.395425796508789,-31.153430938720703,3.3617374897003174,-3.033639430999756,-11.501387596130371,11.274068832397461,-2.081653594970703,-7.139449119567871,9.164820671081543,-6.504509449005127,-8.073393821716309,6.1393632888793945,-5.140445232391357,-1.7408123016357422,7.3855814933776855,-6.458969593048096,-3.39701247215271,3.6880404949188232,-6.437467575073242,-0.7436850666999817
3_nicolas_29.wav,0.3221008777618408,0.040872298181056976,1367.8050252365294,1156.7820346163667,2710.87646484375,0.08433314732142858,-351.76519775390625,186.64334106445312,-78.06458282470703,46.913455963134766,55.49680709838867,-38.27648162841797,5.530601501464844,1.7457828521728516,-33.61985397338867,7.181838035583496,-5.988262176513672,-27.789932250976562,9.4907808303833,-1.071787714958191,-14.811493873596191,10.057406425476074,-4.646003723144531,-9.911905288696289,11.929204940795898,-5.174462795257568,-9.7081880569458,8.305700302124023,-5.233914375305176,-8.249300956726074,4.189145565032959,-2.0940663814544678,1.745444655418396,4.556567668914795,-7.499636650085449,-0.996062159538269
0_lucas_41.wav,0.45387500524520874,0.04549086093902588,1079.992491992345,850.2730275180546,2055.523681640625,0.0748291015625,-371.7007751464844,206.3575897216797,-50.9706916809082,11.05098819732666,47.927490234375,-21.862106323242188,-7.373870849609375,5.474645137786865,-19.792524337768555,1.5266937017440796,6.728662967681885,-13.650288581848145,0.6247437596321106,4.759323596954346,-5.759603023529053,3.7213428020477295,1.4219341278076172,-4.683102130889893,3.675663709640503,-1.8162797689437866,-3.8617241382598877,5.336573123931885,-5.4667229652404785,-10.2117280960083,3.172661066055298,-1.4167267084121704,-7.8573455810546875,-0.16415651142597198,-2.8213202953338623,-5.472711086273193
9_jackson_33.wav,0.3269757032394409,0.06444372236728668,845.9175983992106,896.4997054948587,1726.962890625,0.03575846354166667,-343.7664794921875,218.00572204589844,-48.56681442260742,17.258766174316406,35.589290618896484,-31.5638427734375,2.528338670730591,2.7133853435516357,-33.530189514160156,-5.0946149826049805,0.27870044112205505,-17.48786735534668,-6.36881685256958,-12.571867942810059,-16.54741096496582,-4.774168968200684,-12.940479278564453,-10.67492389678955,-5.059317588806152,-19.66371726989746,-12.138876914978027,-4.264529228210449,-18.28480339050293,-7.198761940002441,-0.8001886606216431,-20.386873245239258,-10.641277313232422,2.6492257118225098,-11.350361824035645,-7.822793483734131
2_george_8.wav,0.25005781650543213,0.0449160560965538,851.8750308067287,914.4819505208346,1808.250732421875,0.0350830078125,-409.16705322265625,167.8425750732422,-39.796653747558594,11.950352668762207,11.816428184509277,-43.777557373046875,-3.9310832023620605,-7.0822434425354,-42.82939910888672,-14.942973136901855,-18.022571563720703,-40.457725524902344,-16.671066284179688,-14.2037353515625,-22.953678131103516,-3.879802703857422,-5.941132068634033,-15.639544486999512,-9.132942199707031,-15.997566223144531,-17.23243522644043,-6.303409099578857,-8.629648208618164,-6.9723334312438965,-3.854900360107422,-11.662138938903809,-8.548226356506348,-5.202739238739014,-9.906197547912598,-3.102147340774536
8_jackson_40.wav,0.36615192890167236,0.07057835161685944,1372.263623868825,1185.5161468442673,2852.07275390625,0.0845947265625,-335.77410888671875,154.71170043945312,-40.102378845214844,62.199623107910156,34.42473602294922,-65.32783508300781,-7.173561096191406,7.051142692565918,-38.513648986816406,-16.304845809936523,-14.90736198425293,-23.041427612304688,4.0900187492370605,-7.0234270095825195,-16.190616607666016,4.466053009033203,-7.514143466949463,-13.466880798339844,0.8365164995193481,-8.506038665771484,-7.419058322906494,-0.1095762699842453,-13.029775619506836,-8.580106735229492,-4.302883625030518,-16.949237823486328,-6.686209678649902,-1.1953489780426025,-14.975666999816895,-6.150146961212158
6_nicolas_39.wav,0.4120679795742035,0.04257138818502426,955.4127235373319,1092.3539237499542,2553.0303955078125,0.04541015625,-367.46710205078125,223.55331420898438,-54.37730407714844,67.43189239501953,46.63393783569336,-55.41358184814453,10.15280818939209,2.4350228309631348,-51.12590408325195,-7.119523048400879,-6.192657470703125,-26.779088973999023,4.10783576965332,-3.944154977798462,-14.454357147216797,8.81270980834961,-1.424795389175415,-6.812172889709473,8.682262420654297,-2.998598575592041,-5.79843807220459,2.379279375076294,-6.285651206970215,-1.1830801963806152,1.4895769357681274,-8.545137405395508,2.466919183731079,4.464617729187012,-8.88204574584961,0.35688328742980957
9_nicolas_25.wav,0.35888704657554626,0.04144280403852463,1014.8777361385141,989.9159449023186,2088.12255859375,0.05612521701388889,-357.4381103515625,231.16099548339844,-75.80438995361328,16.333003997802734,37.63325500488281,-32.000389099121094,14.552054405212402,2.959064245223999,-36.19545364379883,12.823680877685547,8.663047790527344,-23.246768951416016,2.387234687805176,-3.6846842765808105,-14.487601280212402,10.516096115112305,-0.28893396258354187,-10.055403709411621,6.3427557945251465,-5.57606315612793,-9.24036979675293,4.525638103485107,-6.081060409545898,-6.148990631103516,4.244191646575928,-3.5234975814819336,0.613567590713501,6.061154365539551,-4.317681312561035,-0.08023963868618011
0_george_24.wav,0.2653442919254303,0.049055468291044235,1386.1831635729554,1112.9005227861103,2662.286931818182,0.07077858664772728,-366.2417297363281,150.055419921875,-77.4472427368164,26.75023078918457,33.3035774230957,-50.6669807434082,-9.54102611541748,-12.286483764648438,-45.369022369384766,-5.062121868133545,-17.332664489746094,-42.70179748535156,-3.8039956092834473,-8.902079582214355,-28.48185920715332,-2.587679862976074,-6.856785774230957,-17.13776397705078,-0.6418390274047852,-9.782773971557617,-15.00314712524414,-3.4553985595703125,-14.601229667663574,-14.209549903869629,-2.408123016357422,-11.80953598022461,-8.485283851623535,-0.7340675592422485,-12.892337799072266,-8.457314491271973
1_theo_47.wav,0.3291113078594208,0.005961362272500992,737.5425171855832,717.3677647538019,1284.814453125,0.037638346354166664,-579.0067138671875,239.68214416503906,-36.273738861083984,11.312348365783691,13.299789428710938,-50.415069580078125,0.33213362097740173,7.7801337242126465,-29.312829971313477,-2.3089792728424072,-3.2310454845428467,-21.24058723449707,-2.0343592166900635,-9.485625267028809,-11.716041564941406,10.224396705627441,-8.715814590454102,-19.8743953704834,-1.2858675718307495,-12.74200439453125,-16.143047332763672,2.4948222637176514,-5.648167133331299,-8.969680786132812,1.930909514427185,-7.333120822906494,-9.994718551635742,-1.1175061464309692,-3.752467155456543,-2.580388307571411
4_lucas_21.wav,0.5479519963264465,0.032429639250040054,1036.6891828173611,806.2466608735607,1795.7794189453125,0.07633463541666667,-435.1334533691406,178.4672393798828,-11.804194450378418,20.795530319213867,13.327967643737793,-45.86430740356445,-3.5333969593048096,17.58641242980957,-17.168006896972656,-0.7778181433677673,14.986370086669922,-3.7366325855255127,-3.1850926876068115,-2.2871992588043213,-7.006570816040039,1.1857175827026367,-3.0024945735931396,-6.272525787353516,4.019703388214111,-4.48561954498291,-12.729110717773438,-2.0664901733398438,-3.633866310119629,-7.177680969238281,0.8261972069740295,-3.634896993637085,-8.483059883117676,-1.1005229949951172,-2.6819260120391846,-6.47343111038208
0_jackson_14.wav,0.31518658995628357,0.08090364187955856,685.8693095418282,719.3285629479724,1307.9427083333333,0.039605034722222224,-328.8055114746094,198.6125946044922,-2.0244944095611572,9.429134368896484,19.13401985168457,-27.314285278320312,-21.754043579101562,-17.056812286376953,-23.60427474975586,-7.429922580718994,-14.224656105041504,-20.243730545043945,0.009797908365726471,-6.3511962890625,-14.770503997802734,1.8904756307601929,-4.082298755645752,-12.876530647277832,0.6303612589836121,-5.226804256439209,-15.709095001220703,-5.101138114929199,-5.60451078414917,-12.793377876281738,-8.226273536682129,-9.692389488220215,-12.059688568115234,-5.8878397941589355,-4.624592304229736,-5.703578948974609
1_yweweler_25.wav,0.4010358154773712,0.012559193186461926,880.5789367969168,752.6552077683341,1432.855224609375,0.054524739583333336,-517.5406494140625,218.3685302734375,-40.12519454956055,-6.065235614776611,1.5989753007888794,-45.1460075378418,9.420719146728516,14.864396095275879,-29.64813804626465,0.9914950728416443,11.24280071258545,-17.051225662231445,-3.0818262100219727,-0.41790929436683655,-14.95079517364502,-2.3591959476470947,-4.9593634605407715,-13.818954467773438,0.9661328196525574,-1.0353026390075684,-10.20913314819336,-2.0324716567993164,-3.6154792308807373,-6.164465427398682,-0.9129205346107483,-7.721591949462891,-8.398886680603027,0.3975743055343628,-3.6450958251953125,-5.062708377838135
9_yweweler_38.wav,0.3797982633113861,0.007411872502416372,968.4356191115479,920.3914485517869,2016.046142578125,0.049713134765625,-535.2796630859375,221.86444091796875,-63.10694122314453,15.272640228271484,31.923778533935547,-41.862003326416016,11.28327465057373,15.982353210449219,-35.6484375,0.3733581602573395,12.865947723388672,-16.957611083984375,-2.804661512374878,-3.593400001525879,-16.499794006347656,-1.3392810821533203,-5.801749229431152,-10.62613296508789,3.0306341648101807,-5.719189643859863,-8.076009750366211,3.309926986694336,-7.193109035491943,-7.39108943939209,2.105860710144043,-9.531702041625977,-7.9292311668396,2.8936171531677246,-6.563820838928223,-6.324541091918945
2_george_23.wav,0.23238010704517365,0.050504833459854126,1041.820976723653,975.1224689927053,2204.461669921875,0.0474853515625,-371.1796875,163.40272521972656,-53.22728729248047,13.293691635131836,10.881196022033691,-54.78523635864258,-7.4434332847595215,-6.91779899597168,-46.79841613769531,-16.406465530395508,-18.09347915649414,-39.729454040527344,-13.358597755432129,-16.51818084716797,-28.435365676879883,-3.087101936340332,-5.034809589385986,-15.263044357299805,-1.4658879041671753,-8.493335723876953,-16.09735870361328,-6.817502498626709,-11.390497207641602,-9.741230010986328,-1.690200686454773,-9.350494384765625,-6.774199485778809,-0.9412797093391418,-8.4227294921875,-3.2279934883117676
9_yweweler_36.wav,0.3258476257324219,0.007225991692394018,768.4192203952746,788.9817517825999,1336.673583984375,0.0385009765625,-551.8322143554688,217.3689422607422,-44.435523986816406,11.862288475036621,22.252391815185547,-37.72331619262695,7.76160192489624,5.798737525939941,-34.72052764892578,1.7468163967132568,6.233137607574463,-19.613656997680664,1.2615200281143188,-1.4353309869766235,-19.49028205871582,-6.667047023773193,-10.068156242370605,-13.665634155273438,-0.6731074452400208,-10.717790603637695,-14.001350402832031,-1.1436824798583984,-7.829331874847412,-7.300076484680176,-0.6375933885574341,-12.693068504333496,-8.743611335754395,3.229576587677002,-5.571424961090088,-3.3907642364501953
5_theo_28.wav,0.352533221244812,0.007917753420770168,1051.1447030495628,841.5234507423161,1893.0218864889705,0.06945082720588236,-513.6998291015625,240.97158813476562,-89.93120574951172,-7.998713970184326,22.298856735229492,-44.131736755371094,1.4745187759399414,3.8035669326782227,-21.579477310180664,17.768508911132812,8.43405532836914,-13.229789733886719,4.256422519683838,-16.591218948364258,-18.012432098388672,11.415955543518066,-13.408873558044434,-20.051259994506836,9.684328079223633,-7.670372486114502,-17.044639587402344,4.287129878997803,-4.064572334289551,-6.252854347229004,5.385847568511963,-6.858338356018066,-8.435717582702637,-1.4876677989959717,-8.711040496826172,-0.902567982673645
1_nicolas_18.wav,0.36152708530426025,0.035260703414678574,991.6392238797088,1015.5022350235688,2064.111328125,0.045933314732142856,-370.0871276855469,241.00730895996094,-67.22518157958984,24.512264251708984,25.812108993530273,-40.543514251708984,20.749420166015625,2.576678514480591,-35.2921028137207,16.75103187561035,1.1006437540054321,-25.050067901611328,10.657877922058105,-1.9455808401107788,-12.843832015991211,10.156962394714355,-9.06459903717041,-11.251058578491211,11.335290908813477,-5.837059020996094,-7.653120994567871,5.896269798278809,-8.925410270690918,-4.529860973358154,6.464748382568359,-6.0055718421936035,-1.0348007678985596,4.211489200592041,-5.62005090713501,1.9232455492019653
5_nicolas_35.wav,0.4591215252876282,0.04437039792537689,1056.9549774083664,958.4499477102463,2052.652587890625,0.0659423828125,-347.86016845703125,236.30233764648438,-71.89732360839844,21.098764419555664,22.491601943969727,-45.514041900634766,19.915889739990234,6.050196647644043,-35.88402557373047,10.055932998657227,-2.4574389457702637,-22.68138885498047,16.026941299438477,0.37063008546829224,-17.027843475341797,7.6435723304748535,-6.124295234680176,-10.335554122924805,9.443036079406738,-6.5238800048828125,-9.308419227600098,2.393711566925049,-11.548249244689941,-5.175485134124756,6.868807792663574,-6.764065742492676,-2.3569588661193848,5.458285331726074,-3.2670798301696777,1.6813023090362549
3_lucas_17.wav,0.4713534414768219,0.040793515741825104,1286.7651838830516,993.943264481969,2423.3466796875,0.0906640625,-410.69879150390625,143.94334411621094,-39.93518829345703,18.848100662231445,44.622196197509766,-19.719379425048828,-10.19264030456543,6.549493312835693,-12.677743911743164,-1.077245831489563,3.8066909313201904,-9.253116607666016,0.04236753284931183,1.8273324966430664,-4.399862766265869,3.492938280105591,-1.674137830734253,-8.487712860107422,0.9902412295341492,-2.0740549564361572,-7.707813262939453,-0.4548160135746002,-3.612730026245117,-7.958443641662598,-2.155388116836548,-4.269688606262207,-5.317070484161377,0.6750683784484863,-2.246159315109253,-4.50095272064209
0_yweweler_49.wav,0.28390324115753174,0.013052823022007942,984.5659454072353,922.1522828015951,1960.788143382353,0.042710248161764705,-500.0221862792969,200.0480499267578,-53.51974868774414,10.831840515136719,30.16715431213379,-39.48759460449219,-2.96063232421875,8.987127304077148,-29.67894172668457,-8.495282173156738,-3.207366466522217,-22.22838592529297,-0.3689064681529999,3.3861277103424072,-11.998566627502441,-1.004861831665039,-0.10925133526325226,-5.82853364944458,0.11061985045671463,-7.568609714508057,-10.24028491973877,-1.8399652242660522,-7.759318828582764,-7.442453384399414,-1.6877962350845337,-9.8036470413208,-7.3641743659973145,-0.5364372730255127,-7.5247578620910645,-4.736547470092773
8_nicolas_36.wav,0.5011652708053589,0.05002055689692497,1186.0932205662089,1088.2642629863856,2577.7510793585525,0.04638671875,-339.557373046875,206.3867950439453,-72.18855285644531,33.9431037902832,41.276939392089844,-51.83530044555664,-3.2457284927368164,4.8353657722473145,-26.808635711669922,11.664292335510254,0.9857015013694763,-19.11444854736328,14.53546142578125,-0.7122006416320801,-17.813114166259766,6.799252986907959,-5.351848602294922,-9.849352836608887,9.688779830932617,-7.425034523010254,-8.819336891174316,9.253178596496582,-5.864320278167725,-5.852609157562256,7.470703125,-4.574984550476074,-1.216091275215149,7.339695930480957,-4.019580841064453,0.37995362281799316
9_nicolas_8.wav,0.3566301465034485,0.041986189782619476,999.5400048962978,1007.510630839896,2080.107421875,0.0504150390625,-357.891845703125,226.8160858154297,-72.67539978027344,22.594783782958984,39.06332015991211,-34.36699295043945,11.219286918640137,1.0521243810653687,-33.826480865478516,15.051286697387695,4.659876823425293,-26.36651039123535,5.598149299621582,-2.2507145404815674,-16.51754379272461,9.427285194396973,-2.3074185848236084,-11.658666610717773,8.815069198608398,-3.1639914512634277,-9.403918266296387,4.20494270324707,-6.7211012840271,-6.201631546020508,5.523977756500244,-4.384344100952148,-2.062330722808838,4.991227149963379,-4.549433708190918,-0.6380473971366882
2_nicolas_8.wav,0.2590998411178589,0.04642150551080704,845.9913879925771,1117.0167352941914,1933.0943714488637,0.03475674715909091,-372.3687744140625,182.5194091796875,-33.63809585571289,50.02021789550781,36.949337005615234,-26.71363639831543,18.26508903503418,1.2714133262634277,-36.53135299682617,-0.2891816198825836,-10.990917205810547,-28.70525360107422,4.4362030029296875,-4.118293285369873,-15.672585487365723,6.857362747192383,-2.5257956981658936,-8.026080131530762,6.180397033691406,-5.366065979003906,-4.6410322189331055,7.1459550857543945,-4.810714244842529,-1.9509228467941284,6.766809463500977,-4.454800605773926,-0.5954136252403259,4.691195011138916,-6.2540178298950195,-3.0262651443481445
8_nicolas_22.wav,0.4613969922065735,0.057280197739601135,1210.183390823852,1129.237947386904,2677.7171415441176,0.04302619485294118,-335.4882507324219,192.04872131347656,-70.27809143066406,31.248226165771484,35.422935485839844,-50.17805099487305,-0.043345171958208084,5.4281182289123535,-26.696178436279297,11.617881774902344,1.6277350187301636,-19.899856567382812,11.635180473327637,-1.425451397895813,-17.554641723632812,5.791457176208496,-5.093402862548828,-9.55218505859375,9.522184371948242,-5.287067413330078,-6.221941947937012,10.527387619018555,-5.28700065612793,-6.011110782623291,8.753305435180664,-3.027571439743042,-3.160566806793213,5.624946117401123,-2.9527106285095215,1.486365556716919
8_lucas_15.wav,0.5111970901489258,0.07993105798959732,1367.6356852744834,1011.3128448175552,2566.7578125,0.09124348958333334,-324.7130126953125,188.58030700683594,-64.56584167480469,41.65419006347656,60.77413558959961,-51.140419006347656,-18.613813400268555,17.697446823120117,-19.750638961791992,-7.056220531463623,0.7262949347496033,-16.005346298217773,4.033488750457764,6.48678731918335,-9.696528434753418,0.14956443011760712,-1.1159262657165527,-6.3935956954956055,2.373181104660034,-6.407156467437744,-7.878946304321289,5.722101211547852,-5.545405387878418,-11.827155113220215,1.9506471157073975,-3.7906494140625,-10.527215957641602,-1.5357606410980225,-4.2427568435668945,-7.7523040771484375
1_nicolas_11.wav,0.36188626289367676,0.04585464298725128,1023.2320201952219,1019.3085075602828,1995.6212660845588,0.05514705882352941,-345.592041015625,223.2809295654297,-61.875030517578125,16.558002471923828,21.328628540039062,-36.38749694824219,16.19858741760254,1.015411138534546,-35.19389343261719,9.043484687805176,0.7431000471115112,-17.796463012695312,12.974056243896484,-2.618673324584961,-13.61611270904541,12.760651588439941,-3.8525376319885254,-12.6571044921875,7.736915111541748,-4.842136383056641,-8.574080467224121,5.186659336090088,-4.93733024597168,-3.2562806606292725,4.449587821960449,-6.986257553100586,-2.216012954711914,3.891145706176758,-6.264048099517822,-1.0556596517562866
6_nicolas_12.wav,0.47832635045051575,0.0321938619017601,1284.8426624774675,1138.9269650870635,2883.14208984375,0.06480189732142858,-367.32574462890625,208.0857391357422,-76.2884521484375,44.895103454589844,43.64777755737305,-55.381553649902344,4.7197489738464355,1.7777090072631836,-41.717323303222656,5.199513912200928,-4.676014423370361,-27.019094467163086,13.125658988952637,-0.2506163418292999,-15.70433521270752,15.274943351745605,2.0141122341156006,-9.867563247680664,9.287918090820312,-1.9105818271636963,-4.958098411560059,6.567242622375488,-5.748539447784424,-3.3218719959259033,4.826828956604004,-4.6296210289001465,3.0027146339416504,6.1376423835754395,-5.731862545013428,2.882986545562744
4_jackson_9.wav,0.3659159541130066,0.06844884902238846,817.3111267535772,681.0052428433265,1293.6921772203948,0.055509868421052634,-351.9439697265625,225.15928649902344,-7.0556864738464355,-18.76805305480957,-5.388218402862549,-29.28529167175293,-14.573577880859375,-14.302533149719238,-19.867578506469727,-1.3833398818969727,-11.975399017333984,-19.754364013671875,1.9246500730514526,-5.256967067718506,-14.0209321975708,2.8785221576690674,-5.849961757659912,-17.529821395874023,-4.276174068450928,-8.93989086151123,-16.696941375732422,-3.7166554927825928,-5.049483299255371,-14.314037322998047,-9.894307136535645,-8.896748542785645,-8.19642448425293,-3.6318423748016357,-7.498547077178955,-7.532966136932373
3_yweweler_37.wav,0.3463387191295624,0.010056794621050358,1217.0365186679526,987.0628149074369,2424.8779296875,0.0683865017361111,-534.484375,151.6936492919922,-51.50114822387695,28.888362884521484,52.01337432861328,-31.57357406616211,-14.63668155670166,8.409980773925781,-19.881729125976562,-11.905828475952148,-6.608606338500977,-16.60430145263672,-3.2402215003967285,-6.532079696655273,-13.909605979919434,4.1826019287109375,2.519613265991211,-6.991844177246094,4.14412784576416,2.3737478256225586,-3.79807186126709,1.2991465330123901,-6.232309341430664,-9.904862403869629,-1.631055235862732,-7.594285011291504,-10.451183319091797,-0.863957405090332,-3.4358913898468018,-7.493309020996094
0_yweweler_27.wav,0.2916457951068878,0.011169789358973503,949.7742826971978,824.1743690999026,1685.6460571289062,0.0465087890625,-504.7132263183594,203.09286499023438,-44.23249816894531,8.590300559997559,27.225107192993164,-39.4720573425293,-4.473970890045166,12.98832893371582,-25.981807708740234,-11.938915252685547,-3.800662040710449,-20.50342559814453,-2.4994218349456787,1.2758857011795044,-14.505924224853516,-2.32122802734375,4.563976764678955,-1.6322141885757446,2.066067695617676,-2.7426695823669434,-7.592982769012451,-2.841691493988037,-6.94896125793457,-5.656239032745361,1.7078713178634644,-5.631934642791748,-9.222325325012207,-5.594919204711914,-10.347518920898438,-7.854930877685547
3_yweweler_5.wav,0.3393896520137787,0.008213979192078114,956.0721024037266,998.5979323630074,2210.2294921875,0.03693498883928571,-544.5977172851562,194.74742126464844,-39.010902404785156,33.08205795288086,42.52614974975586,-34.43531799316406,1.423533320426941,9.847193717956543,-31.611391067504883,-13.334504127502441,-11.713164329528809,-26.430639266967773,-1.6080597639083862,-3.3194382190704346,-15.976788520812988,1.7980194091796875,-1.6350914239883423,-7.378443241119385,8.406460762023926,1.218792200088501,-7.998007774353027,-1.0014493465423584,-7.132336139678955,-7.3901824951171875,-1.1304047107696533,-9.809065818786621,-7.116660118103027,-0.7363066673278809,-10.294668197631836,-5.196150779724121
1_yweweler_13.wav,0.41813015937805176,0.007454623468220234,889.749719067009,802.9764713478467,1686.767578125,0.05413411458333333,-558.3593139648438,234.68409729003906,-45.87183380126953,13.099139213562012,18.419694900512695,-48.07352828979492,9.597613334655762,15.226046562194824,-32.67112731933594,3.071671724319458,13.233485221862793,-16.310285568237305,-2.6387555599212646,-1.0323466062545776,-10.1001558303833,-1.4659076929092407,-13.711462020874023,-11.990666389465332,8.42176342010498,-5.851145267486572,-11.357009887695312,3.704803228378296,-8.090206146240234,-10.12590503692627,4.4644575119018555,-5.366327285766602,-7.888106346130371,3.4331674575805664,-4.119290828704834,-7.343739032745361
9_theo_13.wav,0.3087165951728821,0.00356916687451303,1036.2190378766225,975.4590297062218,2077.44140625,0.04920014880952381,-595.0460205078125,215.02780151367188,-71.36620330810547,18.87117576599121,41.59125518798828,-38.26210021972656,-3.3217482566833496,5.896777153015137,-19.236726760864258,13.700201034545898,6.3468804359436035,-18.384830474853516,2.699303150177002,-0.6835695505142212,-9.54056453704834,-1.057096004486084,-17.722000122070312,-14.715785026550293,3.8833189010620117,-13.553317070007324,-13.850177764892578,4.138024806976318,-6.742534637451172,-6.624022483825684,2.2132835388183594,-9.778059005737305,-5.242744445800781,6.263115406036377,-2.114117383956909,-3.031956911087036
4_theo_34.wav,0.3291747570037842,0.00617535226047039,752.543992562309,657.4004138070217,1155.1930147058824,0.04788028492647059,-572.13671875,241.34188842773438,-32.46049118041992,-2.4724655151367188,7.2742533683776855,-34.26316833496094,4.291538238525391,-0.5435035228729248,-25.873289108276367,6.035373210906982,-2.267793655395508,-21.47956085205078,3.7760233879089355,-2.5607855319976807,-11.896130561828613,10.192680358886719,-0.10956360399723053,-12.940215110778809,-0.33978304266929626,-10.469489097595215,-16.295101165771484,-0.3676411211490631,-2.3456521034240723,-4.374719619750977,1.5571177005767822,-7.0281500816345215,-8.749469757080078,-2.2922420501708984,-4.710569381713867,-1.8561179637908936
1_jackson_29.wav,0.24631176888942719,0.05996669456362724,636.3366808527887,703.0347621066318,970.5322265625,0.03466796875,-377.8551330566406,204.3959197998047,6.839886665344238,13.7275390625,5.361682891845703,-47.46802520751953,-14.296259880065918,10.763944625854492,-20.577835083007812,-19.131845474243164,-4.307495594024658,-10.907620429992676,-8.543914794921875,-5.7234978675842285,-7.647925853729248,-3.1141254901885986,-6.494240760803223,-9.306770324707031,-4.622597694396973,-10.971870422363281,-12.92548942565918,-2.9345929622650146,-6.580236434936523,-13.631325721740723,-10.234325408935547,-11.467259407043457,-10.131965637207031,-0.9397130608558655,-1.168257713317871,-4.79460334777832
4_theo_43.wav,0.3634713888168335,0.003932627849280834,1031.5679139382833,782.2169285568707,1685.2898092830883,0.07576976102941177,-597.8782958984375,227.0485076904297,-57.16948318481445,5.35117769241333,13.328261375427246,-45.388885498046875,6.5570220947265625,9.063209533691406,-24.045969009399414,7.284252643585205,-1.923711895942688,-21.392305374145508,6.45831823348999,-1.9808545112609863,-10.491395950317383,13.187068939208984,-1.2530912160873413,-14.453279495239258,-2.0682997703552246,-14.408860206604004,-14.883182525634766,2.9904227256774902,-4.955937385559082,-7.114605903625488,1.1750136613845825,-4.842339515686035,-1.6704641580581665,0.580956757068634,-7.657296657562256,0.07119780778884888
3_nicolas_35.wav,0.3863672614097595,0.029778216034173965,1316.3003034636904,1169.3343717713271,2835.7572115384614,0.0674579326923077,-376.9540710449219,201.15054321289062,-83.51176452636719,38.62342071533203,46.683345794677734,-40.64066696166992,16.888851165771484,6.112427711486816,-34.430694580078125,14.378508567810059,0.28286948800086975,-23.218852996826172,14.112445831298828,-0.2861080765724182,-9.362645149230957,18.652851104736328,-3.4836983680725098,-10.331235885620117,13.821562767028809,-3.2772648334503174,-7.0695390701293945,7.275406360626221,-6.979243755340576,-4.6708879470825195,2.421750545501709,-11.687491416931152,-3.664280414581299,2.539093494415283,-9.181641578674316,0.1910911649465561
4_lucas_35.wav,0.5076344013214111,0.03902370482683182,1120.3384979091877,843.6947516144081,1817.071063701923,0.087890625,-416.81451416015625,184.24058532714844,-28.2755126953125,17.744672775268555,18.895458221435547,-48.85771179199219,-5.654557228088379,20.528581619262695,-16.955915451049805,-2.0459671020507812,14.311145782470703,-6.319521427154541,-5.4684624671936035,-0.8400325179100037,-3.557368755340576,2.8995420932769775,-3.7418463230133057,-7.434726238250732,3.34944748878479,-3.7187376022338867,-9.67173957824707,-0.5100653767585754,-5.431441783905029,-7.075408935546875,3.971493721008301,-1.531769037246704,-6.984589099884033,0.6676056385040283,-2.0321390628814697,-4.89216947555542
0_theo_39.wav,0.2813664674758911,0.009709825739264488,838.1518403094612,890.2705437423874,1819.5556640625,0.033228824013157895,-531.1613159179688,201.21604919433594,-45.14035415649414,14.949556350708008,35.68181228637695,-27.71068000793457,-7.152873992919922,-10.008173942565918,-32.43030548095703,-3.860818862915039,-11.450216293334961,-26.303606033325195,0.3507545292377472,-4.79843282699585,-13.6055326461792,4.931237697601318,-4.130031108856201,-10.177515029907227,1.4954557418823242,-11.888460159301758,-15.751167297363281,-5.270970821380615,-15.770212173461914,-12.890941619873047,0.794623613357544,-7.397569179534912,-8.260703086853027,-2.521111249923706,-8.072176933288574,-1.3549435138702393
9_yweweler_23.wav,0.3753852844238281,0.00817929394543171,980.4162114583577,896.009202912063,1876.9775390625,0.055919828869047616,-539.97607421875,227.9781494140625,-70.9356460571289,12.477514266967773,28.91818618774414,-44.881046295166016,11.420003890991211,11.571565628051758,-37.46886444091797,4.425292491912842,9.778151512145996,-21.216262817382812,0.006741529330611229,-4.066009998321533,-18.99823760986328,0.24192315340042114,-6.3327107429504395,-12.109370231628418,3.77595853805542,-7.304025650024414,-10.078237533569336,3.1265690326690674,-7.998820781707764,-6.767106056213379,3.51434063911438,-9.886710166931152,-7.088583946228027,4.3586106300354,-6.305621147155762,-5.0655927658081055
6_theo_20.wav,0.36652621626853943,0.0025695431977510452,1824.445229073039,1110.9882682887712,3066.0888671875,0.1697319878472222,-606.172119140625,175.84860229492188,-83.52162170410156,44.92439270019531,42.241859436035156,-47.60987854003906,12.758277893066406,4.634689807891846,-32.60431671142578,14.461641311645508,-3.501476764678955,-23.365205764770508,17.244529724121094,-0.4709731638431549,-12.098804473876953,14.064785957336426,-7.326666831970215,-8.212650299072266,14.568531036376953,-8.635740280151367,-9.636360168457031,6.215860843658447,-11.412405967712402,-5.658389091491699,5.101810932159424,-10.578703880310059,-2.3362133502960205,4.383645534515381,-7.832832336425781,1.2596787214279175
4_george_29.wav,0.28999635577201843,0.08230926841497421,1116.7044654595638,963.9093060524219,2286.319508272059,0.05402688419117647,-307.33270263671875,186.78721618652344,-80.47747802734375,-4.43912410736084,12.510759353637695,-57.410762786865234,-11.753654479980469,-8.301369667053223,-52.73246383666992,-17.718338012695312,-9.424150466918945,-35.50147247314453,-10.952173233032227,-7.428577423095703,-23.723901748657227,-3.367784023284912,-2.623206615447998,-19.58995819091797,-13.0961332321167,-15.302536964416504,-19.24118995666504,-7.322267532348633,-7.492580413818359,-9.600299835205078,-5.180220603942871,-9.480917930603027,-6.3585381507873535,-0.09629034996032715,-6.559423446655273,-5.376318454742432
5_lucas_49.wav,0.5710342526435852,0.05100221186876297,1166.0302358783968,871.7124503559727,2058.1435546875,0.09154296875,-368.06292724609375,210.5699462890625,-59.777435302734375,6.072233200073242,40.708030700683594,-36.542869567871094,-12.239910125732422,12.401872634887695,-19.354829788208008,-3.956179141998291,8.200181007385254,-9.485260963439941,-2.807727336883545,-2.7461740970611572,-7.859902858734131,4.683295726776123,-5.695711612701416,-16.267724990844727,1.6111080646514893,-1.1648328304290771,-14.589432716369629,-4.686628341674805,-1.4375720024108887,-6.007354259490967,-2.7411599159240723,-5.765798568725586,-5.604608058929443,0.3296962380409241,-4.594913482666016,-5.371273994445801
3_yweweler_31.wav,0.3246797025203705,0.013044880703091621,1101.5709245189398,1040.4730877855177,2417.10205078125,0.03994140625,-499.31549072265625,194.4525604248047,-59.01080322265625,36.33549118041992,57.72791290283203,-46.77299499511719,-16.868440628051758,14.749326705932617,-27.675548553466797,-18.822433471679688,-7.5560102462768555,-21.733613967895508,-5.472189903259277,-5.39443302154541,-16.772415161132812,3.648078441619873,5.329553127288818,-7.9715681076049805,3.3184218406677246,4.0554890632629395,-6.7902512550354,-5.587449073791504,-9.726542472839355,-10.670839309692383,-3.734994888305664,-9.431982040405273,-10.104497909545898,-0.9346438646316528,-4.698903560638428,-7.191992282867432
8_george_9.wav,0.2798863649368286,0.05334438011050224,1429.4148166919879,1122.5045714072228,2846.484375,0.07217261904761904,-362.36639404296875,135.73504638671875,-67.6009750366211,29.3657283782959,30.870309829711914,-53.535430908203125,-18.5661678314209,-17.990978240966797,-44.88823318481445,-7.763924598693848,-21.77882194519043,-41.75467300415039,4.580037593841553,-0.8430959582328796,-29.27268409729004,-1.8773131370544434,0.9186175465583801,-19.717086791992188,-12.28803539276123,-10.406298637390137,-9.632452964782715,-4.514412879943848,-15.793007850646973,-12.095221519470215,-1.873504638671875,-14.410420417785645,-12.338258743286133,0.2927760183811188,-5.573527812957764,-3.0581469535827637
0_nicolas_24.wav,0.3096560835838318,0.04350784793496132,904.5582115564746,1033.031771560212,2123.2871607730262,0.04615542763157895,-369.4366149902344,209.8455810546875,-53.04645538330078,42.648983001708984,40.61186981201172,-38.56829071044922,11.40221881866455,-0.22125835716724396,-35.21044158935547,10.161540985107422,-7.705435276031494,-34.71535110473633,5.923080921173096,0.48971542716026306,-12.864782333374023,12.314142227172852,2.0342977046966553,-5.167547702789307,8.214123725891113,-5.620903491973877,-4.059962749481201,5.874016284942627,-11.1360445022583,-6.5718255043029785,3.7582778930664062,-8.859808921813965,-2.1927008628845215,4.046748161315918,-7.169626235961914,0.2734163701534271
2_jackson_40.wav,0.33541467785835266,0.08196032792329788,1070.531936303072,916.6220874933421,2034.4390869140625,0.07271321614583333,-324.7566833496094,162.4678497314453,-46.51906967163086,31.62640953063965,46.955867767333984,-23.463035583496094,-7.638980865478516,-13.857457160949707,-37.633514404296875,-9.918705940246582,-17.43870735168457,-30.48604393005371,-4.696773529052734,-15.307083129882812,-24.015172958374023,2.636455774307251,-4.903012275695801,-11.427786827087402,9.767760276794434,-3.0574283599853516,-17.772750854492188,-3.675086736679077,-7.900808811187744,-14.863879203796387,-6.22791862487793,-8.601600646972656,-7.220160007476807,-0.8539605736732483,-9.681229591369629,-10.57421588897705
1_jackson_24.wav,0.2687707841396332,0.06899937987327576,659.337459802054,720.138783307649,996.1669921875,0.032482328869047616,-357.1039123535156,219.1542205810547,-15.576857566833496,6.984536170959473,7.606789588928223,-45.20491409301758,-5.6576924324035645,6.3584065437316895,-32.35639953613281,-15.166200637817383,-0.7570250630378723,-15.8406982421875,-6.8489861488342285,-6.084763526916504,-16.377485275268555,-6.176900863647461,-5.847858428955078,-12.897103309631348,-6.6900200843811035,-9.894762992858887,-14.431797981262207,-8.149494171142578,-10.649236679077148,-12.549407958984375,-7.390216827392578,-9.596648216247559,-7.256162166595459,0.319056898355484,-2.7748310565948486,-5.792336463928223
2_jackson_23.wav,0.24122662842273712,0.051403697580099106,826.9049938376626,814.6806267770248,1297.8648792613637,0.05153586647727273,-381.7735595703125,174.3271942138672,-7.242373943328857,24.801435470581055,28.349706649780273,-31.0427188873291,-22.969154357910156,-7.178471088409424,-15.087926864624023,-12.03084659576416,-22.44334602355957,-21.89487648010254,-3.328701972961426,-11.760306358337402,-12.858359336853027,1.6960660219192505,-11.558444023132324,-12.645599365234375,5.372058391571045,-6.779723644256592,-12.337732315063477,3.194162607192993,-5.408210277557373,-13.634561538696289,-6.295590400695801,-12.490965843200684,-12.776226043701172,-4.606991767883301,-10.481698036193848,-6.215487957000732
7_yweweler_7.wav,0.4015599191188812,0.007391707971692085,1068.6702420462063,920.5820075710537,2040.9439086914062,0.0650634765625,-547.779296875,186.76687622070312,-50.17896270751953,12.487913131713867,30.575313568115234,-30.440357208251953,1.641876459121704,0.14618945121765137,-33.12525177001953,3.288339614868164,10.414583206176758,-17.178173065185547,-3.4079606533050537,2.8205552101135254,-1.7963262796401978,5.035008430480957,-8.720174789428711,-10.438883781433105,6.990802764892578,-2.9678921699523926,-8.27187442779541,0.11975422501564026,-10.806568145751953,-7.531355857849121,5.834903717041016,-6.666971206665039,-8.612298011779785,2.423248767852783,-4.448883056640625,-2.804769992828369
0_nicolas_17.wav,0.271989107131958,0.06471028178930283,862.9791398095059,936.4809225646072,1891.845703125,0.04099237351190476,-330.9768371582031,199.2246856689453,-40.67379379272461,27.582401275634766,25.91176414489746,-39.932167053222656,5.680016040802002,-0.32712626457214355,-33.650672912597656,1.2115963697433472,-9.417144775390625,-25.21978187561035,12.071239471435547,4.1977925300598145,-10.908202171325684,10.991472244262695,0.14706888794898987,-8.982730865478516,7.394266128540039,-1.3027417659759521,-4.802338600158691,2.876230239868164,-9.03044605255127,-5.907734394073486,3.964263916015625,-4.103468894958496,1.3748699426651,5.241684436798096,-5.938005447387695,-0.27085772156715393
1_theo_9.wav,0.45181795954704285,0.0045475587248802185,847.6185041552883,860.1357678865911,1496.5576171875,0.04310191761363636,-585.1284790039062,242.22817993164062,-48.41427230834961,13.553559303283691,15.959311485290527,-51.051780700683594,6.527538776397705,16.99544334411621,-26.3099365234375,2.7962324619293213,7.036073207855225,-16.45675277709961,0.5492382645606995,-1.9245009422302246,-8.782163619995117,5.524251937866211,-11.704864501953125,-21.19332504272461,-3.026252031326294,-11.787612915039062,-14.43308162689209,2.56463885307312,-7.170440196990967,-13.266411781311035,-0.9158083200454712,-4.343499660491943,-4.142322063446045,5.094886302947998,-0.8151028156280518,-5.772905349731445
8_yweweler_32.wav,0.32810184359550476,0.01094046887010336,1696.5022283087042,1100.0832783761773,2918.34716796875,0.11903211805555555,-488.1612854003906,177.41033935546875,-89.46836853027344,40.67775344848633,47.520423889160156,-64.23478698730469,-8.938562393188477,8.8827543258667,-35.62589645385742,-0.4879324734210968,-3.8439035415649414,-29.45036506652832,5.869443893432617,2.363429069519043,-16.565195083618164,5.335648536682129,-1.78714919090271,-8.401771545410156,8.293750762939453,-7.340954303741455,-10.757930755615234,6.411898136138916,-8.315451622009277,-9.550337791442871,4.817296981811523,-9.348230361938477,-8.376118659973145,5.566416263580322,-6.551919937133789,-8.435009002685547
6_yweweler_7.wav,0.3929091989994049,0.00983350072056055,1234.0627429888832,1117.321278980765,2639.61181640625,0.059855143229166664,-528.0768432617188,173.3305206298828,-51.18888473510742,35.34818649291992,41.54709243774414,-42.89899826049805,-6.099606037139893,5.93750524520874,-28.887006759643555,-8.494636535644531,-9.157549858093262,-20.227256774902344,3.913944959640503,-1.9084726572036743,-10.09768009185791,6.978826999664307,-0.5376426577568054,-1.195743203163147,10.540929794311523,-5.638172626495361,-7.470491886138916,3.0672104358673096,-11.153035163879395,-9.128684043884277,2.1561338901519775,-9.612116813659668,-6.362157821655273,3.971186637878418,-5.837594509124756,-4.5588483810424805
0_theo_46.wav,0.26902005076408386,0.004070676863193512,1020.0473421844446,995.0325324899118,2176.0498046875,0.041910807291666664,-589.353759765625,215.0517120361328,-68.58356475830078,28.49872589111328,48.08940505981445,-35.47966003417969,-1.0888317823410034,-2.4820966720581055,-30.95166015625,6.836541652679443,-5.767430782318115,-26.21672821044922,8.326416969299316,0.1725308746099472,-10.72262191772461,12.809785842895508,-4.2353835105896,-16.96131706237793,-1.4378350973129272,-13.410305976867676,-12.732622146606445,3.3485829830169678,-9.75666618347168,-9.257984161376953,2.565798759460449,-8.669780731201172,-6.402416229248047,1.402759313583374,-9.462642669677734,-7.58845329284668
7_george_41.wav,0.31372544169425964,0.05665376037359238,1496.926067374807,1074.312081901752,2753.6865234375,0.09102957589285714,-350.0359802246094,168.49951171875,-94.00033569335938,9.224648475646973,28.846115112304688,-45.49921417236328,-15.753429412841797,-36.22737503051758,-55.32176971435547,7.442838191986084,-14.6235933303833,-51.76655578613281,-0.8759942650794983,-0.12083001434803009,-28.165699005126953,-5.423027992248535,-9.233796119689941,-20.900846481323242,-3.6741435527801514,-11.108063697814941,-16.495973587036133,-6.27761173248291,-14.620447158813477,-6.873155117034912,4.257453918457031,-13.72454833984375,-8.587031364440918,8.45427417755127,-5.720186710357666,-8.03880786895752
0_lucas_18.wav,0.42660003900527954,0.04008408263325691,1214.2896482536046,875.4413591070655,2132.5846354166665,0.08374927662037036,-391.0562744140625,190.63768005371094,-48.5931396484375,11.430399894714355,42.46603012084961,-26.174333572387695,-8.736176490783691,5.480468273162842,-21.935230255126953,-2.139928102493286,4.650614261627197,-15.78221321105957,-0.13154615461826324,6.753215312957764,-8.03742790222168,-2.5113887786865234,-0.7693122625350952,-4.241337299346924,3.4223642349243164,-3.975137710571289,-11.300437927246094,-0.20831230282783508,-2.030245065689087,-9.14702320098877,-1.7261570692062378,-0.7662473320960999,-5.360480308532715,-3.7891805171966553,-5.195810317993164,-5.0002875328063965
2_nicolas_15.wav,0.2424769103527069,0.05105746537446976,1130.517669475134,1058.0949528376293,2210.7421875,0.06376953125,-352.9482421875,165.1459197998047,-45.54853057861328,38.186946868896484,34.41875457763672,-26.864912033081055,18.90544319152832,2.289271354675293,-34.93234634399414,1.9174494743347168,-8.129891395568848,-26.222227096557617,6.191699028015137,-3.4588537216186523,-16.218069076538086,6.387933731079102,-3.156714677810669,-7.612422466278076,8.834113121032715,-3.541612386703491,-3.799879550933838,8.329567909240723,-6.765031814575195,-3.8170905113220215,9.983007431030273,-3.51503849029541,-3.9393486976623535,3.5063302516937256,-7.198411464691162,-4.057744026184082
5_george_16.wav,0.194463849067688,0.04643668234348297,1017.3443614080879,925.8417718482996,2031.4619584517045,0.04236949573863636,-383.7048645019531,166.15859985351562,-73.18730926513672,-1.3133970499038696,24.62860107421875,-46.197845458984375,-22.18886375427246,-11.255568504333496,-34.547752380371094,-5.496679782867432,-4.162574768066406,-25.13910675048828,-6.940275192260742,-15.007257461547852,-33.20322036743164,-10.307879447937012,-6.422375202178955,-18.55529022216797,-9.216514587402344,-11.463691711425781,-14.848062515258789,-7.368659496307373,-17.404052734375,-15.798589706420898,1.0020393133163452,-11.23848819732666,-20.98499870300293,-6.497804164886475,-7.2490234375,-11.190730094909668
5_george_30.wav,0.24709241092205048,0.0389019139111042,1419.7259718540467,998.7132127078861,2552.3178998161766,0.07562614889705882,-368.86474609375,184.419677734375,-112.91061401367188,14.03988265991211,41.22600173950195,-53.86271286010742,-17.426067352294922,-16.204484939575195,-42.19780731201172,-2.856696605682373,-18.323015213012695,-34.09160232543945,4.545085906982422,-13.851381301879883,-28.606555938720703,5.648751258850098,-7.819973945617676,-20.887481689453125,0.12493208050727844,-12.218177795410156,-14.467877388000488,3.3014354705810547,-11.448739051818848,-12.47369384765625,1.3574538230895996,-11.005636215209961,-8.374223709106445,1.5112531185150146,-11.330461502075195,-6.882192611694336
1_theo_39.wav,0.39008229970932007,0.0072554657235741615,957.1338784875225,781.2110079162834,1694.20166015625,0.04673549107142857,-542.3033447265625,211.42617797851562,-48.00069808959961,-2.188051700592041,11.80237865447998,-42.71501922607422,2.2456412315368652,11.781914710998535,-23.530603408813477,-0.1479940414428711,1.1420059204101562,-20.126434326171875,-4.1206231117248535,-2.7203755378723145,-5.656504154205322,5.350247859954834,-13.9044771194458,-21.679733276367188,-1.2123820781707764,-7.1978936195373535,-9.437363624572754,5.393261432647705,-5.3648505210876465,-11.187521934509277,-0.7884750366210938,-8.3112154006958,-9.309409141540527,0.5895586013793945,-5.744822978973389,-7.175875186920166
0_theo_15.wav,0.3424757122993469,0.004779811482876539,1136.8606401789457,1009.3020024321781,2304.65087890625,0.047173394097222224,-566.0083618164062,196.19403076171875,-63.76622009277344,23.947826385498047,46.557491302490234,-27.218488693237305,-4.180402755737305,-13.98595142364502,-31.427324295043945,12.102910995483398,-5.411005020141602,-26.409578323364258,10.079885482788086,0.17695754766464233,-11.741390228271484,13.155466079711914,-3.1763410568237305,-14.714412689208984,2.4273061752319336,-11.715106964111328,-14.108698844909668,3.2842321395874023,-9.29849624633789,-11.344432830810547,1.6011196374893188,-7.441936016082764,-6.911012172698975,2.413663148880005,-3.264950752258301,-2.794680595397949
3_nicolas_18.wav,0.3361035883426666,0.03785303607583046,932.8519190016224,1112.4505215052036,2335.15625,0.03634982638888889,-376.8212585449219,200.78564453125,-55.73585510253906,52.9791374206543,52.290618896484375,-35.40730285644531,6.764928817749023,-0.3133910596370697,-31.095937728881836,7.058915138244629,-11.064289093017578,-29.538639068603516,8.947608947753906,-3.008491039276123,-15.56767463684082,11.316221237182617,-0.2791653871536255,-6.433553218841553,10.037044525146484,-6.660900592803955,-10.34542179107666,3.845903158187866,-6.124064922332764,-2.2062931060791016,7.138683795928955,-5.444595813751221,-2.5825483798980713,1.439985752105713,-10.108057975769043,-3.1090047359466553
0_jackson_13.wav,0.3352017402648926,0.08268582820892334,681.1088459255521,731.8063098375086,1239.4014798677886,0.03716571514423077,-338.9425354003906,201.75137329101562,-2.9512319564819336,10.915760040283203,17.278642654418945,-30.203662872314453,-16.93939208984375,-12.235599517822266,-27.08199691772461,-11.639832496643066,-13.668326377868652,-18.418968200683594,1.5499751567840576,-5.066375255584717,-15.261204719543457,0.09110140055418015,-4.351083755493164,-10.802254676818848,1.821523904800415,-6.335445880889893,-15.924898147583008,-4.8307719230651855,-7.802899360656738,-14.018491744995117,-5.866333484649658,-7.690217018127441,-11.270188331604004,-4.896883487701416,-5.292513370513916,-6.419215679168701
6_nicolas_47.wav,0.3774711489677429,0.036005277186632156,1246.3426993018534,1155.8356856447058,2889.0380859375,0.06318359375,-357.5740051269531,189.23509216308594,-64.78105163574219,43.668514251708984,40.75005340576172,-48.46870803833008,10.012835502624512,7.018944263458252,-40.78596115112305,-0.32835057377815247,-5.277040481567383,-27.579803466796875,8.953359603881836,2.1061952114105225,-13.255773544311523,10.97683048248291,-0.6673200130462646,-11.577106475830078,6.119740962982178,-2.584791421890259,-7.059070110321045,2.996514081954956,-3.635380744934082,1.0870380401611328,5.67646598815918,-5.9950127601623535,1.4256807565689087,6.355412483215332,-4.64255428314209,2.04349422454834
5_george_8.wav,0.25778862833976746,0.04770159348845482,1134.5507575840527,942.9017281426438,2164.0869140625,0.058648003472222224,-352.4248962402344,189.7900390625,-88.53678131103516,-2.528733491897583,23.140731811523438,-50.43272399902344,-14.0630464553833,-17.310184478759766,-49.98325729370117,-4.980332851409912,-8.786456108093262,-36.589447021484375,-1.8569450378417969,-5.793417930603027,-29.270286560058594,-4.846146106719971,-6.96623420715332,-21.78573989868164,-6.1283769607543945,-11.664565086364746,-17.189990997314453,-0.04644572734832764,-8.184277534484863,-16.960533142089844,-4.721357345581055,-9.064549446105957,-13.188180923461914,-2.716588020324707,-2.9059720039367676,-4.620718002319336
2_nicolas_47.wav,0.29053354263305664,0.041259195655584335,1229.1365860628757,1078.9865977772552,2456.4851459703946,0.0732421875,-358.75396728515625,170.23155212402344,-51.62767028808594,37.62691879272461,37.61518859863281,-30.715970993041992,15.50778865814209,0.4596148133277893,-36.911766052246094,5.882226467132568,-4.773504734039307,-27.328689575195312,7.116430759429932,-1.6954909563064575,-13.737948417663574,10.654080390930176,-3.209963083267212,-10.020122528076172,9.789502143859863,-4.050881385803223,-6.27750825881958,9.368392944335938,-4.7083940505981445,-4.116515636444092,9.32805061340332,-3.8606820106506348,-4.980834007263184,4.01501989364624,-2.9005351066589355,0.4217786192893982
5_theo_19.wav,0.3154393136501312,0.005515730939805508,1074.426695459602,872.3437278772055,1991.8212890625,0.062421875,-533.7039184570312,233.97703552246094,-84.55661010742188,0.5619298815727234,28.632272720336914,-42.056365966796875,5.486356258392334,8.576460838317871,-25.170385360717773,13.007152557373047,7.351784706115723,-20.224184036254883,-2.06085205078125,-9.241583824157715,-10.89130973815918,6.947422504425049,-12.159374237060547,-10.591029167175293,7.751667499542236,-15.337159156799316,-14.293256759643555,7.204225063323975,-9.057745933532715,-9.690513610839844,5.20570182800293,-6.491158962249756,-6.358969688415527,0.08132319152355194,-9.451199531555176,-3.852370023727417
7_jackson_36.wav,0.4359981417655945,0.036413803696632385,770.522514046275,764.6097087129629,1411.62109375,0.042778862847222224,-366.0435791015625,235.5789337158203,-35.33814239501953,7.20135498046875,28.283594131469727,-38.43618392944336,-20.776086807250977,-3.697460174560547,-17.770355224609375,7.579377174377441,11.21249008178711,-14.140478134155273,-12.453916549682617,-6.793019771575928,-2.6607038974761963,-0.7173067927360535,-17.55133056640625,-14.238200187683105,2.888153076171875,-9.584572792053223,-14.26360034942627,-2.3978168964385986,-11.78089427947998,-13.46977710723877,0.2944519519805908,-6.108652591705322,-12.849300384521484,-6.309296607971191,-7.143909931182861,-6.919525623321533
7_lucas_5.wav,0.5150437951087952,0.03482257202267647,1174.4256420746403,991.2323200615987,2346.221923828125,0.08573404947916667,-395.1018981933594,162.0384979248047,-38.21513366699219,23.244543075561523,45.0241813659668,-23.863821029663086,-3.846560478210449,15.345946311950684,-14.928047180175781,-2.097581148147583,13.865337371826172,-2.3577969074249268,-5.02380895614624,-1.0841299295425415,1.4958335161209106,4.597925186157227,-6.875207901000977,-7.60385274887085,5.340440273284912,-1.64556884765625,-7.916950225830078,-0.5998684763908386,-4.1539082527160645,-5.807563304901123,0.18256954848766327,-3.8719584941864014,-5.2172532081604,-1.1444346904754639,-3.8620948791503906,-2.4105634689331055
1_george_16.wav,0.2360716462135315,0.051931194961071014,1040.8200707881374,873.3013399970436,1975.88671875,0.04908203125,-374.1951599121094,168.12818908691406,-69.46389770507812,-4.594542026519775,14.722221374511719,-44.27532196044922,-13.126922607421875,-13.969578742980957,-37.012264251708984,-0.771773099899292,-8.031159400939941,-31.359764099121094,-3.8017828464508057,-10.662588119506836,-31.958660125732422,-11.814452171325684,-10.673318862915039,-22.081579208374023,-11.899284362792969,-9.357590675354004,-7.587308406829834,-6.39431095123291,-17.364646911621094,-9.18490982055664,-0.7618528008460999,-15.337625503540039,-10.228498458862305,1.5011323690414429,-10.046504974365234,-8.95227336883545
2_theo_32.wav,0.25767195224761963,0.007723392453044653,1283.6960718582523,1023.3817506600482,2366.85791015625,0.09431966145833333,-544.8053588867188,199.9288787841797,-64.63387298583984,45.31681442260742,45.401851654052734,-44.45998764038086,6.106215000152588,2.2556941509246826,-31.701873779296875,4.705714702606201,-15.4922513961792,-30.00994110107422,7.769856929779053,-14.280470848083496,-22.822206497192383,11.799368858337402,-3.316636800765991,-6.232549667358398,11.149216651916504,-13.8710355758667,-12.609721183776855,5.49235200881958,-14.744187355041504,-9.755488395690918,6.977406978607178,-7.883337497711182,-3.732792615890503,3.5325307846069336,-9.467235565185547,-1.1428098678588867
0_nicolas_25.wav,0.31216004490852356,0.048804670572280884,876.0636837187263,1017.7546689359209,1973.121402138158,0.039088199013157895,-359.74609375,204.38743591308594,-43.48271942138672,37.607940673828125,30.93146324157715,-39.377437591552734,11.16048526763916,1.1014649868011475,-33.895477294921875,5.830594539642334,-8.791465759277344,-29.602859497070312,9.11461353302002,2.1807749271392822,-11.23844051361084,12.909917831420898,2.463021993637085,-6.0812602043151855,6.79856538772583,-6.145456790924072,-5.680438041687012,5.0850300788879395,-9.295889854431152,-5.373843193054199,5.028873920440674,-6.142945766448975,-0.9403008818626404,4.216825008392334,-6.161016464233398,1.8920501470565796
3_lucas_31.wav,0.49970996379852295,0.035691577941179276,1416.0782690141423,1091.714462782216,2679.08935546875,0.08621419270833333,-436.56927490234375,141.70758056640625,-43.68331527709961,42.84977722167969,56.51252746582031,-31.964181900024414,-8.049184799194336,15.762492179870605,-16.891029357910156,-1.6987370252609253,8.365084648132324,-11.532644271850586,-0.028218813240528107,4.7889251708984375,-7.367799758911133,1.6370021104812622,1.4254621267318726,-7.041194438934326,2.1644179821014404,0.7369860410690308,-7.385357856750488,-1.801363229751587,-2.648138999938965,-5.023859977722168,0.1264662742614746,-3.7153232097625732,-5.852489948272705,-0.9407908320426941,-4.4025373458862305,-4.8790507316589355
0_theo_48.wav,0.29274022579193115,0.007467655930668116,953.1505531059953,961.2640094962737,2099.4873046875,0.03778076171875,-528.031005859375,195.44424438476562,-50.65224838256836,21.120723724365234,40.17532730102539,-32.002071380615234,-12.616748809814453,-12.266822814941406,-27.571807861328125,3.689208745956421,-10.409217834472656,-25.502521514892578,6.510977745056152,0.2863791584968567,-10.318212509155273,6.667287349700928,-7.269474029541016,-13.151348114013672,1.9141546487808228,-13.1143798828125,-17.255897521972656,-1.3646994829177856,-7.4935078620910645,-6.000210762023926,1.6987597942352295,-11.000005722045898,-10.490828514099121,-1.0624455213546753,-6.690166473388672,-5.639522075653076
1_theo_31.wav,0.2511675953865051,0.01957663893699646,901.4663085956342,849.1982361014398,1756.5873579545455,0.05425840435606061,-471.4361267089844,186.93370056152344,-54.24241256713867,8.53565502166748,10.705496788024902,-46.185428619384766,10.085464477539062,10.686841011047363,-31.905080795288086,-4.312575817108154,-7.350540637969971,-26.659526824951172,-4.477138042449951,-9.248292922973633,-10.9609956741333,7.509134769439697,-14.111673355102539,-19.720401763916016,2.8534059524536133,-12.38931941986084,-16.818849563598633,1.8490171432495117,-9.29704475402832,-8.777222633361816,8.041820526123047,-3.709181070327759,-7.851643085479736,2.4137027263641357,-5.374205589294434,-9.120685577392578
8_lucas_26.wav,0.4719665050506592,0.038471024483442307,1325.39448861494,1008.2443792395279,2552.7099609375,0.08293805803571429,-407.3465270996094,179.9344024658203,-51.23583221435547,48.49235153198242,60.49882125854492,-47.39366912841797,-14.015669822692871,19.858211517333984,-18.64191246032715,-3.909306049346924,6.572391986846924,-14.401361465454102,0.12842047214508057,4.141707420349121,-10.748035430908203,-1.1704531908035278,0.8459689617156982,-3.405869245529175,3.621756076812744,-3.9215712547302246,-5.731074810028076,5.17663049697876,-3.87426495552063,-6.960982322692871,3.901245594024658,-4.736734867095947,-8.996969223022461,1.7900443077087402,-2.4628477096557617,-6.533814907073975
6_george_40.wav,0.29568085074424744,0.03440684452652931,1922.0570480142694,1137.9883256181656,3157.60498046875,0.1345757378472222,-392.5347595214844,131.03704833984375,-102.43311309814453,31.337738037109375,45.75657653808594,-48.41389846801758,-12.47985553741455,-20.461238861083984,-47.61445236206055,-0.7273886799812317,-24.288362503051758,-50.3702278137207,2.7946722507476807,-4.543684482574463,-32.74401092529297,-5.812688827514648,-8.514053344726562,-15.60079288482666,2.3809378147125244,-9.68433666229248,-9.805231094360352,6.293259620666504,-10.829371452331543,-10.231853485107422,5.602560043334961,-10.595438003540039,-11.05670166015625,3.5668115615844727,-6.756588459014893,-6.837998867034912
5_jackson_46.wav,0.3440764248371124,0.09596922248601913,1007.3163519378911,892.5313736972879,1838.1525213068182,0.06558504971590909,-272.6156921386719,226.06138610839844,-64.07217407226562,4.437622547149658,15.5913667678833,-46.538387298583984,-0.051283229142427444,-8.744839668273926,-42.48146057128906,5.184935092926025,9.303766250610352,-15.563736915588379,-2.4635236263275146,-10.749034881591797,-13.4478178024292,-3.330935478210449,-21.809858322143555,-11.080412864685059,6.977275371551514,-20.901111602783203,-17.959293365478516,4.824787616729736,-13.902105331420898,-15.239690780639648,1.0231343507766724,-7.691927909851074,-4.103722095489502,1.507491946220398,-12.508586883544922,-8.65298843383789
3_lucas_24.wav,0.44893041253089905,0.04042813181877136,1255.640517587441,1073.2229103387085,2528.228759765625,0.08049665178571429,-405.4602966308594,149.904296875,-41.39739990234375,32.55107498168945,53.443546295166016,-26.976747512817383,-9.131654739379883,14.48956298828125,-16.407777786254883,-6.120179653167725,4.664034843444824,-13.317527770996094,-4.590008735656738,1.5341641902923584,-9.335752487182617,-1.4357917308807373,1.1396496295928955,-7.2873430252075195,-1.0747945308685303,-0.2602701783180237,-6.834320068359375,-2.6520326137542725,-3.429215908050537,-7.875106334686279,-3.132936716079712,-3.208845376968384,-7.110555171966553,-4.306825160980225,-3.348240613937378,-4.469010829925537
1_jackson_15.wav,0.2488507628440857,0.0801827684044838,725.173233767081,782.8180545543812,1195.0927734375,0.03291015625,-331.9620666503906,208.48916625976562,-21.525272369384766,3.625171661376953,12.300764083862305,-41.222251892089844,-9.521968841552734,6.521193027496338,-25.09814453125,-14.632957458496094,-4.4086408615112305,-14.45457649230957,-8.208956718444824,-10.252484321594238,-11.801259994506836,0.5436757206916809,-6.9299139976501465,-13.227131843566895,-3.338029146194458,-10.14620590209961,-13.638689994812012,-2.5553479194641113,-8.031052589416504,-12.27237319946289,-5.429969310760498,-12.045061111450195,-13.539904594421387,-2.4639182090759277,-4.672107219696045,-7.3362274169921875
7_jackson_34.wav,0.3604220747947693,0.03791442885994911,1024.6780210494956,881.991953450517,1692.3140092329545,0.07297585227272728,-384.52001953125,209.18190002441406,-34.19927215576172,16.333681106567383,26.573570251464844,-40.06598663330078,-16.500234603881836,-5.824949264526367,-23.152952194213867,3.568453311920166,7.281287670135498,-10.494147300720215,-6.529376029968262,-7.903257369995117,-0.2067386955022812,5.784614562988281,-17.269500732421875,-14.114908218383789,3.9013426303863525,-12.046526908874512,-13.140089988708496,-0.39380091428756714,-14.338632583618164,-13.49729061126709,0.6332146525382996,-8.428023338317871,-9.953461647033691,-2.84165096282959,-8.487045288085938,-4.513947010040283
9_yweweler_22.wav,0.36679700016975403,0.007930370979011059,1036.838245871279,907.9066276101212,1988.987972861842,0.05432771381578947,-532.965087890625,226.1890106201172,-74.71493530273438,9.061683654785156,29.251327514648438,-44.60388946533203,9.711149215698242,13.449165344238281,-33.870819091796875,2.225752353668213,5.772525310516357,-19.848730087280273,2.6919350624084473,-4.472237586975098,-19.517223358154297,-0.46324941515922546,-10.081930160522461,-15.762411117553711,2.921171188354492,-8.395515441894531,-11.220553398132324,4.57222843170166,-6.7784013748168945,-7.492021083831787,3.758302688598633,-9.414060592651367,-8.2795991897583,3.8189215660095215,-6.123076915740967,-6.227777004241943
9_nicolas_30.wav,0.3475143015384674,0.04464077204465866,999.5477586769669,1011.2262099412983,2219.534912109375,0.05517578125,-360.18524169921875,229.35617065429688,-73.56531524658203,31.7141056060791,47.419944763183594,-39.24829864501953,7.874521732330322,2.2399871349334717,-36.53785705566406,12.828636169433594,6.160312652587891,-27.540386199951172,2.900753974914551,0.8117573857307434,-12.599039077758789,7.0075578689575195,-4.515999794006348,-9.891119003295898,8.239969253540039,-4.919767379760742,-8.865339279174805,2.967660665512085,-8.767847061157227,-4.881111145019531,6.433091163635254,-6.409304141998291,-3.4116783142089844,5.125873565673828,-4.148050308227539,0.7689435482025146
8_jackson_49.wav,0.41635560989379883,0.0706806629896164,1463.2440700539798,1205.3652860366494,2915.6982421875,0.09851655505952381,-337.45013427734375,153.14183044433594,-47.74660110473633,57.13903045654297,38.049930572509766,-60.86853790283203,-10.18575382232666,4.056771278381348,-37.70852279663086,-15.393049240112305,-13.166154861450195,-22.942655563354492,1.1604931354522705,-7.900930404663086,-15.415437698364258,3.294894218444824,-9.016975402832031,-13.04461669921875,2.063505172729492,-8.581275939941406,-9.348676681518555,-3.019357204437256,-16.007949829101562,-8.85963249206543,-1.4129762649536133,-15.540060997009277,-5.745957374572754,3.700385332107544,-9.86473560333252,-3.4183731079101562
9_george_32.wav,0.3390386700630188,0.04151976481080055,1429.1975323238012,1043.4803290463299,2743.5258345170455,0.07892400568181818,-379.9799499511719,173.1326904296875,-108.13208770751953,13.027856826782227,39.221092224121094,-47.73054504394531,-11.866372108459473,-17.33230972290039,-44.6817626953125,2.205510377883911,-14.410759925842285,-39.39422607421875,1.7276359796524048,-10.740385055541992,-30.05394744873047,-0.760192334651947,-13.472881317138672,-25.45197868347168,-1.441410779953003,-10.25297737121582,-16.93621063232422,-5.303986072540283,-15.145295143127441,-8.085795402526855,2.759331703186035,-15.675734519958496,-8.886534690856934,7.466414928436279,-7.558165073394775,-7.924654960632324
8_nicolas_48.wav,0.513465404510498,0.04219919815659523,1125.120194038878,1049.3001803521315,2497.8515625,0.04727711397058824,-346.7305603027344,216.1378936767578,-71.716796875,32.08086013793945,43.79081726074219,-50.069358825683594,-1.0179286003112793,8.46304988861084,-28.90142059326172,6.441699981689453,0.9736376404762268,-19.337379455566406,10.884531021118164,-0.4677976667881012,-16.318248748779297,3.9118499755859375,-7.601454734802246,-10.559287071228027,7.7789154052734375,-6.626565933227539,-6.282385349273682,7.967945575714111,-8.729208946228027,-7.378149509429932,6.125120639801025,-4.310657501220703,1.268713116645813,9.118188858032227,-3.4418015480041504,1.500683307647705
3_jackson_47.wav,0.26992321014404297,0.09357135742902756,1039.8367166215141,1084.35190456197,2333.337890625,0.0452734375,-316.7239074707031,168.08761596679688,-46.027320861816406,39.697574615478516,45.5178337097168,-35.994964599609375,-10.501692771911621,-11.170353889465332,-33.46941375732422,0.4056445062160492,-13.355720520019531,-37.031105041503906,-5.9855427742004395,-4.633929252624512,-12.201050758361816,4.745284080505371,-5.541622161865234,-8.882210731506348,2.745298385620117,-12.40339469909668,-10.319112777709961,1.11903977394104,-18.53852081298828,-16.427330017089844,-0.3042307496070862,-14.373051643371582,-14.401534080505371,-1.3763055801391602,-9.430545806884766,-8.81093978881836
0_theo_40.wav,0.25713321566581726,0.005637313239276409,942.8419893382884,902.1765777174535,2033.69140625,0.04310438368055555,-560.1901245117188,222.06912231445312,-68.08454132080078,15.62005615234375,42.4904899597168,-30.86885643005371,-2.023524284362793,-8.973176956176758,-33.4577522277832,6.9531073570251465,-7.024255275726318,-28.75274658203125,4.872840881347656,-3.204014539718628,-13.296393394470215,9.827916145324707,-6.841139793395996,-16.714378356933594,0.39918074011802673,-12.358773231506348,-11.651933670043945,3.9467222690582275,-11.556877136230469,-11.481331825256348,2.3397626876831055,-7.376431941986084,-3.9414987564086914,4.774524688720703,-5.253852844238281,-2.7679760456085205
1_jackson_23.wav,0.24336500465869904,0.06780648976564407,678.7535920305186,777.82941994999,1020.263671875,0.03334263392857143,-352.3224182128906,201.7330322265625,-7.974831581115723,10.268762588500977,8.000494956970215,-41.20473861694336,-5.62307596206665,4.83402156829834,-27.606840133666992,-10.39543342590332,-3.8409924507141113,-22.598281860351562,-7.318094730377197,-0.3215146064758301,-13.700552940368652,-5.519095420837402,-1.7943880558013916,-11.479681015014648,-8.838027000427246,-8.221362113952637,-12.264619827270508,-9.20118236541748,-9.137492179870605,-9.742767333984375,-8.929956436157227,-12.422368049621582,-8.289721488952637,-0.6489424109458923,-3.5716047286987305,-4.589359283447266
9_jackson_34.wav,0.3529915511608124,0.06054459512233734,840.5056514772731,901.3805295219894,1656.62109375,0.03878580729166667,-355.67352294921875,214.02508544921875,-44.19532775878906,24.12584686279297,33.41730499267578,-38.38867950439453,-0.03691072389483452,3.2583093643188477,-31.634737014770508,-3.3318941593170166,-0.7763468623161316,-18.584102630615234,-5.212843894958496,-11.633121490478516,-16.006189346313477,-5.594109535217285,-15.821778297424316,-10.13986587524414,-1.7047969102859497,-19.8031005859375,-12.404034614562988,-1.3534266948699951,-16.534128189086914,-5.6832427978515625,2.8859455585479736,-18.787681579589844,-12.465364456176758,1.262101650238037,-10.314602851867676,-6.075376987457275
6_yweweler_30.wav,0.32447391748428345,0.0059686461463570595,1558.306324081866,1090.0271289932637,2854.6875,0.11624581473214286,-596.8025512695312,117.43562316894531,-43.872169494628906,26.889080047607422,34.76600646972656,-32.600975036621094,-12.347588539123535,-1.864219069480896,-18.524234771728516,-0.3321370482444763,-8.877219200134277,-21.616849899291992,2.0514931678771973,0.41052600741386414,-7.559413433074951,7.120661735534668,1.1326991319656372,-2.7392871379852295,8.050653457641602,-2.604771852493286,-5.037102699279785,5.951996326446533,-5.503571510314941,-9.752670288085938,-0.08131204545497894,-7.2527241706848145,-9.227631568908691,-1.429668664932251,-5.663849353790283,-5.7216477394104
8_yweweler_24.wav,0.39441579580307007,0.007045992184430361,1415.288642193459,1148.596441679094,2879.7492532169117,0.09182559742647059,-557.0393676757812,145.32174682617188,-42.657623291015625,44.185585021972656,38.827125549316406,-44.02286148071289,-1.5492286682128906,8.647669792175293,-30.195356369018555,-6.530353546142578,-6.243163108825684,-22.597915649414062,4.491962432861328,0.7105334997177124,-14.8438720703125,5.925724029541016,4.655003070831299,-5.647583484649658,4.668636798858643,0.06252320855855942,-2.0349578857421875,4.672327995300293,-5.356623649597168,-3.0412955284118652,4.545973777770996,-9.002580642700195,-6.815052032470703,4.11713171005249,-4.755598545074463,-2.869450569152832
3_lucas_32.wav,0.42679423093795776,0.03763870149850845,1263.7276825574322,1021.8516554213662,2465.91064453125,0.07913411458333333,-420.55487060546875,135.2179412841797,-32.28425598144531,27.164186477661133,46.03462600708008,-23.830720901489258,-12.528993606567383,8.614828109741211,-14.514583587646484,-4.19505500793457,6.629179000854492,-8.721492767333984,-2.442945718765259,3.089102268218994,-7.7632551193237305,-3.1891751289367676,1.8946893215179443,-3.0281269550323486,-1.696014642715454,-3.268826484680176,-5.984381675720215,-2.2977182865142822,-5.696517467498779,-8.744211196899414,-3.7559964656829834,-5.351058483123779,-7.013638019561768,-2.138606309890747,-3.435997247695923,-5.414572238922119
4_george_40.wav,0.3926926851272583,0.0504855141043663,1199.6191244262175,913.3567515396137,2194.59228515625,0.072265625,-344.89862060546875,179.24954223632812,-81.15674591064453,-13.477787971496582,5.2461957931518555,-53.404232025146484,-9.32565689086914,-11.867216110229492,-49.50546646118164,-15.17490005493164,-18.61966896057129,-39.341453552246094,-4.597752094268799,-6.261275768280029,-23.655227661132812,1.7293463945388794,-1.3696212768554688,-19.30731201171875,-7.513905048370361,-9.89827823638916,-15.07014274597168,-3.822442054748535,-7.410468101501465,-9.456576347351074,-2.9642930030822754,-7.690206527709961,-4.1561479568481445,1.7850714921951294,-5.4778571128845215,-2.6832356452941895
4_jackson_41.wav,0.3351189196109772,0.1256360113620758,740.0508190440958,711.8503527415334,1181.09619140625,0.0417724609375,-281.63446044921875,209.07388305664062,-12.917162895202637,-10.984374046325684,-3.944448947906494,-32.99403381347656,-6.040524959564209,-4.826096534729004,-22.00369644165039,-9.815707206726074,-16.964441299438477,-14.584294319152832,5.9568257331848145,-9.935871124267578,-10.788516998291016,12.147231101989746,-6.492230415344238,-17.721704483032227,-1.3016639947891235,-16.424104690551758,-26.478612899780273,-8.028684616088867,-9.710454940795898,-14.219281196594238,-5.28902006149292,-8.5336275100708,-8.471718788146973,-3.553644895553589,-9.677488327026367,-6.188642978668213
4_jackson_36.wav,0.34370744228363037,0.09998413175344467,785.9742186428422,651.5325065780042,1244.73876953125,0.05276150173611111,-302.1542663574219,237.7349395751953,-27.78022003173828,-16.0382080078125,-1.775667667388916,-46.20412063598633,-21.376842498779297,-7.398575782775879,-9.173041343688965,9.820490837097168,-12.696840286254883,-23.349050521850586,9.007835388183594,-1.0204617977142334,-13.932564735412598,5.535058975219727,-10.961845397949219,-24.254533767700195,-2.103886604309082,-9.505155563354492,-20.179847717285156,-3.8459761142730713,-8.61842155456543,-15.30233383178711,-2.7599215507507324,-5.589103698730469,-8.053665161132812,-0.9240328669548035,-8.158137321472168,-7.431917667388916
2_yweweler_28.wav,0.3107844591140747,0.010254274122416973,1017.1098415841168,861.9138170065152,1874.82421875,0.06507161458333334,-532.4028930664062,189.803955078125,-44.6798210144043,18.835161209106445,30.652095794677734,-36.317264556884766,1.4970452785491943,7.19981575012207,-34.40336227416992,-14.282225608825684,-10.345735549926758,-24.35292625427246,-1.3327957391738892,-5.006170749664307,-16.808225631713867,3.6334099769592285,0.36779940128326416,-6.27483606338501,9.412047386169434,-0.6273326277732849,-9.55452823638916,3.5573341846466064,-5.931587219238281,-14.609793663024902,-3.20196795463562,-7.325066566467285,-11.157164573669434,-2.8398218154907227,-6.53257417678833,-7.460817337036133
5_nicolas_28.wav,0.3668011426925659,0.04866985231637955,1054.1302044203253,942.1884537866055,2034.28955078125,0.06315104166666667,-334.45928955078125,229.21185302734375,-70.31742095947266,15.033676147460938,20.91069793701172,-47.12724685668945,13.941784858703613,5.627949237823486,-35.88578796386719,9.150345802307129,2.8935983180999756,-18.144577026367188,12.176085472106934,-4.119193077087402,-17.840675354003906,7.73530387878418,-4.988903522491455,-8.9628267288208,10.201133728027344,-5.735050201416016,-9.314923286437988,3.0330963134765625,-8.739401817321777,-3.6840810775756836,6.858165264129639,-5.386927604675293,-2.302811861038208,3.1910133361816406,-3.765068531036377,2.8884336948394775
4_george_22.wav,0.31742510199546814,0.07380600273609161,1222.084404681469,917.4830077426661,2215.579356317935,0.07472826086956522,-334.1630554199219,158.37147521972656,-75.0237808227539,-6.391037464141846,12.0289945602417,-49.88955307006836,-9.876224517822266,-5.042697906494141,-45.055049896240234,-16.94225311279297,-9.520483016967773,-30.639484405517578,-10.101524353027344,-7.377465724945068,-18.41840171813965,-0.7069095969200134,-4.103291034698486,-18.07513427734375,-8.548821449279785,-9.989224433898926,-14.954630851745605,-7.286839485168457,-8.006607055664062,-6.452191352844238,-3.7751245498657227,-11.345315933227539,-5.356724262237549,3.082494020462036,-3.4235727787017822,0.4840571880340576
7_nicolas_6.wav,0.3927899897098541,0.04210861399769783,1077.4793065469908,1044.8051720159754,2359.2315673828125,0.0528564453125,-345.43310546875,207.5117645263672,-61.55299377441406,34.1356315612793,38.3454475402832,-43.42230987548828,2.6129651069641113,-5.487556457519531,-38.61974334716797,10.179459571838379,3.050522804260254,-23.396194458007812,7.524247169494629,3.1357421875,-8.308300971984863,6.54527473449707,-9.169195175170898,-10.056556701660156,6.836282730102539,-10.895538330078125,-10.812604904174805,5.504475116729736,-5.502817153930664,-2.0802345275878906,5.94886589050293,-6.564627647399902,0.3292648494243622,6.633415222167969,-6.558420181274414,-1.6406280994415283
7_nicolas_41.wav,0.3949219882488251,0.039469074457883835,1169.9711818125545,1107.8987061368468,2629.884097450658,0.0688219572368421,-344.9422912597656,189.6307373046875,-55.213623046875,35.681514739990234,35.74651336669922,-42.288455963134766,3.7577128410339355,-3.527400016784668,-35.473793029785156,11.080724716186523,1.5091506242752075,-23.383026123046875,11.292853355407715,3.8794825077056885,-13.1591215133667,7.526864528656006,-0.9747943878173828,-7.3570380210876465,5.218255519866943,-7.678562164306641,-7.331096649169922,3.4128196239471436,-8.956587791442871,-3.3777530193328857,5.8949761390686035,-6.181879997253418,0.9065662026405334,7.08938455581665,-5.391796588897705,1.1835302114486694
8_george_27.wav,0.3101118803024292,0.041877612471580505,1686.8133719083548,1156.9811813562274,3038.628595525568,0.09898792613636363,-398.6202087402344,157.50587463378906,-92.0558090209961,37.02043151855469,36.981685638427734,-67.47805786132812,-10.180052757263184,-5.843664169311523,-50.07453918457031,-4.072873115539551,-14.313937187194824,-45.313720703125,0.9631633758544922,-5.637929916381836,-35.99384689331055,-4.5972371101379395,-6.6136980056762695,-28.02655601501465,-8.839377403259277,-7.178663730621338,-14.89481258392334,-7.423645496368408,-13.298661231994629,-8.60158634185791,1.3572168350219727,-10.123039245605469,-5.891183376312256,3.168546438217163,-8.818926811218262,-5.184225082397461
0_theo_36.wav,0.25414785742759705,0.004727239720523357,956.0289411958875,989.7965163973422,2103.255615234375,0.035205078125,-592.5677490234375,210.28549194335938,-60.74689865112305,22.600147247314453,46.7775993347168,-25.358867645263672,2.799755573272705,-0.7408565282821655,-23.76482391357422,11.120265007019043,-5.509173393249512,-26.952957153320312,6.216125965118408,-4.024345397949219,-18.758651733398438,5.879961967468262,-3.3585541248321533,-11.686338424682617,4.9123616218566895,-6.910925388336182,-10.944509506225586,0.8557370901107788,-11.890665054321289,-9.814720153808594,4.637356281280518,-6.0191802978515625,-6.585898399353027,1.3435351848602295,-6.859156131744385,-4.358002662658691
3_jackson_6.wav,0.21792401373386383,0.07356826215982437,893.400803895907,980.4313993600338,1976.4404296875,0.03471447172619048,-344.8542785644531,175.77835083007812,-34.328521728515625,36.79248809814453,46.84706497192383,-34.0167236328125,-18.368947982788086,-8.972859382629395,-30.757341384887695,-7.47546911239624,-10.908431053161621,-32.07350158691406,-11.796822547912598,-7.5162835121154785,-16.508010864257812,-3.1187260150909424,-4.363705158233643,-8.254301071166992,0.9043096899986267,-7.340956687927246,-9.651941299438477,0.7047784924507141,-9.723994255065918,-15.404558181762695,-6.124777793884277,-10.143959999084473,-10.961479187011719,-4.1734113693237305,-8.009523391723633,-7.6000447273254395
2_jackson_7.wav,0.23085962235927582,0.07627920806407928,806.8588696225938,784.5779168216851,1253.02734375,0.052083333333333336,-364.33447265625,156.8194122314453,-0.04608408734202385,28.186819076538086,33.39057922363281,-24.070547103881836,-28.576026916503906,-12.887364387512207,-12.295173645019531,-10.672813415527344,-21.09501838684082,-22.559341430664062,-12.5263032913208,-18.104446411132812,-10.428298950195312,4.334909915924072,-9.287775993347168,-9.782602310180664,6.5658111572265625,-5.760739803314209,-13.468235969543457,0.6650453805923462,-3.1101269721984863,-10.480796813964844,-5.685249328613281,-8.315495491027832,-8.620831489562988,-6.570516586303711,-13.083013534545898,-9.061655044555664
8_nicolas_29.wav,0.4750095307826996,0.026210585609078407,1118.1555079699351,1119.503518755998,2493.8140869140625,0.036224365234375,-389.6157531738281,200.1940155029297,-61.98542785644531,35.998435974121094,39.991146087646484,-43.13508224487305,1.8604114055633545,3.008470296859741,-28.051250457763672,10.744251251220703,2.1757402420043945,-18.110721588134766,9.90994930267334,-3.419065475463867,-15.52668571472168,7.17059326171875,-4.239525318145752,-6.8300018310546875,9.544330596923828,-6.508511543273926,-5.358580589294434,9.93521785736084,-4.812807559967041,-2.813901424407959,8.047428131103516,-4.1935038566589355,-0.00953984260559082,5.200681209564209,-7.141548156738281,0.991041898727417
0_theo_16.wav,0.33400481939315796,0.004087171517312527,1002.9732615125291,970.2139297663758,2203.1866776315787,0.0390625,-587.9400634765625,205.4353485107422,-57.2130012512207,28.04914665222168,45.5583381652832,-30.562576293945312,-3.354400634765625,-9.899882316589355,-29.777488708496094,11.270045280456543,-4.147828102111816,-23.17338752746582,11.114194869995117,-1.1794013977050781,-14.257288932800293,9.64468002319336,-3.9480140209198,-12.445536613464355,2.0977907180786133,-13.102889060974121,-13.32931900024414,1.8475984334945679,-11.13177490234375,-8.587297439575195,2.862405776977539,-9.967482566833496,-6.48192834854126,4.167978286743164,-4.428886413574219,-3.7415459156036377
7_george_36.wav,0.2711676359176636,0.05227883905172348,1256.3206888516925,971.7439723141989,2387.249200994318,0.062255859375,-364.0685729980469,171.6205596923828,-97.536865234375,9.694098472595215,39.154048919677734,-44.374637603759766,-22.108177185058594,-32.28219985961914,-49.00019454956055,4.864527225494385,-13.9030122756958,-42.941505432128906,2.557438611984253,-3.967578887939453,-28.947690963745117,-3.413949489593506,-11.416693687438965,-26.1519832611084,-5.510448455810547,-8.4165620803833,-13.88381576538086,-5.140182971954346,-13.944825172424316,-9.650081634521484,-0.7798117995262146,-13.237680435180664,-5.428640842437744,5.005375385284424,-10.024946212768555,-5.666026592254639
0_nicolas_22.wav,0.30834633111953735,0.05335909128189087,927.8377005312733,1013.1305461905067,2115.63720703125,0.03762478298611111,-346.0877685546875,208.5408477783203,-50.56733703613281,38.801692962646484,38.04268264770508,-41.433677673339844,9.402558326721191,2.502739667892456,-37.820716857910156,2.8874611854553223,-7.182315349578857,-30.461185455322266,7.586446762084961,3.7800118923187256,-9.921337127685547,11.449522018432617,-1.0524290800094604,-8.972391128540039,7.107203006744385,-4.6414055824279785,-5.306314945220947,5.920242786407471,-7.693397521972656,-5.2909064292907715,2.82308030128479,-8.49331283569336,-0.925547182559967,5.265537261962891,-6.921703815460205,-0.7191957831382751
9_lucas_32.wav,0.44448116421699524,0.04164223372936249,1279.8845285602058,929.4286654067032,2385.400390625,0.0884693287037037,-426.62091064453125,175.41758728027344,-49.72748565673828,18.854036331176758,44.39094543457031,-31.726099014282227,-8.282642364501953,14.221009254455566,-21.27314567565918,-9.895573616027832,8.689430236816406,-4.866090774536133,-4.723220348358154,-1.7267224788665771,-2.017160415649414,0.6824012994766235,-9.885612487792969,-9.282954216003418,2.251481056213379,-7.863537311553955,-10.963301658630371,0.062158674001693726,-6.668960094451904,-8.917354583740234,-1.228310227394104,-8.20703125,-8.700335502624512,-1.792791724205017,-8.21711254119873,-5.958084583282471
5_nicolas_5.wav,0.3983534276485443,0.07314299792051315,1138.1757063907178,929.8917235642168,2090.6206916360293,0.0724954044117647,-301.0086975097656,232.4713592529297,-93.27082061767578,9.385275840759277,31.94260597229004,-42.7347412109375,11.661124229431152,6.219998836517334,-34.072235107421875,9.719511032104492,3.5474777221679688,-19.304285049438477,9.69604206085205,-4.0669732093811035,-15.272818565368652,10.03886604309082,-3.9795262813568115,-9.251481056213379,8.438329696655273,-7.537882328033447,-8.386253356933594,6.062694072723389,-7.829125881195068,-5.580448150634766,4.896637439727783,-6.426148414611816,-2.033942937850952,5.130939483642578,-1.9675694704055786,2.769320487976074
1_jackson_13.wav,0.26574641466140747,0.07012060284614563,741.7267746088471,849.7584874497227,1289.94140625,0.034946986607142856,-357.5564880371094,203.20559692382812,-18.847213745117188,11.866507530212402,11.306706428527832,-43.437889099121094,-3.648062229156494,5.611705780029297,-33.92799758911133,-14.91441822052002,-2.978224992752075,-20.273061752319336,-8.137399673461914,-6.081972599029541,-15.656042098999023,-1.8080322742462158,-3.0989322662353516,-14.377120018005371,-6.005599498748779,-8.129487991333008,-14.757152557373047,-6.484713554382324,-9.159318923950195,-13.564668655395508,-5.345409870147705,-8.336748123168945,-11.562348365783691,-0.9529224634170532,-1.0673134326934814,-7.250932216644287
5_nicolas_20.wav,0.40040716528892517,0.035905882716178894,1162.422642061136,1018.1692304248585,2244.5197610294117,0.06798598345588236,-347.67095947265625,228.9053497314453,-83.56388854980469,16.832178115844727,26.542020797729492,-45.81766128540039,16.459369659423828,5.743435859680176,-32.85663986206055,17.607389450073242,3.560725688934326,-24.957834243774414,9.63616943359375,-2.2865753173828125,-15.77606201171875,10.333878517150879,-1.3125404119491577,-4.963320732116699,11.695392608642578,-7.188257217407227,-8.791145324707031,5.590485095977783,-8.321601867675781,-3.245950937271118,8.009254455566406,-7.187423229217529,-3.2566754817962646,6.665544509887695,-1.949310541152954,1.6322202682495117
1_theo_38.wav,0.3446611166000366,0.009607555344700813,776.8129523585841,728.401647873809,1331.4697265625,0.043294270833333336,-532.6245727539062,219.8489990234375,-31.559782028198242,-4.1767897605896,6.556517124176025,-38.686161041259766,0.4374358654022217,4.415781497955322,-26.555368423461914,-2.455399751663208,-0.690244734287262,-15.422207832336426,3.2980854511260986,-3.151487350463867,-14.75690746307373,-0.7487244606018066,-11.839856147766113,-19.078907012939453,-1.4198970794677734,-9.270474433898926,-16.583791732788086,-5.020788192749023,-11.58846664428711,-10.03194808959961,5.269090175628662,-3.142435312271118,-4.956329822540283,11.77512264251709,10.379318237304688,4.031123161315918
8_theo_36.wav,0.34949156641960144,0.003084105672314763,1478.2868932892677,1150.687664537473,2885.44921875,0.1067038143382353,-580.7219848632812,198.52987670898438,-78.72895812988281,49.123836517333984,43.531864166259766,-60.250755310058594,0.886640727519989,13.14950942993164,-29.45638084411621,2.0965754985809326,-4.226297855377197,-19.821460723876953,10.198070526123047,-3.8885090351104736,-13.223033905029297,11.496317863464355,-3.349388837814331,-9.765222549438477,4.769441604614258,-9.552831649780273,-7.05994987487793,4.39023494720459,-9.367576599121094,-2.985379457473755,4.779973983764648,-9.000340461730957,-2.6758856773376465,1.4535773992538452,-7.902926445007324,1.798064947128296
5_george_26.wav,0.32702499628067017,0.04984148219227791,1477.7541892999961,1072.1103719970044,2774.949886924342,0.08765933388157894,-347.3031921386719,181.86061096191406,-114.83253479003906,2.294975519180298,22.619556427001953,-60.736148834228516,-9.712221145629883,-15.16556453704834,-51.6836051940918,0.5913842916488647,-7.3600568771362305,-36.640625,-0.4924447536468506,-11.536103248596191,-32.59202575683594,-6.635263442993164,-15.329236030578613,-22.473974227905273,-2.0364632606506348,-14.574851989746094,-16.643590927124023,-8.997163968160748e-05,-13.326062202453613,-11.75656795501709,2.243650436401367,-10.633402824401855,-8.332385063171387,1.4851369857788086,-9.839973449707031,-5.750466346740723
9_george_48.wav,0.3112501800060272,0.03876166418194771,1311.25560119498,974.8919727217572,2506.3515111019738,0.07938425164473684,-379.91082763671875,176.99346923828125,-101.11685180664062,2.570767879486084,38.242916107177734,-36.282867431640625,-9.353703498840332,-20.62067222595215,-44.222389221191406,3.3690085411071777,-14.536100387573242,-44.16161346435547,-4.500973224639893,-9.755169868469238,-28.954736709594727,-4.014019012451172,-10.591052055358887,-21.247459411621094,-5.823835849761963,-13.502584457397461,-15.02382755279541,-6.65629243850708,-17.490407943725586,-7.034735202789307,3.3198893070220947,-16.40381622314453,-9.05224323272705,6.852867603302002,-8.812691688537598,-8.348586082458496
4_lucas_15.wav,0.5056577920913696,0.05975987762212753,1078.865700984936,814.4297504955631,1804.1079313858695,0.07810377038043478,-387.8048095703125,172.13153076171875,-19.357229232788086,13.031364440917969,8.342015266418457,-50.846595764160156,-7.67856502532959,19.494848251342773,-13.790759086608887,-1.4907227754592896,13.20484447479248,-5.350195407867432,-4.031754970550537,0.3435227870941162,-3.8593478202819824,1.8025250434875488,-3.613870143890381,-8.360258102416992,2.680393934249878,-2.513646125793457,-11.777702331542969,-2.9258627891540527,-2.9990618228912354,-8.106742858886719,-1.1224666833877563,-1.4684927463531494,-6.5716552734375,-2.6564884185791016,-2.2888290882110596,-5.339719772338867
8_jackson_34.wav,0.2832679748535156,0.0819917768239975,1341.1867567306824,1104.3349737942808,2721.8994140625,0.08147321428571429,-329.6129455566406,149.77764892578125,-40.42332077026367,57.64268112182617,36.80730438232422,-65.42147827148438,-13.713506698608398,10.010976791381836,-34.473079681396484,-20.84219741821289,-11.420539855957031,-16.038814544677734,0.024075008928775787,-9.737028121948242,-14.20044231414795,0.3182787299156189,-12.602275848388672,-15.409073829650879,-3.4922633171081543,-12.028608322143555,-5.792698383331299,1.574257254600525,-14.998674392700195,-9.662038803100586,-1.1446993350982666,-13.438713073730469,-4.395047664642334,2.345653533935547,-12.904128074645996,-6.811378002166748
0_george_35.wav,0.23451142013072968,0.0676836222410202,1183.9324819191363,987.6047580229803,2113.087222450658,0.05792557565789474,-346.6964416503906,157.5189208984375,-62.94213104248047,22.37230110168457,32.86513900756836,-41.713287353515625,-14.472206115722656,-16.6131649017334,-44.20042037963867,-11.379312515258789,-18.713485717773438,-36.18544387817383,-1.159113883972168,-4.916378498077393,-22.7647762298584,-0.36353564262390137,-3.3325021266937256,-13.541470527648926,2.705076217651367,-2.3424034118652344,-11.05575942993164,-5.210290908813477,-14.238271713256836,-13.522939682006836,-1.4000928401947021,-7.095975399017334,-4.321255683898926,5.69691801071167,-1.4332932233810425,-2.2164955139160156
4_yweweler_17.wav,0.46709442138671875,0.013821004889905453,958.8622502626018,746.4597308977853,1368.7939453125,0.071484375,-512.0126342773438,196.06971740722656,-14.856593132019043,-2.647745370864868,-23.22641944885254,-60.71089172363281,6.897227764129639,17.97012710571289,-20.761323928833008,6.095848083496094,8.165666580200195,-18.769681930541992,0.34385910630226135,5.3998188972473145,-7.3542280197143555,3.7904858589172363,-2.201674222946167,-10.545527458190918,2.545159339904785,-5.402099609375,-12.381547927856445,1.282458782196045,-4.184154033660889,-7.250953674316406,4.89056921005249,-4.369645595550537,-9.55724048614502,2.428632974624634,-4.432143688201904,-8.858159065246582
5_theo_31.wav,0.39933279156684875,0.015133234672248363,1180.7637389799563,812.7664762925069,1860.6645063920455,0.08136541193181818,-458.9016418457031,231.25892639160156,-83.66374969482422,-15.389013290405273,9.277481079101562,-47.67147445678711,3.8594276905059814,3.555474281311035,-27.836345672607422,12.605398178100586,8.33541202545166,-15.954453468322754,-0.18679946660995483,-15.354684829711914,-17.65728759765625,7.472721576690674,-12.382637977600098,-15.921234130859375,8.432209014892578,-10.006563186645508,-14.828743934631348,6.917280673980713,-4.635900497436523,-9.610173225402832,1.2600669860839844,-7.887038707733154,-7.577453136444092,-2.3869118690490723,-9.650150299072266,-2.3726346492767334
6_theo_30.wav,0.3049013018608093,0.003809593617916107,1393.8474437249492,1006.0621330364761,2604.7998046875,0.0994140625,-583.0031127929688,190.50132751464844,-81.25955200195312,35.59770584106445,49.2618408203125,-43.23818588256836,-1.951672077178955,2.840120553970337,-25.929407119750977,7.032770156860352,-6.137324333190918,-19.99205780029297,12.676620483398438,0.15757574141025543,-8.282849311828613,10.161800384521484,-8.938457489013672,-8.512868881225586,8.96860408782959,-14.432891845703125,-14.89119815826416,3.8684792518615723,-10.58273696899414,-8.475653648376465,5.329156875610352,-3.2506072521209717,0.5434210896492004,3.3996293544769287,-6.376677513122559,0.5069311261177063
5_jackson_32.wav,0.35389482975006104,0.0737757459282875,906.1124627618452,774.1510317045237,1599.4384765625,0.05715603298611111,-304.8033447265625,234.59381103515625,-62.34346008300781,-9.911906242370605,14.340168952941895,-50.77736282348633,-17.228370666503906,-0.8559715747833252,-27.05974578857422,-3.203209638595581,5.417942523956299,-11.094104766845703,-9.561697006225586,-16.019529342651367,-11.01535415649414,-0.44181907176971436,-17.93844223022461,-13.435220718383789,3.242100715637207,-13.483622550964355,-12.296782493591309,2.8179798126220703,-11.139888763427734,-11.460383415222168,-0.6278299689292908,-10.919596672058105,-8.503292083740234,-2.0504097938537598,-12.876749992370605,-8.007796287536621
2_nicolas_35.wav,0.34007352590560913,0.027070604264736176,1196.3806420111143,1144.680835707955,2635.6640625,0.06285807291666666,-381.4422302246094,178.60275268554688,-59.35483932495117,42.12943649291992,42.46398162841797,-30.489240646362305,17.167325973510742,2.6680586338043213,-34.75303649902344,5.915527820587158,-7.807055950164795,-29.036273956298828,5.459813594818115,-5.026278495788574,-15.591776847839355,9.35684585571289,-4.293944835662842,-8.848194122314453,10.397110939025879,-4.507112503051758,-6.3069987297058105,7.115298748016357,-6.581519603729248,-3.063746929168701,8.073657989501953,-5.0131659507751465,-1.4317717552185059,5.6668171882629395,-4.837953567504883,-0.06814677268266678
0_theo_8.wav,0.3476616442203522,0.004941908176988363,984.8568994631856,935.9439209550906,2100.9228515625,0.041015625,-580.3326416015625,217.89010620117188,-62.40361022949219,29.280269622802734,50.39639663696289,-32.72294235229492,-7.373812198638916,-12.065853118896484,-30.667930603027344,10.65694808959961,-7.706995964050293,-27.986135482788086,8.553366661071777,-2.0761828422546387,-12.424577713012695,12.825310707092285,-4.360806465148926,-13.814627647399902,3.866490602493286,-11.426910400390625,-14.033212661743164,-0.6918877959251404,-14.473689079284668,-9.131704330444336,5.205513000488281,-9.56541919708252,-8.681315422058105,2.7327044010162354,-3.7605249881744385,-3.168052911758423
8_nicolas_15.wav,0.4390743374824524,0.054496437311172485,1351.2829891264687,1164.1805372944862,2856.37939453125,0.044873046875,-334.2539978027344,190.67349243164062,-77.53154754638672,35.451744079589844,42.467735290527344,-52.463539123535156,0.5141783952713013,8.751838684082031,-31.333593368530273,6.799674987792969,2.1475071907043457,-19.8271541595459,13.293004989624023,0.9521276354789734,-18.503524780273438,6.228668689727783,-4.373515605926514,-12.19943618774414,10.152289390563965,-2.5941944122314453,-8.642778396606445,8.47571849822998,-3.9453346729278564,-6.494560241699219,7.896378517150879,-2.1199843883514404,-1.7644805908203125,8.625208854675293,-1.290184736251831,-0.867003321647644
9_theo_12.wav,0.3231731355190277,0.004636653698980808,1028.4951956395143,990.311349720616,2062.087530838816,0.049470600328947366,-569.32763671875,221.3031005859375,-73.86891174316406,19.66961669921875,41.472206115722656,-39.3722038269043,-1.7429367303848267,3.854642391204834,-24.043455123901367,10.912330627441406,2.6971821784973145,-21.889331817626953,0.29246047139167786,-3.4845473766326904,-9.39746379852295,0.49335935711860657,-18.087366104125977,-13.544883728027344,5.065248966217041,-14.487506866455078,-12.468546867370605,4.589633941650391,-9.86341667175293,-5.456101417541504,6.264535903930664,-9.595778465270996,-6.191757678985596,4.820184230804443,-4.644504547119141,-3.4586105346679688
0_yweweler_13.wav,0.3155260384082794,0.009225997142493725,911.7783245003002,851.3150081353366,1685.8231393914473,0.04625822368421053,-522.4640502929688,191.14263916015625,-38.39192199707031,6.789405345916748,20.977420806884766,-35.56911849975586,-2.1788723468780518,8.660247802734375,-22.683563232421875,-6.19265604019165,-7.365233421325684,-24.919273376464844,-3.1102664470672607,1.2888555526733398,-11.703964233398438,-2.707735300064087,-3.718980073928833,-7.424079418182373,1.0965074300765991,-4.433749198913574,-5.628662109375,3.4945333003997803,-2.9488086700439453,-6.112826347351074,-3.9096615314483643,-12.773392677307129,-9.977777481079102,-1.7253758907318115,-7.303511619567871,-5.028385162353516
2_nicolas_6.wav,0.23391549289226532,0.05438805744051933,765.113858879269,969.4711798199754,1625.7568359375,0.02470703125,-364.5951232910156,194.3141632080078,-28.153987884521484,49.11003494262695,36.7817268371582,-35.8828239440918,12.433622360229492,2.159611940383911,-36.067405700683594,-1.1068127155303955,-14.844464302062988,-34.39170455932617,0.746571958065033,-7.527243137359619,-17.5712947845459,6.630953311920166,-6.283021450042725,-11.009453773498535,8.537751197814941,-4.087334632873535,-5.570635795593262,7.380354404449463,-5.835741996765137,-4.4551825523376465,4.878656387329102,-5.227627754211426,0.5004175901412964,4.861708164215088,-8.062664985656738,-2.9185879230499268
8_jackson_21.wav,0.3079368472099304,0.06953723728656769,981.2707901875634,1057.3857048844066,2380.685604319853,0.04474954044117647,-352.164306640625,175.82081604003906,-22.522361755371094,56.59614562988281,28.994176864624023,-69.50787353515625,-20.334793090820312,6.580719947814941,-25.60435676574707,-11.786279678344727,-18.339384078979492,-27.554519653320312,1.8272372484207153,-4.08817195892334,-14.367274284362793,4.549680709838867,-4.336705684661865,-11.228729248046875,0.9605673551559448,-8.04706859588623,-7.5459818840026855,-1.928325891494751,-20.150161743164062,-15.060630798339844,-0.6426739692687988,-16.247034072875977,-14.587385177612305,-0.10702438652515411,-9.014945983886719,-7.58302116394043
5_george_18.wav,0.25063183903694153,0.06360246241092682,1133.215429314676,935.127721752785,2157.088623046875,0.048974609375,-343.4931640625,171.4754638671875,-87.68281555175781,-2.875345230102539,24.101823806762695,-52.6203727722168,-23.130056381225586,-16.005416870117188,-41.030208587646484,-3.8529419898986816,-7.337380886077881,-30.322795867919922,-0.35349318385124207,-8.03535270690918,-31.630779266357422,-8.35305118560791,-8.899235725402832,-20.482398986816406,-2.4186549186706543,-7.134765625,-16.220836639404297,-4.086361408233643,-13.692968368530273,-18.944400787353516,-0.5946903824806213,-4.4258575439453125,-13.535140991210938,-5.328888416290283,-6.730199337005615,-9.061704635620117
0_lucas_8.wav,0.4986937940120697,0.03628041595220566,1250.239510172116,816.8340713070402,2147.008856411638,0.09450767780172414,-425.84051513671875,170.75758361816406,-46.85142517089844,8.110754013061523,41.28691864013672,-22.26039695739746,-11.86697006225586,3.20672345161438,-19.221324920654297,-3.56469464302063,3.3314411640167236,-13.633771896362305,-1.02294921875,4.293161392211914,-8.181888580322266,-0.7154520750045776,1.6210955381393433,-5.260279655456543,1.1717193126678467,-1.282004952430725,-8.344505310058594,-1.2986199855804443,-2.747518301010132,-9.20826530456543,-2.7467026710510254,-1.4830129146575928,-6.2392191886901855,-3.1490421295166016,-2.0826921463012695,-3.579254388809204
5_yweweler_24.wav,0.4998558461666107,0.009343380108475685,1236.9539445058206,932.0346964171695,2181.43310546875,0.09290907118055555,-525.6699829101562,188.8307342529297,-64.3420639038086,1.1740227937698364,22.528772354125977,-36.257408142089844,7.706188678741455,15.56290054321289,-20.445945739746094,7.761871337890625,10.14487361907959,-13.125797271728516,4.397152423858643,2.8827149868011475,-7.909438133239746,3.5120608806610107,-6.370355606079102,-7.705745220184326,9.317938804626465,-4.708742141723633,-9.575589179992676,6.310042381286621,-5.544677257537842,-9.728219985961914,4.665313720703125,-4.132177352905273,-7.333765029907227,4.141305923461914,-1.5980666875839233,-3.434282064437866
2_nicolas_40.wav,0.22954760491847992,0.05778992176055908,1101.9396343839621,1075.2275797231828,2260.986328125,0.06546223958333333,-346.5005187988281,170.17494201660156,-45.772579193115234,40.65870666503906,36.88973617553711,-30.13296890258789,15.769842147827148,2.087049961090088,-34.88231658935547,4.829970359802246,-5.739136219024658,-29.174442291259766,2.8865442276000977,-4.438919544219971,-16.181734085083008,8.180869102478027,-1.1635754108428955,-7.262454509735107,8.619898796081543,-5.27801513671875,-6.677690029144287,8.142720222473145,-5.223363399505615,-4.2364420890808105,7.944488525390625,-5.941729545593262,-6.9279632568359375,1.435356616973877,-6.955921649932861,-3.111123561859131
9_nicolas_15.wav,0.3844611942768097,0.04005808010697365,1033.6841722348354,1015.3038856667774,2145.387027138158,0.05407072368421053,-362.5904541015625,224.81671142578125,-71.32743835449219,20.507972717285156,35.93903732299805,-33.49669647216797,15.29259967803955,-1.6207083463668823,-41.46867370605469,14.0186767578125,9.41270637512207,-23.711090087890625,6.66997766494751,-0.8265288472175598,-16.29814910888672,10.233675956726074,0.6990828514099121,-11.030862808227539,5.0965447425842285,-5.519684314727783,-8.781832695007324,3.969731092453003,-7.140918731689453,-4.954850673675537,6.926303863525391,-3.0996499061584473,-0.8690396547317505,5.19520378112793,-4.376216411590576,-0.27942872047424316
4_nicolas_14.wav,0.37435925006866455,0.036492254585027695,859.6646218904135,957.332506742621,1633.447265625,0.04774693080357143,-357.3456726074219,232.23704528808594,-36.65178680419922,36.55870819091797,9.246651649475098,-68.00611114501953,-2.588796615600586,-0.7063695192337036,-29.43171501159668,15.998842239379883,2.315631628036499,-21.3543701171875,10.719118118286133,-2.199054479598999,-14.377884864807129,10.021722793579102,-4.8912129402160645,-13.118794441223145,1.8418433666229248,-13.824136734008789,-13.712363243103027,1.54691481590271,-9.557149887084961,-4.085960865020752,7.3350372314453125,-4.733650207519531,-1.0520614385604858,4.910495281219482,-4.319664478302002,1.2769488096237183
6_george_38.wav,0.31686851382255554,0.023138057440519333,1713.5835254925726,1112.2598022129168,2943.082203584559,0.11216107536764706,-416.771728515625,152.55923461914062,-102.9204330444336,28.38619613647461,48.569183349609375,-44.74261474609375,-15.789674758911133,-24.650821685791016,-46.97319793701172,-3.2873764038085938,-27.618911743164062,-46.21406173706055,4.034204959869385,-8.89212703704834,-30.496503829956055,-0.46490567922592163,-9.340160369873047,-18.707767486572266,0.9219704866409302,-12.086356163024902,-13.732749938964844,4.4306135177612305,-9.78774642944336,-10.831974029541016,4.327867031097412,-6.932496547698975,-7.436796188354492,1.6178828477859497,-7.456135272979736,-4.79580545425415
3_yweweler_11.wav,0.41329970955848694,0.011772092431783676,1382.3259824588324,1058.0451179108015,2654.5654296875,0.07267252604166667,-496.6666564941406,183.499755859375,-78.83033752441406,30.38665008544922,53.31361389160156,-43.27095413208008,-4.956302642822266,10.07535457611084,-33.13151550292969,-8.011613845825195,-4.110023498535156,-24.30926513671875,-0.8454525470733643,-4.98719596862793,-18.090932846069336,4.215479373931885,-0.9893727898597717,-11.463213920593262,3.5656003952026367,-4.242369651794434,-11.380671501159668,-1.224342942237854,-9.213580131530762,-9.645870208740234,-0.16109825670719147,-9.014124870300293,-6.214452743530273,3.058502674102783,-6.782893180847168,-5.2248334884643555
2_yweweler_19.wav,0.3807840347290039,0.007556909695267677,1056.2146100471455,920.1760355865822,2019.2271839488637,0.0576171875,-544.460205078125,206.87646484375,-56.723445892333984,11.30538558959961,30.89183235168457,-36.964786529541016,-1.766274333000183,-1.169512152671814,-38.20713424682617,-7.934698104858398,-5.1283440589904785,-21.610755920410156,2.1863596439361572,-4.970480442047119,-15.685674667358398,6.90104341506958,-3.927281379699707,-13.431232452392578,7.7976975440979,-3.6004538536071777,-15.943111419677734,1.436031460762024,-3.636936902999878,-13.43459701538086,-4.401732921600342,-8.039097785949707,-10.633113861083984,-2.348198890686035,-3.449336290359497,-1.345109462738037
6_jackson_17.wav,0.538196325302124,0.03519267588853836,1451.3628015602144,1061.0533158844862,2631.7611694335938,0.1261749267578125,-392.8233642578125,130.30517578125,-45.24433517456055,12.355929374694824,27.796056747436523,-32.11862564086914,-16.99881362915039,-3.514950752258301,-14.325021743774414,0.5442196130752563,-4.981688499450684,-13.961048126220703,0.7461148500442505,-3.9178075790405273,-9.174392700195312,-3.727159023284912,-14.199405670166016,-10.609508514404297,-0.4105186462402344,-13.58774471282959,-11.52973747253418,-0.9037141799926758,-11.286070823669434,-7.510382652282715,2.241814613342285,-7.778432369232178,-5.6341872215271,0.9945114850997925,-7.850516319274902,-5.021625995635986
1_george_24.wav,0.2881371080875397,0.04804825410246849,1163.4694685705672,945.0475260856863,2196.38671875,0.07281759510869565,-366.0303649902344,161.9332275390625,-71.11225891113281,-0.7728385329246521,12.809493064880371,-45.509891510009766,-7.823432445526123,-14.15753173828125,-40.765106201171875,0.35888248682022095,-8.064785957336426,-32.88729476928711,-3.235114097595215,-11.051788330078125,-29.235448837280273,-4.888061046600342,-8.206857681274414,-21.441146850585938,-7.660464286804199,-8.569666862487793,-12.576604843139648,-9.415313720703125,-14.532806396484375,-5.044271945953369,-1.3885729312896729,-17.045236587524414,-7.060996055603027,3.15429949760437,-12.99315357208252,-8.820858001708984
7_nicolas_39.wav,0.2827084958553314,0.041462842375040054,1037.6701899217096,1085.8031103526685,2389.288330078125,0.046468098958333336,-346.3269958496094,195.99134826660156,-52.72857666015625,39.38814163208008,38.235103607177734,-37.92081069946289,1.2644368410110474,-13.383011817932129,-40.54818344116211,11.991032600402832,2.3445045948028564,-25.168899536132812,8.161001205444336,5.3294453620910645,-7.258215427398682,9.219557762145996,-4.7602386474609375,-9.492008209228516,5.535539150238037,-9.34802532196045,-9.334758758544922,3.934514045715332,-9.254158973693848,-4.48525333404541,8.191499710083008,-4.419480323791504,-1.5230458974838257,6.226767063140869,-5.013097763061523,-1.7495907545089722
9_theo_24.wav,0.29328760504722595,0.0076452260836958885,1133.4292894252349,901.7905299049938,2068.26416015625,0.07141927083333334,-528.8638305664062,220.6951446533203,-89.37399291992188,14.250802993774414,43.721187591552734,-45.3081169128418,-7.561023235321045,4.416811466217041,-20.79306411743164,13.389336585998535,3.182281017303467,-20.541959762573242,0.5691051483154297,-9.355721473693848,-12.41285514831543,6.837024211883545,-14.56897258758545,-18.090837478637695,3.22432541847229,-10.421723365783691,-8.81722640991211,7.0634565353393555,-6.920315742492676,-4.262512683868408,6.652948379516602,-6.52213716506958,-4.0542168617248535,1.0870081186294556,-9.945084571838379,-4.4999542236328125
2_yweweler_35.wav,0.37374547123908997,0.005874391179531813,868.0506759436863,771.9742587855558,1586.279296875,0.0509033203125,-605.2230224609375,194.96726989746094,-19.11456871032715,16.01862144470215,15.909053802490234,-36.232948303222656,1.93734610080719,8.328503608703613,-20.658281326293945,0.08249250799417496,-5.45184326171875,-26.186800003051758,-7.107078552246094,-7.398375988006592,-13.564502716064453,5.014061450958252,-0.793952465057373,-7.731302738189697,6.890578746795654,-1.0313005447387695,-8.773777961730957,1.786110520362854,-5.785146236419678,-12.240394592285156,-2.9887540340423584,-5.098124980926514,-7.645606517791748,-4.7493205070495605,-8.288247108459473,-4.676891803741455
4_george_19.wav,0.2977098226547241,0.06883110851049423,1049.4747211396036,785.6589983003447,1786.8072509765625,0.070068359375,-347.9549255371094,140.7418670654297,-47.95998764038086,-9.30904769897461,11.787400245666504,-38.005855560302734,-21.377532958984375,-11.883170127868652,-36.67250061035156,-20.348665237426758,-10.832408905029297,-23.912378311157227,-9.831550598144531,-4.997677326202393,-16.995330810546875,-5.870799541473389,-0.8698312640190125,-12.887646675109863,-11.381627082824707,-9.138518333435059,-12.933825492858887,-10.113909721374512,-9.736356735229492,-8.210606575012207,-1.6483274698257446,-4.085296154022217,-6.9398345947265625,-2.531792402267456,-1.5944448709487915,0.32433217763900757
5_theo_22.wav,0.40533533692359924,0.003208784619346261,1352.7526383034615,909.1152799255109,2248.815387228261,0.09699813179347826,-568.1663818359375,224.54232788085938,-96.88912963867188,0.39690980315208435,31.1072940826416,-43.846248626708984,4.5986647605896,13.298395156860352,-18.76961898803711,15.53941822052002,9.541589736938477,-13.031148910522461,4.226020336151123,-8.189186096191406,-8.979273796081543,10.989778518676758,-12.091071128845215,-12.171546936035156,10.774880409240723,-12.562825202941895,-17.40166664123535,4.234694004058838,-6.807278156280518,-6.700271129608154,6.525941848754883,-3.1113250255584717,-1.6130492687225342,1.4569025039672852,-9.830224990844727,-2.4882636070251465
8_nicolas_37.wav,0.5303078293800354,0.03534221649169922,1190.3964464102146,1142.3772220105827,2664.1357421875,0.037163628472222224,-369.2563171386719,199.89645385742188,-69.68072509765625,39.583038330078125,45.35700225830078,-47.71322250366211,1.2390828132629395,4.485158920288086,-29.26822280883789,12.083407402038574,2.844776153564453,-17.579627990722656,15.456521034240723,-0.7343288064002991,-18.03223419189453,6.573590278625488,-6.07691764831543,-10.170282363891602,11.302521705627441,-4.397690773010254,-7.060456275939941,8.911837577819824,-6.536530494689941,-7.190120220184326,4.761448383331299,-5.296316146850586,1.3339407444000244,9.29071044921875,-3.29398250579834,2.7564873695373535
7_nicolas_12.wav,0.3695829212665558,0.05017457529902458,1131.0886157399136,1083.8131737109195,2519.384765625,0.05780029296875,-334.8623962402344,194.4387664794922,-58.672584533691406,34.95445251464844,41.21272277832031,-38.431358337402344,3.0580716133117676,-4.73896598815918,-37.897789001464844,7.043910980224609,-0.05965012311935425,-24.99881362915039,8.395244598388672,6.49085807800293,-8.726365089416504,4.344831466674805,-7.105722427368164,-9.127442359924316,4.716279029846191,-10.378853797912598,-8.735908508300781,6.4449567794799805,-5.224137306213379,-1.8598589897155762,7.3535380363464355,-6.010839462280273,-1.358642339706421,6.461085319519043,-5.56348991394043,-1.6566495895385742
6_theo_13.wav,0.3505062162876129,0.0047128102742135525,1652.7275839305923,1130.8692649626537,2911.2890625,0.13811848958333334,-557.1478271484375,152.39654541015625,-60.971214294433594,35.77215576171875,34.73092269897461,-40.132076263427734,5.575308322906494,3.0282700061798096,-25.595338821411133,9.034479141235352,-7.522165775299072,-26.157094955444336,9.596346855163574,2.926724910736084,-6.849587440490723,13.003809928894043,-1.186466932296753,-5.864420413970947,5.313553333282471,-13.92735767364502,-10.018625259399414,7.082009315490723,-9.110444068908691,-7.415164470672607,3.7811837196350098,-8.57724666595459,-2.6042439937591553,5.8929314613342285,-6.181602954864502,-2.079293727874756
1_george_12.wav,0.2558305263519287,0.03963836282491684,1040.1466061318995,887.9762046307134,1827.630615234375,0.048187255859375,-387.08831787109375,200.78672790527344,-85.89546203613281,-10.939960479736328,9.932119369506836,-49.18044662475586,-7.146670818328857,-14.684701919555664,-38.19960021972656,6.138125419616699,-11.613003730773926,-34.78718566894531,4.0910797119140625,-12.33537483215332,-37.462493896484375,-7.717220306396484,-10.474371910095215,-24.306289672851562,-9.39155387878418,-10.389572143554688,-8.422355651855469,-3.8509960174560547,-18.28396987915039,-8.679161071777344,2.187014579772949,-16.612276077270508,-11.646711349487305,1.1504735946655273,-12.024330139160156,-8.459480285644531
9_lucas_36.wav,0.4325293004512787,0.04848106577992439,865.3805615705638,849.9869276950394,1982.84912109375,0.03985595703125,-387.0602111816406,213.68408203125,-40.0103874206543,20.12923240661621,53.01966857910156,-29.032196044921875,-17.08989143371582,11.885607719421387,-16.428855895996094,-12.479662895202637,5.221999168395996,-0.5982421636581421,-2.7440502643585205,-3.709066390991211,-0.1480051726102829,2.234095335006714,-11.883502960205078,-8.765467643737793,5.0416789054870605,-6.880281925201416,-10.623249053955078,0.5412511229515076,-7.062209606170654,-9.71518325805664,-1.4734636545181274,-7.578826427459717,-8.67718505859375,-3.4481313228607178,-9.74219036102295,-7.125117778778076
6_theo_44.wav,0.34567025303840637,0.0026729826349765062,1866.6441146932289,1051.7421612638964,3036.181640625,0.1728271484375,-597.9405517578125,179.7323760986328,-97.05352020263672,34.84532928466797,42.179664611816406,-50.52577209472656,8.653013229370117,6.379321098327637,-27.974472045898438,16.050209045410156,-6.10910177230835,-28.156505584716797,14.073742866516113,-0.607535183429718,-11.9848051071167,14.338664054870605,-5.871463298797607,-8.911657333374023,10.673751831054688,-12.42285442352295,-10.779378890991211,8.246896743774414,-9.18698787689209,-5.632692813873291,5.568808555603027,-9.121623992919922,-2.055621862411499,4.43696928024292,-7.517375946044922,1.4208276271820068
3_jackson_8.wav,0.2136625200510025,0.06813718378543854,808.9450742383813,884.3430264229276,1836.243896484375,0.03505859375,-356.7198791503906,187.6243133544922,-31.261877059936523,30.663379669189453,45.80863952636719,-35.344974517822266,-26.882925033569336,-10.515056610107422,-24.676258087158203,-5.702881813049316,-10.54486083984375,-31.262460708618164,-13.77336311340332,-7.251354217529297,-13.936894416809082,-3.1683006286621094,-3.1819872856140137,-4.940979957580566,0.32304438948631287,-9.739703178405762,-9.122421264648438,0.8930942416191101,-11.911293983459473,-16.400615692138672,-5.45113468170166,-11.217008590698242,-13.592781066894531,-5.105978965759277,-7.629698753356934,-7.6702680587768555
7_nicolas_11.wav,0.3937235176563263,0.052267711609601974,1096.0356267057691,1086.0816708631273,2469.5892333984375,0.05450439453125,-324.6816711425781,185.1041717529297,-50.622650146484375,30.91762924194336,36.11730194091797,-37.73504638671875,0.5143493413925171,-5.06486701965332,-35.15638732910156,8.818281173706055,3.6601133346557617,-23.441024780273438,4.882773399353027,3.3643250465393066,-11.000606536865234,2.311614990234375,-7.525394439697266,-9.815887451171875,4.3250274658203125,-9.954870223999023,-10.658809661865234,3.9538679122924805,-6.459152698516846,-5.454349517822266,3.3556504249572754,-6.487979888916016,-2.027503728866577,3.976975202560425,-6.387185573577881,-0.7709866762161255
4_theo_40.wav,0.44943535327911377,0.005805585067719221,1118.2414698869795,783.1746026221876,1830.322265625,0.0901611328125,-568.9163818359375,229.11111450195312,-60.9736213684082,-1.7107750177383423,16.30611228942871,-41.45119857788086,4.005642890930176,2.6991066932678223,-27.908437728881836,9.316715240478516,0.5501292943954468,-22.937971115112305,6.2883100509643555,-1.9920467138290405,-16.667509078979492,8.25460147857666,1.5703010559082031,-9.441368103027344,3.9854297637939453,-7.282269477844238,-12.485956192016602,0.9138466119766235,-7.405398368835449,-8.554853439331055,2.2699742317199707,-2.6345531940460205,-0.025834301486611366,2.7617974281311035,-8.46146297454834,-4.701315879821777
6_nicolas_44.wav,0.4419879913330078,0.03674526512622833,1333.8904809890885,1191.0997770153867,2877.374267578125,0.068695068359375,-353.91278076171875,184.2654266357422,-66.3072509765625,42.911865234375,40.58727264404297,-46.496726989746094,3.7048373222351074,0.3238809108734131,-37.65009689331055,4.611551284790039,-4.076559066772461,-26.8815860748291,9.892921447753906,2.1891777515411377,-14.912525177001953,10.237077713012695,4.108493804931641,-4.596648216247559,8.361351013183594,-3.630647897720337,-6.355277061462402,4.012272357940674,-6.274879455566406,-2.78130841255188,5.414996147155762,-4.305520534515381,1.5115728378295898,6.1218342781066895,-4.109212398529053,1.975284218788147
2_lucas_23.wav,0.39680516719818115,0.06604672223329544,1090.155753513954,912.7772583096931,2129.99267578125,0.0666232638888889,-340.45513916015625,186.3897705078125,-50.08607864379883,18.562580108642578,55.173213958740234,-17.573762893676758,-8.565550804138184,1.014221429824829,-25.94611930847168,-5.005817413330078,1.948037028312683,-16.868093490600586,-2.267672538757324,-2.1905624866485596,-15.916152954101562,2.048312187194824,4.865455150604248,-9.954469680786133,-0.07800033688545227,3.0276873111724854,-7.9430694580078125,-4.110741138458252,-3.252161741256714,-8.184995651245117,-3.4257612228393555,-4.683999061584473,-9.62631607055664,-4.506307601928711,-3.815840721130371,-8.960444450378418
6_lucas_7.wav,0.5229724049568176,0.027596071362495422,1714.859292300738,1016.5753863921381,2853.1494140625,0.15760869565217392,-392.3675842285156,158.14779663085938,-78.40027618408203,26.164958953857422,45.32596969604492,-43.860008239746094,-5.563832759857178,9.104426383972168,-27.858078002929688,1.4058648347854614,6.523880481719971,-17.088768005371094,0.33145102858543396,0.07855036854743958,-7.591125011444092,6.781729221343994,-4.631330966949463,-9.706390380859375,7.113915920257568,-3.9779069423675537,-9.482597351074219,2.8471994400024414,-6.859482288360596,-7.2676920890808105,5.111478805541992,-4.424738883972168,-6.446813106536865,2.442566156387329,-3.6862802505493164,-3.6171181201934814
4_yweweler_23.wav,0.45371106266975403,0.008727657608687878,836.9227238688247,761.6107926651645,1347.5251850328948,0.055689761513157895,-540.4371337890625,197.2805633544922,-12.000548362731934,1.5381925106048584,-3.2456889152526855,-43.521427154541016,1.945087194442749,10.677513122558594,-23.529922485351562,-1.8513659238815308,3.579251766204834,-18.969812393188477,-2.7147603034973145,4.748790740966797,-7.8883376121521,0.9999289512634277,1.9660632610321045,-4.882058143615723,3.4504852294921875,-0.2663279175758362,-7.878082275390625,-1.3216410875320435,-3.493990421295166,-5.812837600708008,0.4395829141139984,-4.338205814361572,-5.637834072113037,2.5531656742095947,-1.2328609228134155,-4.584929466247559
6_george_22.wav,0.2941533327102661,0.020178621634840965,1881.2962996218685,1160.610507296913,3179.947437959559,0.14223345588235295,-425.0945739746094,154.7184600830078,-106.51121520996094,31.905776977539062,40.99162673950195,-54.939208984375,-6.516580104827881,-12.954949378967285,-48.23045349121094,-2.2650554180145264,-22.524213790893555,-46.80461502075195,2.0789928436279297,-11.374411582946777,-35.985015869140625,-3.078498363494873,-7.642906665802002,-17.364459991455078,0.5726171135902405,-13.189776420593262,-14.306578636169434,3.895946741104126,-10.558160781860352,-10.040772438049316,3.698676586151123,-11.396201133728027,-9.552982330322266,3.610931873321533,-6.532607555389404,-3.696998119354248
7_george_16.wav,0.26706263422966003,0.042956721037626266,1359.6900242246907,984.2491498727828,2434.02099609375,0.08522251674107142,-383.716064453125,156.34805297851562,-86.67457580566406,10.63543701171875,35.092140197753906,-44.51361846923828,-22.515832901000977,-27.83791160583496,-46.2370491027832,1.304216980934143,-11.337760925292969,-38.88834762573242,1.2784138917922974,-0.15382443368434906,-25.216550827026367,-7.247054576873779,-10.499032974243164,-20.5457820892334,-6.650954246520996,-12.234824180603027,-11.774577140808105,1.087490200996399,-12.110145568847656,-12.742698669433594,-0.0554945282638073,-13.038290023803711,-12.093186378479004,3.738658905029297,-5.08748722076416,-7.072103977203369
7_george_34.wav,0.30501896142959595,0.04320754483342171,1274.7920409178141,1001.6812801815045,2433.7646484375,0.0665922619047619,-366.8730773925781,167.1907501220703,-81.39015197753906,10.915132522583008,35.225425720214844,-39.89347839355469,-23.556365966796875,-31.959396362304688,-41.80961227416992,6.611756801605225,-14.159354209899902,-40.77029037475586,2.6340255737304688,-2.0632057189941406,-26.43198013305664,-5.57688570022583,-10.846442222595215,-20.111806869506836,-2.5814452171325684,-10.212366104125977,-15.549318313598633,-5.161684513092041,-14.395336151123047,-10.764969825744629,-0.24159757792949677,-13.338018417358398,-7.200056552886963,7.447497367858887,-6.152133941650391,-7.696624755859375
9_theo_37.wav,0.25084859132766724,0.006125000771135092,874.8496326714125,933.8494533463561,1705.908203125,0.047417534722222224,-564.9962158203125,215.9815673828125,-60.46643829345703,27.15815544128418,42.552757263183594,-33.98875427246094,2.84187650680542,3.0294907093048096,-22.86794090270996,19.786680221557617,9.346907615661621,-23.17070960998535,5.544829368591309,6.2502875328063965,-13.874736785888672,-6.670366287231445,-12.900284767150879,-11.329039573669434,1.4080449342727661,-11.874984741210938,-12.193498611450195,-0.9827737808227539,-7.131657123565674,2.7272539138793945,8.149800300598145,-10.420496940612793,-5.288032054901123,3.0898337364196777,-9.293094635009766,-3.312027931213379
2_lucas_36.wav,0.41856518387794495,0.03946102783083916,1216.8442525179482,955.1605912241251,2191.00341796875,0.07118733723958333,-418.7102355957031,162.20233154296875,-44.008209228515625,30.33424949645996,56.60948181152344,-15.934657096862793,0.11069631576538086,8.915390014648438,-23.466333389282227,-4.594414234161377,4.462491989135742,-13.891631126403809,-2.9148895740509033,-2.2606513500213623,-12.636834144592285,1.7404828071594238,2.0368659496307373,-9.285365104675293,0.13606107234954834,2.8411712646484375,-5.15499210357666,-4.081679821014404,-4.168310165405273,-3.4270668029785156,-0.11105116456747055,-5.323109149932861,-7.3471856117248535,-2.7792141437530518,-4.67943000793457,-6.891833782196045
5_jackson_45.wav,0.3992084562778473,0.0837503969669342,977.4180171653716,883.6467525502527,1849.7021484375,0.06103515625,-280.044921875,246.3357391357422,-71.39736938476562,6.794704437255859,18.62726402282715,-55.3696403503418,-4.317450046539307,-5.780455589294434,-39.742828369140625,5.827217102050781,4.798532009124756,-21.267528533935547,-5.423256874084473,-13.266241073608398,-10.989962577819824,2.371945858001709,-23.87826919555664,-15.508585929870605,9.477636337280273,-18.515047073364258,-18.980287551879883,5.700242519378662,-13.008570671081543,-16.530385971069336,0.4103236794471741,-8.324109077453613,-5.330718040466309,2.4972126483917236,-10.790916442871094,-10.111319541931152
9_theo_20.wav,0.31952840089797974,0.00407828576862812,963.3490825588772,874.6230055221667,1866.0673828125,0.05458984375,-572.696044921875,212.94863891601562,-62.58928298950195,17.63918685913086,41.1187744140625,-37.12753677368164,-3.130647659301758,8.849739074707031,-19.12200164794922,7.174165725708008,1.5572346448898315,-18.725383758544922,2.7654104232788086,-0.11548607051372528,-7.285390853881836,2.773837089538574,-13.799073219299316,-14.40871810913086,1.5750728845596313,-13.830114364624023,-12.917546272277832,3.479785680770874,-7.2615766525268555,-4.267075538635254,6.6785712242126465,-5.974687099456787,-4.205391883850098,3.0463473796844482,-7.487124443054199,-4.794078350067139
8_theo_17.wav,0.3413339853286743,0.0055664642713963985,1455.2523580437546,1112.0953498535207,2873.2470703125,0.09873046875,-562.517822265625,166.18319702148438,-53.44868850708008,55.40819549560547,40.8126220703125,-59.019676208496094,-2.1465566158294678,10.065411567687988,-35.18024826049805,-9.806496620178223,-10.992610931396484,-22.218706130981445,6.219545364379883,-2.1816132068634033,-6.270143032073975,14.963200569152832,-1.649328589439392,-5.533453464508057,8.576741218566895,-10.687231063842773,-12.05135440826416,0.36247798800468445,-11.612732887268066,-3.7515881061553955,5.726798057556152,-8.862424850463867,-1.7295712232589722,4.829489231109619,-7.742201805114746,-0.0374298095703125
2_yweweler_13.wav,0.30169063806533813,0.009156735613942146,1034.1925859259948,905.9291222172697,1923.6328125,0.053507486979166664,-524.2238159179688,205.0775909423828,-49.0406608581543,11.15896987915039,20.997440338134766,-39.02958297729492,9.328929901123047,11.399218559265137,-30.241518020629883,-5.221449375152588,-10.167460441589355,-29.32423210144043,-0.36901208758354187,-4.043002605438232,-14.2979154586792,8.366020202636719,-4.0010666847229,-12.705852508544922,10.761551856994629,-1.334162712097168,-10.878621101379395,9.440021514892578,-2.7247698307037354,-17.424476623535156,-4.851123332977295,-10.085779190063477,-14.958979606628418,-2.904271364212036,-5.272186279296875,-5.490255355834961
6_jackson_47.wav,0.354038268327713,0.07013614475727081,1618.3830996649763,1041.9616121599722,2764.86328125,0.14991861979166668,-353.1824951171875,99.2641830444336,-24.82391929626465,26.037870407104492,21.396892547607422,-31.92359161376953,-13.685373306274414,-11.188736915588379,-20.916601181030273,4.4748735427856445,-2.684889316558838,-17.450889587402344,1.9230507612228394,1.7012540102005005,-6.16743803024292,-2.0587310791015625,-12.17961597442627,-7.239923000335693,4.955803394317627,-14.07512092590332,-18.50986099243164,-2.615128755569458,-10.068280220031738,-11.320391654968262,1.1148043870925903,-4.164898872375488,-4.803403854370117,2.6565966606140137,-3.036283016204834,-3.0970468521118164
8_lucas_14.wav,0.48312222957611084,0.039491523057222366,1641.90344160686,995.991830387819,2753.9833470394738,0.14115182976973684,-462.22003173828125,91.6572494506836,-41.611793518066406,20.56310272216797,40.63740539550781,-18.927894592285156,-10.657859802246094,6.570367336273193,-9.277009963989258,-0.22198379039764404,3.539480209350586,-9.04223918914795,0.6052713394165039,6.881134986877441,-1.8733596801757812,-1.6401211023330688,-0.626234769821167,-0.0880938395857811,3.2517294883728027,-2.4365487098693848,-5.283097267150879,-0.319354772567749,-2.208176851272583,-2.480593681335449,1.0722531080245972,-2.5960850715637207,-3.2155563831329346,0.24292677640914917,-2.220517635345459,-1.6962499618530273
9_theo_42.wav,0.3344065546989441,0.007997692562639713,910.4134525469824,873.2686701196748,1806.097412109375,0.04599609375,-530.3218383789062,212.03573608398438,-56.12070846557617,10.842391014099121,30.402902603149414,-39.14106369018555,-3.458117723464966,5.1670732498168945,-24.318208694458008,2.219130516052246,-2.4354407787323,-22.635347366333008,0.5364881753921509,-1.0865957736968994,-12.176852226257324,-2.9047651290893555,-13.808862686157227,-12.95093822479248,0.796880841255188,-13.983479499816895,-13.991717338562012,-2.2044248580932617,-14.546615600585938,-7.815808296203613,4.910939693450928,-10.972092628479004,-9.280179977416992,0.9336082339286804,-10.459985733032227,-5.355073928833008
5_yweweler_5.wav,0.4268362820148468,0.0134737528860569,1400.084267961422,913.5269756381024,2428.1853170955883,0.10184972426470588,-476.7471618652344,191.66888427734375,-91.2181396484375,-0.9169889092445374,27.76256561279297,-49.54749298095703,-6.875424861907959,3.960521936416626,-32.05366134643555,3.4229724407196045,7.599773406982422,-16.94586944580078,7.157778263092041,8.65325927734375,-7.558557987213135,-1.7885736227035522,-12.28996753692627,-9.505542755126953,8.033682823181152,-8.954977989196777,-12.533266067504883,3.942789316177368,-8.077363967895508,-8.484938621520996,4.032817840576172,-9.512067794799805,-9.041984558105469,4.036904335021973,-5.140496730804443,-4.543605804443359
2_yweweler_15.wav,0.3750206530094147,0.009154598228633404,1043.8833045569338,930.3083718718997,2019.9800931490386,0.052321213942307696,-535.7671508789062,183.50900268554688,-44.847434997558594,15.988646507263184,32.88461685180664,-29.096281051635742,3.1950154304504395,7.545135498046875,-27.96297836303711,-6.37260103225708,-6.956113338470459,-25.441457748413086,-1.6190476417541504,-0.8900493383407593,-12.646514892578125,4.046781539916992,-1.836702823638916,-9.101836204528809,10.204957008361816,3.4692203998565674,-8.580991744995117,4.26918888092041,-0.4698444604873657,-11.441126823425293,-4.376082897186279,-5.898782730102539,-8.82474422454834,-2.1861703395843506,-3.6953887939453125,-4.89061975479126
8_george_28.wav,0.27492308616638184,0.02292008139193058,1581.918911970348,1128.1843364022116,2944.251427283654,0.09359975961538461,-438.2076721191406,149.48361206054688,-81.74007415771484,37.52363586425781,37.00525665283203,-59.09980773925781,-9.646299362182617,-9.992568016052246,-46.356571197509766,-1.020995855331421,-15.752461433410645,-41.98353958129883,6.957848072052002,-4.0548787117004395,-36.12358093261719,-2.734546422958374,-3.6938998699188232,-26.032560348510742,-9.288143157958984,-8.527398109436035,-14.28311824798584,-6.854781150817871,-15.60655403137207,-11.225764274597168,-0.2912691831588745,-13.981364250183105,-11.327356338500977,-0.03967490419745445,-9.742731094360352,-4.5735249519348145
7_yweweler_16.wav,0.3532715439796448,0.0075033982284367085,1063.5622836662899,970.6336392289478,2274.06005859375,0.050013950892857144,-519.2423095703125,212.4108123779297,-65.24828338623047,14.02763557434082,35.58168029785156,-38.01513671875,0.7408854365348816,-0.3233904242515564,-38.05722427368164,6.058512210845947,12.056459426879883,-22.496877670288086,-6.009510040283203,0.9417948126792908,-4.713692665100098,4.080100059509277,-11.544336318969727,-13.230423927307129,6.1651177406311035,-6.800761699676514,-9.273933410644531,7.034030914306641,-5.82127046585083,-7.561676025390625,6.131142616271973,-7.824065208435059,-11.187170028686523,3.74623703956604,-1.6689704656600952,-5.424251556396484
8_lucas_11.wav,0.44743889570236206,0.05071723833680153,1355.1065306407668,1021.4528617319357,2575.664728338068,0.09130859375,-377.2740173339844,149.37460327148438,-41.63540267944336,36.66529846191406,51.53215408325195,-35.14657211303711,-14.688155174255371,12.215256690979004,-15.474896430969238,-4.523149013519287,2.33687162399292,-13.469470977783203,1.2531046867370605,7.108517646789551,-6.421709060668945,-2.611203908920288,-2.356174945831299,-3.6426279544830322,4.796219348907471,-3.0115439891815186,-7.736143112182617,4.145307540893555,-1.2072031497955322,-9.217377662658691,-0.7984761595726013,-2.1502647399902344,-6.647751331329346,-1.3232876062393188,-4.234790325164795,-7.344192028045654
9_george_31.wav,0.34625276923179626,0.03835497051477432,1669.7510135377056,1255.4058194790355,3109.8914513221152,0.09157151442307693,-357.0581359863281,169.40548706054688,-107.07154083251953,16.538347244262695,31.001300811767578,-49.63094711303711,-1.4164690971374512,-13.014084815979004,-42.16505813598633,10.704747200012207,-11.274260520935059,-39.1827507019043,6.636388301849365,-8.433223724365234,-31.080963134765625,1.7838170528411865,-9.268033981323242,-24.90574073791504,-3.277377128601074,-8.108796119689941,-11.73430061340332,-4.179790019989014,-15.885461807250977,-6.444724082946777,4.316684722900391,-14.509708404541016,-10.59537124633789,1.1774208545684814,-9.668259620666504,-5.015804767608643
6_theo_24.wav,0.31450018286705017,0.008247447200119495,1626.3453766833939,1018.3468301310772,2744.9940074573865,0.13773970170454544,-537.46923828125,147.88917541503906,-70.09349060058594,33.59227752685547,37.61436080932617,-43.40007019042969,-1.1268731355667114,1.562785267829895,-24.628419876098633,6.714305400848389,-9.502960205078125,-24.210058212280273,9.707942962646484,0.9306726455688477,-4.7519378662109375,13.125136375427246,-7.1887712478637695,-6.550269603729248,12.210965156555176,-11.39019775390625,-15.97664737701416,-0.3297749161720276,-11.34195327758789,-5.918893814086914,4.743545055389404,-7.014461994171143,-0.6997028589248657,5.663755416870117,-4.637145519256592,1.8881267309188843
5_theo_16.wav,0.3199290931224823,0.005473615135997534,1130.9069535421372,957.6838358280613,2231.219841452206,0.06327550551470588,-543.5877075195312,233.63352966308594,-92.19989013671875,0.6496236324310303,26.64826202392578,-46.73524475097656,0.5480619072914124,5.968019008636475,-21.451324462890625,18.451526641845703,14.11402416229248,-6.983745574951172,3.5642499923706055,-16.11656379699707,-11.742875099182129,6.426833629608154,-26.07037353515625,-20.287193298339844,9.614860534667969,-15.865625381469727,-15.698150634765625,8.440942764282227,-8.222047805786133,-5.312398433685303,8.622750282287598,-10.722209930419922,-10.215156555175781,-1.045591950416565,-10.377968788146973,0.1726313829421997
9_george_27.wav,0.3323329985141754,0.06524146348237991,1580.1317122122723,1124.9474715833808,2925.823974609375,0.096875,-339.6783447265625,178.49472045898438,-121.8063735961914,19.156063079833984,35.781761169433594,-59.00171661376953,-2.454641342163086,-11.927947044372559,-49.970909118652344,10.839919090270996,-5.043239116668701,-41.992740631103516,0.5489581823348999,-9.797924041748047,-30.423583984375,-0.04245433956384659,-13.967071533203125,-26.9785213470459,-3.4291014671325684,-12.20697021484375,-15.723922729492188,-5.563294887542725,-18.522701263427734,-6.865213871002197,5.473519325256348,-18.38595199584961,-13.616262435913086,3.2893753051757812,-10.167190551757812,-8.134431838989258
5_george_36.wav,0.3033895492553711,0.04704085364937782,1300.8742238748412,959.1463106383843,2383.60595703125,0.0759548611111111,-347.2304382324219,197.07977294921875,-111.23356628417969,-2.8233401775360107,29.37047576904297,-55.88691711425781,-17.873470306396484,-15.677989959716797,-44.084293365478516,-1.168984293937683,-10.618830680847168,-31.466468811035156,4.590622425079346,-12.9855375289917,-34.329444885253906,-0.6063498258590698,-9.341150283813477,-25.401981353759766,-2.6072726249694824,-9.827397346496582,-17.712900161743164,-1.481626033782959,-11.802765846252441,-16.14090347290039,-1.375916600227356,-8.772382736206055,-10.187131881713867,-0.19360321760177612,-7.042965888977051,-5.939914703369141
7_yweweler_24.wav,0.4338975250720978,0.00895374920219183,1082.7957303015787,970.4914487319749,2253.80859375,0.0498046875,-518.6914672851562,201.82188415527344,-59.32927703857422,7.58009672164917,27.161561965942383,-38.646385192871094,-1.4658502340316772,-1.1309767961502075,-36.48963165283203,4.370405197143555,10.762237548828125,-21.831459045410156,-3.2448885440826416,5.6116623878479,-7.186108589172363,-1.4332407712936401,-7.452538013458252,-9.632481575012207,2.851656913757324,-5.036409854888916,-7.319891929626465,1.6861646175384521,-6.552194118499756,-4.595754623413086,2.2118637561798096,-10.372674942016602,-7.708449840545654,2.791003465652466,-6.430098533630371,-5.979220390319824
0_jackson_15.wav,0.3372325599193573,0.07915246486663818,696.1538405485719,753.8340034960366,1378.89404296875,0.0372314453125,-337.598388671875,192.486572265625,-0.23519597947597504,12.402138710021973,16.74796485900879,-28.719833374023438,-18.033443450927734,-14.32269287109375,-23.371828079223633,-7.420318603515625,-15.157437324523926,-20.331512451171875,2.1989505290985107,-4.8081231117248535,-15.250489234924316,1.4133671522140503,-1.8021783828735352,-9.616511344909668,-0.3748062551021576,-6.859996318817139,-12.005242347717285,-2.5328423976898193,-7.813387393951416,-12.562668800354004,-5.206042289733887,-7.725685119628906,-9.904744148254395,-5.660061359405518,-8.085350036621094,-8.527209281921387
1_george_48.wav,0.31273674964904785,0.05602990463376045,1178.5586651803758,925.9706769804018,2244.5197610294117,0.06571691176470588,-348.2896728515625,191.28981018066406,-88.18206024169922,-8.1156587600708,10.846402168273926,-52.110076904296875,-1.6582324504852295,-8.93756103515625,-47.317474365234375,0.08708298951387405,-6.1540303230285645,-39.04557418823242,-3.9620656967163086,-5.639896869659424,-30.738008499145508,-9.497604370117188,-8.016840934753418,-19.410972595214844,-7.6273040771484375,-9.174125671386719,-11.068496704101562,-7.91236686706543,-15.831113815307617,-4.7988691329956055,2.224851369857788,-15.927423477172852,-8.58336067199707,4.614030838012695,-9.544376373291016,-7.380033016204834
6_jackson_33.wav,0.44556286931037903,0.06304587423801422,1416.3777002864788,1087.1334273379618,2607.0556640625,0.11725725446428571,-359.5696716308594,119.24827575683594,-28.293720245361328,15.919526100158691,23.665712356567383,-26.241498947143555,-16.52530860900879,-12.357414245605469,-17.441009521484375,2.064101457595825,-5.081902503967285,-12.628596305847168,2.798982858657837,-2.1092333793640137,-4.15280294418335,-1.0041581392288208,-18.984941482543945,-11.631731033325195,6.680781364440918,-12.966180801391602,-18.76613426208496,-2.6997761726379395,-10.336625099182129,-11.686166763305664,-0.7088475823402405,-6.251437187194824,-4.51016902923584,2.476860523223877,-4.231757164001465,-1.5675114393234253
8_george_20.wav,0.2959998846054077,0.05119696632027626,1644.4061492883486,1126.7146129544205,3022.0150596217104,0.08994654605263158,-372.886474609375,129.20225524902344,-79.03435516357422,39.25353240966797,41.05762481689453,-57.5764045715332,-18.161880493164062,-13.23861026763916,-46.58319854736328,-8.80809211730957,-17.717737197875977,-37.452205657958984,5.128890037536621,-6.6225996017456055,-36.355690002441406,-3.9218790531158447,0.9163139462471008,-18.178062438964844,-6.661478042602539,-6.4154157638549805,-11.000926971435547,-6.9180803298950195,-16.54117202758789,-10.644669532775879,1.2817851305007935,-11.231828689575195,-7.785593032836914,5.118490695953369,-5.870521068572998,-6.132598876953125
6_george_27.wav,0.3791026175022125,0.029565587639808655,2101.674656010745,1136.9951691904862,3256.89697265625,0.1704833984375,-408.2176818847656,147.46633911132812,-114.73468017578125,37.51097869873047,45.481117248535156,-60.353233337402344,-8.940887451171875,-12.43527603149414,-50.59867858886719,0.07602834701538086,-16.17905044555664,-45.480812072753906,1.7473061084747314,-7.934164524078369,-32.00888442993164,0.08103542029857635,-4.643817901611328,-15.708813667297363,1.5106346607208252,-11.847394943237305,-14.240056991577148,0.6105874180793762,-14.7090425491333,-10.629552841186523,4.135472774505615,-13.823768615722656,-10.807943344116211,4.0194478034973145,-9.859772682189941,-7.82711935043335
9_lucas_24.wav,0.4525561034679413,0.03183693066239357,1098.623642685754,961.564142606126,2296.487014358108,0.07025971283783784,-466.5624084472656,163.25119018554688,-28.55657386779785,20.736961364746094,41.019466400146484,-21.539714813232422,-4.603485107421875,13.129136085510254,-16.779464721679688,-7.435728549957275,10.123565673828125,-2.1349639892578125,-5.148952484130859,-2.394493818283081,-3.348012924194336,-3.3917787075042725,-11.442647933959961,-9.831352233886719,1.6539908647537231,-3.5745656490325928,-8.220599174499512,-1.894993543624878,-4.33187198638916,-5.247066020965576,-1.6483263969421387,-7.716981410980225,-9.441630363464355,-4.876343727111816,-6.704721927642822,-4.4027204513549805
7_george_13.wav,0.31600940227508545,0.03495819494128227,1326.3442537489216,1028.0665861957114,2526.5625,0.07754371279761904,-391.9594421386719,175.96102905273438,-95.05368041992188,12.255254745483398,38.12877655029297,-48.816062927246094,-21.917301177978516,-28.831912994384766,-52.440696716308594,3.143610715866089,-5.148006439208984,-40.43069076538086,-3.4080567359924316,-2.554870128631592,-27.21634864807129,-9.25672435760498,-12.448333740234375,-20.372568130493164,-3.342891216278076,-11.891681671142578,-16.947490692138672,-3.7392585277557373,-14.698573112487793,-14.481345176696777,2.002699613571167,-9.289833068847656,-13.69031810760498,0.8972486853599548,-2.8340792655944824,-6.663939476013184
6_theo_23.wav,0.332278311252594,0.007217684760689735,1847.289628929321,1116.9795280635171,3027.6816920230262,0.1669921875,-527.0958862304688,143.5088348388672,-72.92182159423828,37.74555206298828,38.86762619018555,-42.722782135009766,3.822869062423706,2.610250234603882,-28.003820419311523,6.73033332824707,-7.176969051361084,-22.99076271057129,11.4257173538208,1.7263271808624268,-5.099554061889648,15.227313995361328,-5.110942363739014,-7.578710556030273,9.482275009155273,-14.466240882873535,-14.0870943069458,7.508547306060791,-8.219674110412598,-7.735690593719482,7.380182266235352,-4.72303581237793,-3.2484099864959717,4.928929328918457,-4.829379081726074,-0.9875894784927368
9_lucas_15.wav,0.4337105453014374,0.036082904785871506,1056.951797821662,935.5788149055691,2273.157269021739,0.060079823369565216,-412.9052429199219,201.1790008544922,-48.720821380615234,24.557104110717773,48.67191696166992,-32.058319091796875,-4.828927040100098,13.96619987487793,-24.5124454498291,-10.056689262390137,9.110618591308594,2.0438594818115234,4.110159397125244,-6.913381099700928,-10.678424835205078,1.1340107917785645,-10.516194343566895,-10.539297103881836,6.828677177429199,-6.9452972412109375,-16.20808982849121,-1.877522349357605,-5.347951412200928,-10.280142784118652,-3.783021926879883,-7.3458170890808105,-7.274277210235596,-3.9834249019622803,-9.754729270935059,-6.231775760650635
0_lucas_23.wav,0.47957953810691833,0.054000962525606155,1113.1884788738214,860.8794643322655,2087.784476902174,0.07670261548913043,-343.8915100097656,222.72860717773438,-63.12568283081055,13.33151626586914,50.53057098388672,-30.88739776611328,-7.0763020515441895,8.866568565368652,-24.910594940185547,-1.271437406539917,5.275871753692627,-16.928979873657227,4.1743903160095215,9.150910377502441,-9.322654724121094,0.5216369032859802,2.313598394393921,-5.047977447509766,2.462318181991577,-2.8633196353912354,-6.420344352722168,3.0995261669158936,-5.624197483062744,-10.77484130859375,1.1150339841842651,-2.314570426940918,-7.666924953460693,-1.1085941791534424,-3.4508633613586426,-5.79651403427124
0_george_13.wav,0.26235511898994446,0.05412399768829346,1137.3497044473568,955.711447237623,2134.478759765625,0.056009928385416664,-386.13671875,163.6643524169922,-78.6968994140625,19.067712783813477,39.84746551513672,-46.72825241088867,-20.708356857299805,-17.634687423706055,-45.77385330200195,-10.833259582519531,-17.24309539794922,-39.32534408569336,-5.616522312164307,-7.362741947174072,-25.51630210876465,-4.376627445220947,-6.255952835083008,-14.939002990722656,-1.4281200170516968,-9.033602714538574,-12.918789863586426,-3.1672699451446533,-16.197689056396484,-17.16870880126953,-1.0930285453796387,-6.850179195404053,-8.840176582336426,-1.4117399454116821,-6.9049811363220215,-4.399609088897705
4_jackson_44.wav,0.34959691762924194,0.11127857118844986,800.135379339223,736.3546474250941,1250.4638671875,0.04973493303571429,-296.725830078125,211.39382934570312,-14.780229568481445,-11.068620681762695,-7.241403579711914,-33.117431640625,0.30171284079551697,-7.4245758056640625,-30.840660095214844,-7.144829750061035,-9.771049499511719,-16.28262710571289,2.833271026611328,-7.516911029815674,-8.537137985229492,10.829611778259277,-7.781764984130859,-16.280794143676758,-0.6544110178947449,-18.24382972717285,-23.76265525817871,-0.6995676755905151,-6.8654937744140625,-13.474138259887695,-1.6361409425735474,-8.672788619995117,-11.552220344543457,-1.3430017232894897,-6.500372886657715,-7.278031349182129
8_theo_31.wav,0.38632169365882874,0.011020471341907978,1442.5663198604611,1141.2238274052486,2877.7587890625,0.09633091517857142,-516.4412231445312,165.80325317382812,-53.04218292236328,54.29907989501953,38.018951416015625,-61.76191329956055,-4.9937920570373535,7.473268985748291,-35.68400192260742,-9.276272773742676,-11.364225387573242,-22.773847579956055,5.594813346862793,-4.139852523803711,-8.693853378295898,13.426803588867188,-3.7381985187530518,-8.521336555480957,6.936302185058594,-11.68913459777832,-12.92899227142334,2.690978527069092,-8.946430206298828,-6.479147911071777,1.5913194417953491,-9.895913124084473,-3.1757283210754395,2.1064698696136475,-8.411153793334961,0.7696449160575867
0_george_47.wav,0.26125648617744446,0.04886338859796524,1240.6221411763513,1000.7697881711958,2298.92578125,0.06689453125,-377.696044921875,158.1905517578125,-73.22945404052734,20.689409255981445,31.359752655029297,-46.08300018310547,-11.488231658935547,-19.39967155456543,-49.349300384521484,-7.695160865783691,-23.06508445739746,-48.93794250488281,-4.692917823791504,-7.41333532333374,-31.17510414123535,-4.116293430328369,-2.5628390312194824,-15.35551929473877,-3.4828174114227295,-8.795845985412598,-10.065122604370117,-1.5788908004760742,-16.803634643554688,-15.534210205078125,-0.7813888788223267,-12.15180492401123,-11.667057991027832,0.7475603818893433,-7.378887176513672,-6.129885196685791
3_nicolas_36.wav,0.4125264585018158,0.024792151525616646,1359.2994739126846,1224.7660306528962,2898.1733842329545,0.07892400568181818,-386.0626220703125,202.83407592773438,-79.93832397460938,45.011714935302734,42.494781494140625,-42.8045539855957,18.15336799621582,4.174820423126221,-35.648475646972656,15.022607803344727,0.6386606097221375,-25.126802444458008,11.578848838806152,1.512913465499878,-7.460311412811279,16.41651725769043,-4.704713344573975,-10.526015281677246,11.684762954711914,-4.606898784637451,-7.56175422668457,6.807721138000488,-6.179176330566406,-2.866982936859131,7.33994722366333,-5.369531631469727,-1.8612685203552246,4.21796989440918,-4.372929573059082,0.2065686583518982
6_theo_5.wav,0.3262656033039093,0.0032867221161723137,1858.47849774578,1084.3777060624327,3009.26513671875,0.16978870738636365,-575.237060546875,155.17312622070312,-71.553466796875,36.16529846191406,31.930564880371094,-46.50309753417969,4.979697227478027,-0.868130087852478,-28.187610626220703,14.992171287536621,-2.0907297134399414,-21.905479431152344,14.602046966552734,4.072968006134033,-5.649676322937012,13.897509574890137,-6.314358234405518,-8.141730308532715,9.385746002197266,-14.815590858459473,-15.14919376373291,6.454154968261719,-6.823152542114258,-6.604984760284424,4.133604526519775,-6.4703755378723145,0.1672363579273224,7.449154376983643,-4.858560562133789,-1.8013947010040283
3_jackson_25.wav,0.20014971494674683,0.10279394686222076,855.7248836249595,914.4487192650397,1887.2314453125,0.03462146577380952,-303.58984375,162.70654296875,-28.70296859741211,26.223587036132812,41.44118118286133,-29.132198333740234,-23.375076293945312,-14.333850860595703,-27.28415298461914,-7.963706016540527,-16.924942016601562,-35.61655807495117,-11.20461654663086,-6.053311824798584,-18.16524314880371,-5.086379051208496,-2.550739049911499,-5.739806175231934,2.486934185028076,-6.8364081382751465,-10.837468147277832,1.9025930166244507,-7.5810160636901855,-16.98999786376953,-5.757569313049316,-7.680319786071777,-14.152968406677246,-8.662398338317871,-9.250981330871582,-9.42887020111084
0_nicolas_5.wav,0.2807290852069855,0.039975859224796295,866.7891022246359,994.2292281889999,1952.34375,0.03748914930555555,-375.9036865234375,226.146728515625,-54.046669006347656,38.46343994140625,33.09369659423828,-42.7697868347168,18.788007736206055,7.052643299102783,-33.7163200378418,9.986492156982422,-6.762936592102051,-29.10862159729004,9.950326919555664,-1.8484692573547363,-12.694042205810547,14.102858543395996,-3.0030112266540527,-10.386590003967285,7.660318851470947,-7.528822898864746,-5.2907562255859375,8.882137298583984,-8.686284065246582,-6.393892288208008,3.300813913345337,-10.965727806091309,-5.279468536376953,3.406554937362671,-4.179746627807617,3.371347188949585
9_lucas_45.wav,0.4755720794200897,0.039361294358968735,1277.914423363446,921.8140132635575,2289.4657258064517,0.08538621471774194,-415.2452087402344,173.84146118164062,-55.8092155456543,8.939708709716797,49.464759826660156,-22.23211669921875,-10.13187313079834,15.83688735961914,-15.932382583618164,-13.786470413208008,7.249567031860352,1.6129989624023438,-4.168686866760254,-6.866797924041748,-3.5071353912353516,3.5611536502838135,-6.948671817779541,-9.542841911315918,2.9936041831970215,-4.708723545074463,-13.014100074768066,-2.818368434906006,-2.642970323562622,-7.313995838165283,-3.7437729835510254,-5.472107887268066,-5.775313377380371,-2.3898637294769287,-6.425308704376221,-6.291566848754883
8_nicolas_7.wav,0.31156665086746216,0.04361054301261902,978.7549201095062,1009.0199067492258,2236.22314453125,0.0443359375,-353.88458251953125,225.2904052734375,-65.67341613769531,44.54725646972656,41.39692687988281,-53.75477981567383,-5.253915786743164,-4.356500148773193,-30.916011810302734,12.657490730285645,-2.690199375152588,-23.276409149169922,11.413308143615723,-2.0735442638397217,-15.87486457824707,6.450467109680176,-6.9750657081604,-8.803028106689453,10.704197883605957,-5.980935096740723,-7.538294315338135,8.345484733581543,-5.483589172363281,-6.378405570983887,4.954742908477783,-2.4278297424316406,-0.5532591342926025,1.7288806438446045,-4.644235610961914,3.1031856536865234
0_lucas_14.wav,0.50287926197052,0.03194105625152588,1139.7561098762696,875.2035266517946,2106.2164306640625,0.08064778645833333,-417.4669494628906,198.04359436035156,-45.9191780090332,9.110219955444336,41.32692337036133,-18.990751266479492,-0.26061034202575684,8.408467292785645,-17.830883026123047,2.600266695022583,5.208259105682373,-13.214537620544434,2.7099647521972656,2.647778272628784,-10.685709953308105,1.8140710592269897,2.7000205516815186,-3.587412118911743,3.9434335231781006,-3.4528605937957764,-9.778372764587402,1.0087099075317383,-1.698356032371521,-6.930305004119873,0.14274264872074127,-1.5193157196044922,-4.428610324859619,0.08889635652303696,-2.041414499282837,-4.225882053375244
1_theo_7.wav,0.28561413288116455,0.0036910700146108866,813.387444489644,886.833391064514,1555.0048828125,0.036097935267857144,-607.6442260742188,228.5895538330078,-44.76333236694336,18.840490341186523,22.556055068969727,-46.09769821166992,5.0284342765808105,12.960233688354492,-29.289215087890625,0.8894179463386536,7.0359954833984375,-15.430291175842285,2.237626791000366,1.6788290739059448,-5.218560218811035,8.17255973815918,-7.960012912750244,-18.748947143554688,-5.189616680145264,-15.132036209106445,-16.12785530090332,0.6344169974327087,-7.133383750915527,-7.185581207275391,6.083560943603516,-3.7494494915008545,-8.154622077941895,1.5259418487548828,-1.8946200609207153,-4.589395999908447
5_yweweler_48.wav,0.5247371792793274,0.004612493794411421,1058.3645947969562,960.3595747543179,1995.736416903409,0.06312144886363637,-577.4676513671875,200.99005126953125,-52.29771423339844,8.622335433959961,29.410844802856445,-31.565473556518555,6.438086986541748,17.407041549682617,-16.618196487426758,6.2107744216918945,10.044261932373047,-9.597564697265625,6.114748001098633,5.729083061218262,-4.612889766693115,4.411099910736084,-3.046043634414673,-5.173290729522705,7.072819232940674,-3.8628034591674805,-6.915565013885498,5.78828239440918,-2.162792205810547,-5.051374435424805,3.1264357566833496,-4.2916951179504395,-5.434781551361084,0.9103696346282959,-3.9834508895874023,-3.1815948486328125
8_lucas_20.wav,0.4852849245071411,0.047469839453697205,1196.2967797877975,1004.8451940196372,2499.8703002929688,0.08782958984375,-371.6101379394531,201.14724731445312,-54.89147186279297,35.113311767578125,53.53183364868164,-50.912391662597656,-20.728530883789062,16.04366683959961,-17.177820205688477,-6.635921478271484,0.2192758321762085,-15.227030754089355,1.8838276863098145,3.9001290798187256,-10.10687255859375,-2.3559789657592773,-2.651599884033203,-2.5751147270202637,3.5980825424194336,-10.488053321838379,-8.53735637664795,6.751053810119629,-9.337336540222168,-14.353635787963867,3.405001401901245,-4.836767673492432,-12.940481185913086,-2.5301756858825684,-5.198988914489746,-5.851600646972656
7_jackson_22.wav,0.2905997335910797,0.05941382050514221,798.9002612653497,781.3729336892764,1307.0654296875,0.0498291015625,-358.3199768066406,214.5290985107422,-20.381229400634766,2.6886868476867676,8.70811653137207,-35.17216873168945,-8.10734748840332,-8.96406078338623,-30.422536849975586,-2.139211893081665,2.785902976989746,-16.42156219482422,-10.584412574768066,-3.7174720764160156,4.250082969665527,3.5394115447998047,-15.545404434204102,-6.424378395080566,5.305783271789551,-15.904414176940918,-12.869623184204102,2.131730318069458,-14.417121887207031,-15.256942749023438,-1.2058378458023071,-9.739683151245117,-10.914819717407227,-4.199692249298096,-10.04248046875,-6.574118614196777
7_yweweler_21.wav,0.39157605171203613,0.008719551376998425,1097.239338577824,1030.9020802643192,2373.752312911184,0.04718338815789474,-521.33935546875,190.50677490234375,-56.75944519042969,16.07524871826172,33.603431701660156,-33.29608154296875,1.2705525159835815,-1.045660376548767,-32.686790466308594,7.905209064483643,7.9241862297058105,-23.62548828125,-2.799285650253296,3.1759145259857178,-6.872476100921631,0.44759464263916016,-11.711097717285156,-12.602128982543945,4.342107772827148,-8.39937686920166,-11.749483108520508,2.3763468265533447,-6.968836784362793,-5.429267406463623,4.971057415008545,-9.617281913757324,-8.851016998291016,4.830600738525391,-4.985003471374512,-7.000023365020752
5_george_23.wav,0.3283677101135254,0.06917768716812134,1434.5791298159731,1027.864770235487,2663.150562959559,0.0808249080882353,-318.17083740234375,179.04248046875,-117.2882080078125,-0.9191653728485107,24.90028953552246,-60.47956466674805,-12.747357368469238,-12.390242576599121,-47.36585235595703,-1.4618229866027832,-9.596293449401855,-34.3950309753418,1.5708773136138916,-12.576591491699219,-33.294029235839844,-2.475229263305664,-8.776765823364258,-18.361064910888672,1.6431958675384521,-12.216168403625488,-19.75677490234375,-2.450199842453003,-11.18880844116211,-12.122977256774902,-0.152269646525383,-10.115184783935547,-9.636225700378418,-2.7585885524749756,-11.13589096069336,-5.893229007720947
1_george_17.wav,0.23159171640872955,0.05064034089446068,953.4628631013215,831.0643759495428,1693.37109375,0.04140625,-384.6268310546875,171.69622802734375,-65.83491516113281,-9.264511108398438,15.043754577636719,-38.113609313964844,-13.276386260986328,-15.198918342590332,-33.60322952270508,1.200434923171997,-8.204273223876953,-31.577186584472656,-4.753742694854736,-10.62845230102539,-31.00009536743164,-12.590270042419434,-12.604501724243164,-22.395532608032227,-10.101000785827637,-8.642751693725586,-8.249493598937988,-5.016750335693359,-17.346651077270508,-12.552838325500488,0.31377720832824707,-11.900291442871094,-13.284232139587402,-1.4326167106628418,-8.00212574005127,-9.784748077392578
2_theo_46.wav,0.3529372215270996,0.008748785592615604,1096.2847939419014,951.9387347889814,2234.06982421875,0.0706787109375,-512.2402954101562,195.0979461669922,-57.99751663208008,24.752290725708008,35.6421012878418,-41.05365753173828,-4.914714813232422,-4.648170471191406,-35.4582633972168,-7.6634202003479,-17.502653121948242,-26.784482955932617,6.7386932373046875,-5.479979991912842,-13.37951946258545,12.217414855957031,-3.083294153213501,-11.232711791992188,4.7450408935546875,-12.3740816116333,-15.484782218933105,1.0773004293441772,-10.451372146606445,-10.1481294631958,1.1706328392028809,-8.810320854187012,-4.55886697769165,5.887605667114258,-0.01783553697168827,5.150245189666748
0_george_38.wav,0.215689018368721,0.04921310022473335,1438.2087033792511,1099.25726229318,2627.7685546875,0.07884114583333333,-363.9176940917969,160.6984405517578,-95.33796691894531,30.12755012512207,43.44113540649414,-48.75297927856445,-13.710476875305176,-19.875141143798828,-49.56192398071289,-4.199218273162842,-19.229528427124023,-41.464393615722656,4.872189998626709,-4.312322616577148,-27.927011489868164,1.5617421865463257,-4.17017126083374,-18.15169906616211,-0.7988629937171936,-9.286303520202637,-14.172979354858398,-2.531921148300171,-15.371994018554688,-13.417234420776367,1.947332501411438,-9.586947441101074,-10.458210945129395,-0.218916654586792,-7.362313270568848,-4.796631813049316
7_jackson_30.wav,0.2529858648777008,0.06379526108503342,681.5341947458372,710.4202802923946,1130.4931640625,0.0339599609375,-350.6959228515625,211.85546875,-21.163841247558594,7.629422187805176,22.35848617553711,-37.65705108642578,-24.38950538635254,-9.544289588928223,-25.105480194091797,-7.1333327293396,1.80978524684906,-14.188031196594238,-17.52597427368164,-11.981521606445312,1.3230845928192139,2.9328808784484863,-16.351165771484375,-12.976011276245117,-2.6923227310180664,-15.543292045593262,-11.01002025604248,-1.2057678699493408,-16.507164001464844,-13.57469654083252,1.4791299104690552,-9.376694679260254,-14.401090621948242,-5.546187400817871,-7.5223894119262695,-6.12677526473999
5_lucas_47.wav,0.5426498055458069,0.0351070761680603,1471.5810475800722,933.9464232417263,2463.3984375,0.12981770833333334,-378.8616638183594,176.24256896972656,-71.74592590332031,7.790810585021973,44.21763229370117,-33.94911575317383,-10.916264533996582,12.542459487915039,-15.933578491210938,3.3761932849884033,13.527976036071777,-8.364168167114258,-3.2855570316314697,-2.4437811374664307,-5.7578816413879395,7.280715465545654,-2.5269370079040527,-10.834575653076172,5.372613906860352,-1.0177701711654663,-11.144204139709473,0.9907934665679932,-2.0428647994995117,-7.781251430511475,1.9449725151062012,-1.6548525094985962,-6.279971122741699,0.8026971220970154,-2.4012339115142822,-4.530873775482178
7_george_21.wav,0.27590981125831604,0.03852211683988571,1393.099185491683,1107.844343667443,2676.038818359375,0.0816162109375,-379.7101135253906,178.1321258544922,-93.65283203125,16.04159164428711,29.68037986755371,-50.27069854736328,-12.699556350708008,-29.10112953186035,-53.96363067626953,6.229925155639648,-10.71826171875,-44.65753173828125,-1.4139052629470825,-5.252856254577637,-25.785751342773438,-3.4884324073791504,-15.335115432739258,-23.90132713317871,-3.952106475830078,-16.76025390625,-20.428974151611328,-5.838343620300293,-17.612836837768555,-12.467206001281738,0.9922167062759399,-13.868725776672363,-7.829662322998047,5.988187313079834,-9.256979942321777,-8.072299003601074
6_nicolas_27.wav,0.44100889563560486,0.04501932114362717,1203.3190922613462,1169.0564327915881,2765.0590376420455,0.05517578125,-351.9365539550781,186.89967346191406,-58.191341400146484,49.81451416015625,46.554683685302734,-45.14595413208008,2.298088312149048,2.153953790664673,-36.53350830078125,0.7944745421409607,-5.1246232986450195,-26.10240364074707,7.7482523918151855,1.779789686203003,-13.820520401000977,8.88289737701416,1.5564990043640137,-8.125530242919922,7.050153732299805,0.4520564377307892,-3.6713743209838867,1.3432745933532715,-8.291919708251953,-1.8830628395080566,5.656564712524414,-5.512673854827881,1.1463401317596436,6.3472900390625,-7.040783882141113,-2.4927051067352295
5_theo_30.wav,0.28356316685676575,0.04679007828235626,1235.0375095008224,840.1854567128291,2087.9781788793102,0.08287311422413793,-382.01849365234375,166.0140380859375,-95.1866226196289,-17.09749412536621,10.473675727844238,-46.207794189453125,-2.6199066638946533,1.307091236114502,-26.415157318115234,7.175346851348877,3.3017749786376953,-17.08620834350586,-0.623002290725708,-10.461647033691406,-12.72341537475586,4.7247161865234375,-10.794189453125,-6.116342544555664,11.503171920776367,-13.704206466674805,-16.17226219177246,2.6646924018859863,-13.547717094421387,-12.304898262023926,4.557105541229248,-10.195300102233887,-14.403448104858398,-4.878866195678711,-10.862312316894531,-8.123027801513672
0_nicolas_32.wav,0.3180408179759979,0.04452501982450485,868.6886722738267,1038.5941287737573,2009.3170166015625,0.03778076171875,-358.43719482421875,208.37014770507812,-41.79594421386719,39.93330764770508,33.54487609863281,-34.28683853149414,12.631991386413574,-4.063299655914307,-38.298805236816406,8.596490859985352,-0.3578983545303345,-23.040328979492188,7.677898406982422,-1.907449722290039,-11.819008827209473,11.080831527709961,-2.10272479057312,-6.788317680358887,9.440406799316406,-6.878990650177002,-9.76191234588623,2.1082301139831543,-11.254571914672852,-7.647674560546875,4.2650885581970215,-5.222901344299316,-0.1805630922317505,5.801734924316406,-3.6974849700927734,1.384045958518982
3_lucas_48.wav,0.4451651871204376,0.03573920950293541,1082.3106450267956,962.8228557691492,2295.0087890625,0.072109375,-414.959228515625,177.85366821289062,-38.63222122192383,27.621726989746094,51.548309326171875,-28.82013511657715,-12.523970603942871,12.218232154846191,-16.58478355407715,-5.071601390838623,8.31249713897705,-7.687290191650391,-2.4360527992248535,1.4781945943832397,-5.9053263664245605,1.0037143230438232,-0.004687628708779812,-5.587040901184082,-0.1144912987947464,-4.3827738761901855,-6.919147968292236,-0.14624226093292236,-7.465275764465332,-10.314985275268555,-0.15415340662002563,-4.682830333709717,-9.077239990234375,-1.1585026979446411,-3.3549444675445557,-6.26556396484375
0_jackson_49.wav,0.32892194390296936,0.09486795961856842,737.3815923186462,745.0355580635829,1409.158145680147,0.037310431985294115,-330.1628112792969,181.54603576660156,-0.003926389385014772,12.811074256896973,22.766605377197266,-14.131032943725586,-8.469111442565918,-13.37856674194336,-23.603668212890625,-8.899208068847656,-15.990180969238281,-16.232099533081055,5.665854454040527,-4.043024063110352,-14.384964942932129,-3.5412588119506836,-10.811654090881348,-12.080119132995605,-1.6366277933120728,-13.253111839294434,-15.800612449645996,-4.694303512573242,-13.105724334716797,-13.475921630859375,-1.749548316001892,-7.950484275817871,-9.276008605957031,-0.13083535432815552,-4.906245708465576,-7.982023239135742
4_theo_20.wav,0.3404298722743988,0.0027904505841434,930.320070109364,790.5643985587378,1502.6138305664062,0.063079833984375,-616.6511840820312,227.20156860351562,-41.35356140136719,14.279747009277344,15.948043823242188,-43.735538482666016,5.3453474044799805,6.530048370361328,-25.701988220214844,4.0421648025512695,-4.909945487976074,-21.244861602783203,8.302733421325684,0.2760986089706421,-9.700601577758789,12.261442184448242,0.35179615020751953,-8.805642127990723,4.2013092041015625,-10.394763946533203,-14.635299682617188,-0.9757253527641296,-10.205095291137695,-8.971138000488281,1.881944179534912,-6.467012405395508,-4.525472164154053,0.10816437005996704,-8.449895858764648,-2.402617931365967
8_george_8.wav,0.2263505458831787,0.04833312705159187,1386.8022939712152,1101.5380076715412,2765.144149116848,0.06532353940217392,-386.9793701171875,131.66615295410156,-63.65652084350586,33.490577697753906,31.744487762451172,-53.876991271972656,-19.35141944885254,-19.40972137451172,-46.39386749267578,-8.821495056152344,-22.114145278930664,-41.51770782470703,4.771755695343018,-0.7960914969444275,-29.31480598449707,-3.2408995628356934,-1.5345606803894043,-19.388534545898438,-8.401932716369629,-8.007691383361816,-10.309466361999512,-4.492081165313721,-13.637173652648926,-8.84206771850586,1.6659040451049805,-11.883674621582031,-10.731132507324219,1.8938411474227905,-5.391400337219238,-5.091521739959717
5_jackson_34.wav,0.39130035042762756,0.06129089370369911,912.6182868283495,793.7744236554695,1627.7755737304688,0.05328369140625,-303.8374938964844,251.98670959472656,-60.62725067138672,-3.2576372623443604,20.300586700439453,-43.989009857177734,-13.659369468688965,-8.54802131652832,-20.894718170166016,21.047739028930664,13.182568550109863,-14.121725082397461,-4.043736457824707,-14.28022575378418,-9.856128692626953,5.48443603515625,-22.320053100585938,-18.828479766845703,7.4582319259643555,-15.621734619140625,-15.748315811157227,8.281874656677246,-12.572729110717773,-17.323490142822266,2.1835362911224365,-11.506452560424805,-14.753377914428711,-1.6382710933685303,-11.342737197875977,-9.031230926513672
7_yweweler_19.wav,0.3446769416332245,0.007527376990765333,1054.9944388662418,958.3989933568992,2296.3623046875,0.052699497767857144,-513.1847534179688,207.28614807128906,-63.316837310791016,14.237086296081543,33.949337005615234,-37.644134521484375,-0.1196071058511734,-1.6454734802246094,-34.85856246948242,8.635595321655273,9.489988327026367,-23.80108070373535,-4.792346477508545,-0.22036634385585785,-6.567519187927246,3.5991122722625732,-12.329217910766602,-13.95090389251709,5.13909387588501,-9.339658737182617,-12.118016242980957,4.284180164337158,-7.633465766906738,-6.936203479766846,6.815036773681641,-7.860969066619873,-9.532327651977539,4.505831241607666,-4.251871585845947,-7.868102550506592
7_jackson_40.wav,0.3297950029373169,0.06520545482635498,862.8479567184681,854.9338209629435,1718.5546875,0.04875837053571429,-317.1024475097656,211.9770050048828,-44.24523162841797,13.124722480773926,32.312477111816406,-35.30075454711914,-14.324116706848145,-9.087544441223145,-32.86638641357422,-2.6835861206054688,6.35985803604126,-15.007213592529297,-10.957438468933105,-4.575359344482422,-0.908315122127533,-6.407764911651611,-24.776138305664062,-11.74848747253418,1.9965351819992065,-18.56295394897461,-16.5887451171875,-3.4220566749572754,-13.98260498046875,-6.577620506286621,1.04507577419281,-17.24580955505371,-13.061783790588379,0.10462065786123276,-9.72553539276123,-8.929815292358398
8_george_29.wav,0.3159596025943756,0.07315050065517426,1757.2996046005812,1269.0635385298415,3132.36328125,0.09514973958333334,-316.0987243652344,158.4934539794922,-93.40172576904297,45.78074264526367,41.555973052978516,-68.53923034667969,-13.335269927978516,-8.19347095489502,-51.644771575927734,-5.4718546867370605,-15.244830131530762,-45.74040222167969,2.4531874656677246,-4.863095760345459,-37.97175979614258,-1.5175422430038452,0.7140848636627197,-26.523164749145508,-8.354737281799316,-2.5974857807159424,-14.48308277130127,-10.530962944030762,-14.69715404510498,-10.85966682434082,-1.1770840883255005,-14.868277549743652,-15.347274780273438,-1.5965327024459839,-7.8513102531433105,-6.702515602111816
4_nicolas_7.wav,0.32953959703445435,0.05581200495362282,854.1601263753977,927.3544860654722,1613.3338341346155,0.04593599759615385,-330.1302185058594,206.84713745117188,-26.114818572998047,24.38373565673828,3.2769811153411865,-56.037986755371094,3.816537618637085,8.867374420166016,-21.52973747253418,11.74666976928711,0.8262710571289062,-20.46983528137207,9.426810264587402,2.6739842891693115,-10.67569637298584,7.221028804779053,-7.1998066902160645,-17.517854690551758,-1.1353137493133545,-8.651795387268066,-9.340323448181152,3.2785069942474365,-5.920284748077393,-3.8856749534606934,5.112672805786133,-4.982142448425293,-1.8249437808990479,4.5328898429870605,-4.164959907531738,0.09180757403373718
0_nicolas_26.wav,0.2768246829509735,0.06861627846956253,825.6612255658068,965.9030201423939,1789.947509765625,0.037255859375,-342.80657958984375,199.13621520996094,-34.62993621826172,37.17620086669922,28.453250885009766,-39.49357986450195,9.684358596801758,2.6412734985351562,-34.148258209228516,1.734100103378296,-8.593426704406738,-30.3065128326416,3.6377151012420654,0.7265764474868774,-9.790013313293457,11.994302749633789,1.3354036808013916,-6.625955104827881,8.145614624023438,-3.1555399894714355,-5.514828205108643,4.726169109344482,-7.635741233825684,-5.499935626983643,4.592284679412842,-5.046042442321777,-2.0726001262664795,1.1320979595184326,-8.483875274658203,1.2628705501556396
6_nicolas_38.wav,0.5023938417434692,0.025042492896318436,1120.0188137507462,1212.9419686395754,2621.66748046875,0.0487060546875,-394.611083984375,212.42892456054688,-62.548431396484375,54.5465202331543,41.721214294433594,-44.58436965942383,9.96245002746582,0.03217875957489014,-39.20344543457031,4.034624099731445,-5.225608825683594,-21.177772521972656,13.825465202331543,-1.883265733718872,-14.426660537719727,11.948110580444336,-0.5552844405174255,-6.666059494018555,8.454696655273438,-4.539693832397461,-2.907874584197998,5.3647918701171875,-11.028831481933594,-4.045011520385742,5.520988941192627,-8.32790470123291,0.3116152882575989,7.8935394287109375,-5.717285633087158,-0.7808420658111572
3_george_26.wav,0.34746623039245605,0.03735153004527092,1734.8323612899735,1163.4567126831637,3050.537109375,0.11187065972222222,-381.79266357421875,151.7540283203125,-100.67497253417969,30.48416519165039,47.133216857910156,-51.78030776977539,-12.713951110839844,-16.027816772460938,-48.85129165649414,-0.2285652458667755,-14.738612174987793,-45.94978332519531,-2.353773832321167,-5.732851028442383,-28.74372100830078,-5.064693927764893,-11.074623107910156,-18.149599075317383,0.41577646136283875,-13.352636337280273,-16.779199600219727,0.2558194398880005,-13.652749061584473,-13.861263275146484,2.9904720783233643,-7.818390846252441,-8.478801727294922,2.197972536087036,-6.819799900054932,-6.537235736846924
8_jackson_32.wav,0.3486572206020355,0.07228834927082062,1469.2855600608705,1228.251907449659,2915.057373046875,0.084375,-344.7908020019531,148.29598999023438,-37.756736755371094,69.64408874511719,34.581356048583984,-71.46893310546875,-8.96999740600586,7.4864349365234375,-41.82299041748047,-19.10186004638672,-11.41581916809082,-20.87970733642578,-3.0760703086853027,-13.591325759887695,-15.140284538269043,0.3365994393825531,-18.719219207763672,-15.650362014770508,6.1713457107543945,-7.6045050621032715,-7.685125827789307,0.5512586832046509,-16.292884826660156,-10.49620246887207,-0.29793891310691833,-12.604009628295898,-3.9829342365264893,0.6358438730239868,-14.934147834777832,-4.49755859375
7_nicolas_8.wav,0.4143676161766052,0.035132504999637604,1152.1899288799518,1092.2333505447339,2467.8184107730262,0.05646073190789474,-363.1585693359375,203.43539428710938,-63.7607307434082,32.6566276550293,34.078338623046875,-44.474552154541016,4.7498273849487305,-7.316476821899414,-37.7892951965332,15.716114044189453,1.9379453659057617,-26.61626625061035,11.1176118850708,5.410678386688232,-8.314642906188965,12.434211730957031,-2.8851571083068848,-9.259044647216797,8.221997261047363,-7.281826496124268,-9.25891399383545,5.447656154632568,-5.70109224319458,-2.7220757007598877,6.027394771575928,-6.0275774002075195,-1.06364905834198,4.917871475219727,-4.899085521697998,0.6820873618125916
4_theo_26.wav,0.32080090045928955,0.0064822109416127205,692.4586897443893,619.7732404297285,1161.8141867897727,0.037286931818181816,-566.3329467773438,255.62220764160156,-37.3323974609375,-8.859800338745117,11.105548858642578,-32.120399475097656,2.778460741043091,3.015249013900757,-23.961320877075195,-1.7819997072219849,-11.331254005432129,-23.972013473510742,5.0981316566467285,-2.3356029987335205,-14.97769832611084,7.412208080291748,0.5480169653892517,-13.149295806884766,-2.522498846054077,-9.971653938293457,-15.67266845703125,-4.76894998550415,-8.625211715698242,-7.935603618621826,0.9092784523963928,-4.747341632843018,-4.778440952301025,-0.48206692934036255,-4.799747943878174,-0.4971819818019867
6_theo_9.wav,0.370974063873291,0.0027919630520045757,1827.099016066565,1097.9851415749586,3020.03173828125,0.16748046875,-591.0460815429688,159.01019287109375,-75.22187042236328,34.70564270019531,32.97032165527344,-45.730228424072266,8.20409870147705,3.200961112976074,-29.63812828063965,13.048842430114746,0.0023000456858426332,-21.13465690612793,12.486489295959473,2.688706398010254,-6.350327014923096,13.502633094787598,-5.550322532653809,-9.070342063903809,6.636392116546631,-14.93588638305664,-13.778338432312012,6.061708450317383,-7.454265117645264,-6.793939590454102,3.3488783836364746,-7.0190815925598145,-0.23655900359153748,7.259525775909424,-2.2924728393554688,2.6437127590179443
4_theo_38.wav,0.3674831986427307,0.004660484846681356,927.3000458635028,758.2959197621357,1521.93603515625,0.059361049107142856,-585.4010620117188,240.57699584960938,-54.606868743896484,2.9972386360168457,18.39512062072754,-35.48503494262695,11.629831314086914,7.477895259857178,-27.220273971557617,2.322767496109009,-5.772570610046387,-21.736892700195312,8.596193313598633,-0.5322321057319641,-16.030349731445312,4.637050628662109,-4.996390342712402,-14.022359848022461,3.4706966876983643,-8.211834907531738,-17.14173698425293,-0.6550276875495911,-4.013323783874512,-9.102038383483887,-2.17053484916687,-6.542701721191406,-5.326841831207275,0.33346083760261536,-4.257587432861328,-0.6967282295227051
4_theo_18.wav,0.39307284355163574,0.003794408403337002,849.0682074041623,740.7593372495732,1421.19140625,0.059407552083333336,-604.7727661132812,232.26788330078125,-37.54404067993164,12.958333969116211,15.924728393554688,-40.55310821533203,4.027775287628174,2.584225654602051,-27.330238342285156,3.4770753383636475,-4.635346412658691,-21.581520080566406,5.87667179107666,-2.1542694568634033,-11.76827335357666,10.377527236938477,-1.967508316040039,-12.566978454589844,3.105445384979248,-7.96320915222168,-14.47599983215332,-2.389632225036621,-10.033331871032715,-9.146658897399902,2.51729416847229,-3.918370246887207,-2.938251495361328,1.7232218980789185,-6.751820087432861,-4.084160804748535
6_george_44.wav,0.33670201897621155,0.03449571132659912,1813.7474269832348,1205.5487437230765,3140.4830932617188,0.1246337890625,-380.2008972167969,140.31259155273438,-94.03547668457031,32.290138244628906,40.60771942138672,-47.94255828857422,-12.154190063476562,-26.721776962280273,-54.84517288208008,-4.370077610015869,-26.209938049316406,-52.792598724365234,0.43012213706970215,-5.737514019012451,-33.067710876464844,-4.381911754608154,-6.591976165771484,-18.91890525817871,-3.7852630615234375,-11.834142684936523,-12.327247619628906,0.9241592884063721,-10.42609977722168,-5.110923767089844,5.507678031921387,-13.23876953125,-9.515188217163086,4.746698379516602,-9.475399017333984,-7.730496406555176
8_nicolas_30.wav,0.44146665930747986,0.031109115108847618,1123.9016485068782,1125.8977797146752,2602.3509306066176,0.04190602022058824,-377.3785400390625,210.33200073242188,-67.22284698486328,36.294925689697266,38.95144271850586,-48.485618591308594,5.822940826416016,9.98105239868164,-29.96929359436035,9.357635498046875,5.551380157470703,-18.84198760986328,10.381997108459473,1.4605578184127808,-15.328482627868652,5.977016925811768,-1.6435827016830444,-7.793574810028076,6.909874439239502,-4.3197855949401855,-5.321805000305176,5.535765171051025,-6.530605792999268,-3.148376941680908,5.852023124694824,-5.122647285461426,1.013609766960144,6.6151204109191895,-5.693587779998779,0.9117834568023682
3_lucas_38.wav,0.5081738233566284,0.05074522644281387,1302.012666067667,1106.390153492897,2585.9419389204545,0.07759232954545454,-388.91815185546875,165.230224609375,-51.15798568725586,36.95884704589844,56.587398529052734,-33.888526916503906,-7.727625846862793,16.35858917236328,-19.441953659057617,-4.546894550323486,4.847195148468018,-14.324895858764648,-0.5128053426742554,2.0017640590667725,-10.67188835144043,2.9381144046783447,2.4205167293548584,-9.48630142211914,0.7161142230033875,1.3529527187347412,-5.988598346710205,-0.6060052514076233,-3.2201879024505615,-5.561709880828857,0.8591144680976868,-3.871537923812866,-5.284914493560791,1.9013439416885376,-3.9927377700805664,-8.229077339172363
9_yweweler_10.wav,0.33556559681892395,0.005419403314590454,862.5784902381747,875.4028703427584,1683.556486430921,0.04664370888157895,-586.8613891601562,227.4048309326172,-54.00745391845703,9.195178985595703,25.89310646057129,-35.172882080078125,11.789349555969238,9.990540504455566,-31.758628845214844,3.839357852935791,7.34591817855835,-19.145296096801758,-1.4396811723709106,-4.3702287673950195,-14.977252960205078,-1.0145924091339111,-10.675682067871094,-12.520195007324219,3.0303714275360107,-11.50986385345459,-14.067586898803711,2.6669132709503174,-5.845191478729248,-5.902828216552734,2.598196029663086,-10.43786907196045,-7.092525482177734,4.997798919677734,-6.620517730712891,-7.553414821624756
0_theo_9.wav,0.34007471799850464,0.004886012990027666,968.6930823776167,966.1677944058157,2110.8872357536766,0.03357651654411765,-581.0071411132812,215.18524169921875,-60.22212600708008,29.60943603515625,49.47351837158203,-32.486392974853516,-8.108542442321777,-12.941218376159668,-31.733373641967773,9.350395202636719,-6.481727123260498,-26.466533660888672,8.984017372131348,-0.21057265996932983,-10.956332206726074,12.523667335510254,-4.543826103210449,-14.508369445800781,2.4295873641967773,-11.905122756958008,-12.99533748626709,2.0367984771728516,-11.983351707458496,-9.371316909790039,3.2837142944335938,-11.937792778015137,-10.2847900390625,3.145480155944824,-3.359287738800049,-2.6554856300354004
5_nicolas_40.wav,0.3950296938419342,0.051734939217567444,1114.8215205420797,930.0372152518296,2014.7900390625,0.07604166666666666,-324.0887451171875,239.34304809570312,-82.41452026367188,2.639191150665283,15.363557815551758,-47.19491195678711,22.58643913269043,10.972566604614258,-37.781982421875,11.926519393920898,6.6182122230529785,-21.438392639160156,10.781779289245605,-1.3695123195648193,-18.65601921081543,6.800848484039307,-2.6316637992858887,-8.31851863861084,9.66444206237793,-5.628098487854004,-10.163512229919434,3.31752872467041,-7.475772380828857,-4.260804176330566,6.2559027671813965,-5.461979389190674,-2.195934534072876,5.441075801849365,-2.5578505992889404,1.5624511241912842
4_theo_11.wav,0.382212370634079,0.006264759227633476,875.7329411409645,682.6583519098941,1296.298828125,0.06243489583333333,-558.3463745117188,225.93789672851562,-27.353036880493164,-3.5077412128448486,-1.1184335947036743,-45.01701736450195,-4.320199489593506,1.0473551750183105,-21.69882583618164,-0.4159550964832306,-8.754534721374512,-19.508214950561523,6.372781753540039,-2.351306200027466,-11.998879432678223,11.122784614562988,1.7751976251602173,-14.373064041137695,-5.044590950012207,-12.681918144226074,-15.757221221923828,0.22776107490062714,-2.8234643936157227,-6.012261867523193,2.056865930557251,-3.277827501296997,-5.3615875244140625,0.3186112344264984,-2.621105432510376,-2.5765202045440674
4_nicolas_16.wav,0.4219037890434265,0.06839922815561295,964.1900821257174,910.4917203696887,1710.81298828125,0.0509765625,-309.39532470703125,204.77609252929688,-35.911094665527344,14.038793563842773,3.401948928833008,-53.9106330871582,3.5392565727233887,6.482161521911621,-24.306663513183594,8.769762992858887,-2.08417010307312,-20.223142623901367,12.698843955993652,3.048694133758545,-13.14012622833252,8.340191841125488,-3.488035202026367,-15.921981811523438,0.5242420434951782,-6.019446849822998,-9.41977596282959,1.651393175125122,-5.784092903137207,-2.918170928955078,6.138778209686279,-3.3594672679901123,-0.5995751619338989,5.070289611816406,-3.494328022003174,0.7614461183547974
9_jackson_32.wav,0.34054064750671387,0.05206673592329025,872.9161991739104,898.0442005962608,1707.275390625,0.04485212053571429,-358.5298767089844,227.60409545898438,-56.60990524291992,20.71803855895996,38.888458251953125,-36.58893585205078,-0.5101878643035889,0.10079676657915115,-33.978790283203125,-1.3525751829147339,-2.154341220855713,-22.42728042602539,-3.211620569229126,-8.788415908813477,-17.042707443237305,-5.341597080230713,-14.832144737243652,-12.147379875183105,-2.6246109008789062,-16.613603591918945,-9.072356224060059,0.17754748463630676,-16.292173385620117,-8.867345809936523,-2.1638343334198,-20.19080924987793,-11.416280746459961,0.5332491993904114,-12.04532527923584,-7.824746131896973
3_jackson_21.wav,0.2530025243759155,0.09864223748445511,770.0379546000299,867.2109601329994,1426.57470703125,0.0373291015625,-315.65789794921875,193.10113525390625,-25.210147857666016,26.86855125427246,30.401226043701172,-32.27099609375,-11.174883842468262,-16.117572784423828,-37.11250686645508,-3.41113018989563,-10.817732810974121,-34.77454376220703,-9.229069709777832,-5.63120174407959,-14.790372848510742,1.4791841506958008,-1.694321870803833,-5.258062839508057,4.977248668670654,-8.792865753173828,-13.065706253051758,-0.5032320022583008,-12.859408378601074,-18.102445602416992,-6.34276008605957,-12.417390823364258,-12.020830154418945,-1.0920275449752808,-7.934496879577637,-11.280750274658203
4_nicolas_23.wav,0.2818077504634857,0.07763608545064926,781.4304419548943,810.8958899788475,1318.90869140625,0.043980189732142856,-320.7212219238281,196.88673400878906,-10.467874526977539,29.80259132385254,3.521698474884033,-61.596961975097656,-13.683006286621094,-8.266824722290039,-27.188976287841797,12.702164649963379,4.821228981018066,-16.329742431640625,9.385329246520996,0.9117075800895691,-9.857240676879883,11.32004451751709,-0.5328826904296875,-11.273402214050293,2.058777332305908,-8.647965431213379,-12.250627517700195,-0.032673630863428116,-6.466613292694092,-2.4624176025390625,6.820540904998779,-3.0792596340179443,0.37328675389289856,6.906879425048828,-3.2249274253845215,-0.9401446580886841
5_jackson_27.wav,0.341216117143631,0.05731944739818573,768.7691629451449,728.0515177077406,1333.8623046875,0.043538411458333336,-341.68280029296875,244.34033203125,-42.5232048034668,-1.3884432315826416,16.50540542602539,-46.55143356323242,-18.028705596923828,-3.8606202602386475,-27.36611557006836,-5.212677001953125,2.921765089035034,-10.362934112548828,-9.560270309448242,-16.7216854095459,-8.183335304260254,5.406184196472168,-12.646282196044922,-12.517608642578125,1.6268528699874878,-13.225534439086914,-13.541336059570312,-1.0539798736572266,-12.535727500915527,-13.520612716674805,-6.3452911376953125,-14.10944652557373,-8.350278854370117,-0.21671193838119507,-8.1847505569458,-6.706257343292236
1_theo_17.wav,0.29529687762260437,0.005124469753354788,807.9061761501794,894.6685954905416,1622.16796875,0.035319010416666664,-582.2903442382812,214.9688262939453,-37.79380416870117,18.689590454101562,24.087631225585938,-39.8917121887207,7.544511795043945,13.230269432067871,-28.977853775024414,-1.967691421508789,4.327075481414795,-17.452064514160156,-0.305458664894104,2.321045160293579,-3.6444149017333984,7.521266460418701,-9.476056098937988,-22.515653610229492,-6.6775360107421875,-8.920839309692383,-10.302350044250488,2.772019386291504,-3.3853275775909424,-8.253867149353027,-3.330471992492676,-10.670540809631348,-10.29156494140625,-1.0101544857025146,-1.9491561651229858,-1.3327051401138306
8_george_12.wav,0.2832883894443512,0.040826015174388885,1507.305169432686,1133.819725549202,2965.3487356085525,0.08087479440789473,-400.4072265625,129.9497528076172,-70.76461029052734,40.40875244140625,41.01025390625,-57.46271896362305,-22.08271598815918,-12.908402442932129,-41.43760681152344,-6.778244972229004,-17.916732788085938,-38.78577423095703,3.250333309173584,-5.879946708679199,-35.857635498046875,-4.62318754196167,1.7239062786102295,-20.25623321533203,-11.650245666503906,-7.180612564086914,-9.008551597595215,-5.532820701599121,-13.890148162841797,-8.665602684020996,0.511225163936615,-13.182406425476074,-11.429267883300781,0.6595593690872192,-8.073610305786133,-6.905618190765381
9_yweweler_19.wav,0.3730088174343109,0.01156005822122097,1025.2357529228013,936.7404197265625,1970.2880859375,0.045166015625,-515.2799682617188,208.11422729492188,-65.86158752441406,7.14607048034668,25.396732330322266,-37.47856903076172,11.810622215270996,9.020410537719727,-35.11759948730469,3.4011802673339844,7.602517127990723,-20.017467498779297,-0.3354763984680176,-5.408705711364746,-19.5462703704834,-2.5630719661712646,-10.841432571411133,-15.12254524230957,2.440375328063965,-9.875537872314453,-13.290970802307129,4.835851192474365,-3.9992105960845947,-8.003604888916016,0.5533490777015686,-10.241280555725098,-7.697887420654297,4.529634475708008,-4.230600833892822,-3.605295181274414
5_yweweler_23.wav,0.4829649329185486,0.007117554545402527,1102.2364621520087,939.0738028208128,2157.626953125,0.07548828125,-532.7088012695312,204.74546813964844,-69.70850372314453,8.117591857910156,28.795886993408203,-37.41849899291992,11.462137222290039,14.186848640441895,-26.842111587524414,9.239662170410156,10.92000961303711,-16.40842056274414,5.393487930297852,2.830009937286377,-11.167941093444824,2.7998580932617188,-7.750988006591797,-11.535886764526367,6.743648529052734,-5.599944591522217,-9.598550796508789,5.663590908050537,-6.085798263549805,-8.410799980163574,3.169708728790283,-8.483627319335938,-7.882992744445801,4.135838031768799,-5.114274501800537,-5.48344612121582
5_jackson_37.wav,0.4074295163154602,0.055223625153303146,950.8861908223471,829.6394641890117,1892.3885569852941,0.05316521139705882,-310.0813903808594,232.39901733398438,-62.75434494018555,7.571561813354492,33.053138732910156,-44.430908203125,-20.1230525970459,-6.172794342041016,-16.930904388427734,17.162450790405273,8.516815185546875,-16.132591247558594,-3.3999969959259033,-9.782093048095703,-9.987114906311035,0.2697767913341522,-20.97206687927246,-15.512882232666016,5.660350799560547,-13.872199058532715,-12.657977104187012,4.025872707366943,-15.695135116577148,-15.577902793884277,1.0237693786621094,-12.345004081726074,-12.564620018005371,-2.063411235809326,-11.328063011169434,-6.290531635284424
8_lucas_40.wav,0.4718536138534546,0.04612194001674652,1361.6567492499444,1046.9414435553124,2571.749600497159,0.09747869318181818,-405.89373779296875,183.9688262939453,-59.93697738647461,41.618263244628906,56.0240364074707,-51.96633529663086,-19.618656158447266,13.436835289001465,-20.189363479614258,-4.920628070831299,-0.01129323523491621,-16.577856063842773,4.922017574310303,7.7737345695495605,-7.415602207183838,-0.2320450246334076,-3.3550126552581787,-5.35905647277832,2.3973352909088135,-7.965028285980225,-5.219449520111084,5.772094249725342,-10.553244590759277,-11.24049186706543,3.9423179626464844,-7.63899564743042,-10.693368911743164,2.145965099334717,-5.4384846687316895,-9.045973777770996
9_yweweler_37.wav,0.3930404782295227,0.008206895552575588,929.5091109148533,842.8063568219245,1731.26953125,0.05390625,-533.0404663085938,240.5439910888672,-64.59082794189453,5.498396873474121,25.6258487701416,-41.455482482910156,13.537220001220703,15.764087677001953,-36.20755386352539,-0.6982774138450623,10.380563735961914,-16.276975631713867,0.817233681678772,-2.344419240951538,-17.398040771484375,-1.6005287170410156,-4.7658162117004395,-10.441676139831543,-0.2821933627128601,-8.875161170959473,-8.617430686950684,1.6085588932037354,-6.576864242553711,-1.4625767469406128,4.884652137756348,-9.796956062316895,-5.001714706420898,3.064640760421753,-9.572583198547363,-4.497335433959961
7_lucas_29.wav,0.48204484581947327,0.023313263431191444,1559.7309614826677,1154.3660903879882,2976.96533203125,0.134765625,-484.91900634765625,64.06676483154297,-20.035146713256836,10.366999626159668,20.53428840637207,-10.392255783081055,-1.653759241104126,5.305476665496826,-10.350846290588379,-3.5231661796569824,6.414578914642334,-0.8001256585121155,-2.691284656524658,0.004606340546160936,1.2122424840927124,2.1368088722229004,-2.2999727725982666,-2.8931353092193604,1.6213319301605225,-1.3603343963623047,-3.329442262649536,-0.08393534272909164,-1.8696775436401367,-2.0988049507141113,0.9245257377624512,-1.8493740558624268,-3.0502684116363525,-0.0729585736989975,-1.1088292598724365,-1.9730929136276245
5_theo_5.wav,0.3429087996482849,0.0042242989875376225,1049.780284763094,836.2314806557164,1848.779296875,0.06678989955357142,-552.7091064453125,240.44448852539062,-83.319580078125,-9.516434669494629,27.712032318115234,-36.134246826171875,-3.1503279209136963,3.7968790531158447,-19.668167114257812,12.546859741210938,11.724518775939941,-7.464695453643799,-0.6098384261131287,-14.740065574645996,-8.498239517211914,12.641082763671875,-13.093544960021973,-17.914682388305664,4.611063480377197,-12.3912992477417,-15.77519702911377,4.203762531280518,-6.792367458343506,-10.732086181640625,-0.3501265347003937,-7.631787300109863,-4.768876552581787,0.5508504509925842,-7.059530735015869,0.8660439252853394
2_nicolas_44.wav,0.2735116183757782,0.05262226611375809,1096.119390610887,1061.1972036641475,2182.5439453125,0.060511997767857144,-339.26165771484375,178.21913146972656,-41.35238265991211,33.42641830444336,25.76715660095215,-31.29678726196289,17.43087387084961,3.7089807987213135,-31.477388381958008,4.70314884185791,-6.471648216247559,-25.787599563598633,4.1766581535339355,-6.626864433288574,-17.531003952026367,7.407803535461426,-2.2653257846832275,-6.385757923126221,11.584228515625,-3.690328359603882,-6.619724273681641,9.54774284362793,-4.146212577819824,-7.446755409240723,3.147298574447632,-6.976999759674072,-5.1770172119140625,2.1017158031463623,-7.932877540588379,-3.381462335586548
3_yweweler_35.wav,0.39449191093444824,0.013406033627688885,1240.3557502641947,993.2237732137103,2416.4291381835938,0.072113037109375,-505.84417724609375,156.07473754882812,-51.501319885253906,25.685028076171875,49.717529296875,-33.489784240722656,-17.96076202392578,6.893936634063721,-18.670473098754883,-11.809802055358887,-8.132343292236328,-18.374229431152344,-5.0619988441467285,-5.878793716430664,-11.425300598144531,2.9137580394744873,-0.7469351291656494,-6.640439510345459,4.865960121154785,0.17261841893196106,-5.492456912994385,1.0974973440170288,-5.140491008758545,-6.474384307861328,0.4633585214614868,-8.645533561706543,-11.014477729797363,-2.0696310997009277,-6.271672248840332,-6.98002815246582
5_theo_25.wav,0.35852357745170593,0.007146493531763554,1075.7260629683083,820.7725873130765,1908.8551240808824,0.06827320772058823,-510.3953857421875,216.58485412597656,-74.35021209716797,-4.93483304977417,27.24733543395996,-38.725189208984375,-6.354755401611328,0.4688999652862549,-25.33638572692871,8.070155143737793,9.170278549194336,-13.342647552490234,-3.2067456245422363,-11.479362487792969,-11.53692626953125,5.934222221374512,-11.861939430236816,-14.575520515441895,4.917171001434326,-10.358814239501953,-14.938393592834473,1.6256088018417358,-7.092596054077148,-8.57412052154541,1.9072885513305664,-5.376725196838379,-3.7115659713745117,3.6474640369415283,0.2443399429321289,7.4115095138549805
8_lucas_17.wav,0.5081445574760437,0.05213605612516403,1366.7755818760265,1047.4100921600173,2620.3857421875,0.09349423363095238,-376.2846984863281,167.31130981445312,-52.98732376098633,36.50392150878906,54.02220916748047,-41.283363342285156,-16.670551300048828,11.952829360961914,-17.247770309448242,-4.268065452575684,0.36339932680130005,-14.928466796875,2.381196975708008,4.281569957733154,-7.955124855041504,0.8924053907394409,-1.9122908115386963,-5.3013224601745605,3.7039577960968018,-5.2682695388793945,-6.8660430908203125,6.060697078704834,-2.263444185256958,-7.084883213043213,1.2483417987823486,-6.253749370574951,-8.399130821228027,0.4295616149902344,-4.511880874633789,-5.829071044921875
6_lucas_40.wav,0.5557762384414673,0.02892690896987915,1408.7187924658176,1089.4676020067836,2692.034912109375,0.11891392299107142,-418.9161682128906,158.88536071777344,-57.21797561645508,37.192771911621094,55.03569793701172,-28.435876846313477,3.290679931640625,15.336371421813965,-19.292131423950195,9.641057968139648,16.508451461791992,-9.906240463256836,2.908411741256714,5.960501194000244,-1.7422863245010376,9.342373847961426,1.0720232725143433,-5.125389575958252,6.90205717086792,-2.009087324142456,-7.337870121002197,3.1630547046661377,-1.5562549829483032,-0.7888470888137817,6.1160383224487305,-3.398468494415283,-2.9956843852996826,3.521679401397705,-4.734208106994629,-3.3474059104919434
8_nicolas_33.wav,0.4303456246852875,0.0380704440176487,1123.2007678387827,1087.7075374494389,2535.53466796875,0.0423583984375,-354.7132568359375,198.15542602539062,-60.45421600341797,34.71421813964844,38.3875732421875,-46.04734802246094,1.6432560682296753,6.192168235778809,-28.297836303710938,8.99280834197998,3.8720760345458984,-17.237823486328125,11.41655158996582,1.2673276662826538,-14.68798542022705,4.892557144165039,-3.099762439727783,-6.528244495391846,6.991066932678223,-6.596108913421631,-4.126230239868164,8.272680282592773,-8.576739311218262,-5.7889404296875,6.820250511169434,-6.427340507507324,-3.4276137351989746,4.917529582977295,-5.9987945556640625,-0.726412832736969
8_jackson_44.wav,0.3124575912952423,0.06876767426729202,1484.8520935128793,1197.7464402774128,2935.8822471217104,0.0844983552631579,-334.690185546875,151.05276489257812,-47.90531921386719,63.64973068237305,37.37583923339844,-64.12352752685547,-2.9262611865997314,9.317558288574219,-40.85845184326172,-17.416440963745117,-12.195977210998535,-20.04817008972168,1.8318184614181519,-12.506497383117676,-17.353994369506836,5.055774688720703,-11.186077117919922,-16.862056732177734,0.4285801947116852,-9.344043731689453,-7.051525115966797,2.926748752593994,-10.830255508422852,-8.966545104980469,-6.205249786376953,-16.678098678588867,-2.424933671951294,2.1026504039764404,-14.631625175476074,-5.219278812408447
3_nicolas_8.wav,0.31560471653938293,0.04032719507813454,1232.449167559738,1088.1556064710776,2715.576171875,0.06971571180555555,-349.0650939941406,169.4855499267578,-61.86893081665039,41.626731872558594,47.27960968017578,-37.43263626098633,6.011488914489746,6.838062286376953,-28.761343002319336,4.604439735412598,-5.739729404449463,-26.47420883178711,5.498499393463135,-3.700446128845215,-17.88544464111328,5.9414238929748535,-2.15714955329895,-8.430732727050781,8.16567611694336,-2.954721689224243,-5.702447891235352,6.335446357727051,-3.9215688705444336,-2.4595701694488525,5.18005895614624,-5.369119167327881,-1.0521984100341797,3.231729507446289,-7.047074317932129,0.8544381260871887
3_lucas_26.wav,0.4410293698310852,0.025167739018797874,1376.0315380024974,975.0918298298433,2503.4085181451615,0.1026335685483871,-437.3197937011719,172.32005310058594,-61.40835189819336,29.531476974487305,56.364295959472656,-29.28798484802246,-2.1187045574188232,13.873666763305664,-24.69305992126465,-1.2721562385559082,10.582172393798828,-13.266929626464844,-0.7513664960861206,2.7544972896575928,-8.523314476013184,4.697740077972412,2.1555449962615967,-6.739294052124023,4.704362869262695,-1.642021894454956,-8.942148208618164,3.856036901473999,-1.1476398706436157,-8.31976318359375,1.6696375608444214,-1.909590244293213,-6.592198848724365,1.0245455503463745,-2.4251022338867188,-4.858245372772217
5_nicolas_10.wav,0.40403810143470764,0.05316166207194328,1088.3500159375683,989.7576684462662,2091.412353515625,0.0654296875,-326.1390380859375,237.0142822265625,-83.08877563476562,14.60628604888916,24.803630828857422,-44.495819091796875,16.947973251342773,3.6195030212402344,-37.161502838134766,15.659482955932617,5.57882022857666,-23.24492645263672,9.776472091674805,-5.594089508056641,-20.81127166748047,11.105461120605469,0.941791832447052,-8.507587432861328,9.232041358947754,-5.880599021911621,-9.720843315124512,5.683676242828369,-5.992905139923096,-6.399481773376465,2.995467185974121,-6.07155179977417,-1.441159963607788,4.777011871337891,-2.473565101623535,3.0433502197265625
4_lucas_47.wav,0.7647303342819214,0.035644322633743286,484.52011543605545,782.9806868213482,582.0556640625,0.022710060586734693,-513.8124389648438,95.13385009765625,0.5523592233657837,13.285001754760742,7.8375959396362305,-18.8181095123291,3.5805909633636475,14.23842716217041,-1.4227274656295776,5.412924766540527,9.899093627929688,0.06663617491722107,1.6478853225708008,4.573678016662598,4.4984517097473145,6.508294105529785,1.4827678203582764,0.07654272764921188,4.135563850402832,-0.9264406561851501,-1.200972318649292,5.729135990142822,1.9490493535995483,-0.011935638263821602,5.293454647064209,1.593963623046875,-1.2036688327789307,3.9536333084106445,3.0147223472595215,0.6020342707633972
2_lucas_39.wav,0.4149720072746277,0.051215317100286484,1117.0949331201095,865.2865662539497,2102.020622702206,0.07059972426470588,-381.8563232421875,186.09786987304688,-51.23185348510742,16.949586868286133,60.134029388427734,-14.379027366638184,-12.456023216247559,1.5940625667572021,-23.01171112060547,-7.358190536499023,3.7890686988830566,-10.811067581176758,-3.075011968612671,-3.2598190307617188,-10.26843547821045,4.552934646606445,1.3400570154190063,-11.842405319213867,0.1572192907333374,3.0899875164031982,-6.773462772369385,-3.876544237136841,-6.246814727783203,-10.54875659942627,-3.07125186920166,-5.0886030197143555,-11.46739673614502,-5.617879390716553,-3.6056134700775146,-6.629498481750488
3_george_41.wav,0.33994144201278687,0.048292048275470734,1691.3629313581127,1169.5103029915622,3085.581341911765,0.10986328125,-359.0885314941406,167.23085021972656,-106.36907196044922,33.123287200927734,45.055545806884766,-60.27653884887695,-16.03352165222168,-22.730913162231445,-59.75251770019531,-6.74254035949707,-21.521766662597656,-50.68006896972656,0.1277504563331604,-5.617350101470947,-31.739545822143555,-2.483576774597168,-7.187601566314697,-18.658309936523438,-0.25221896171569824,-10.782001495361328,-14.009441375732422,-1.878232717514038,-17.538551330566406,-11.585026741027832,6.57287073135376,-10.759860038757324,-10.774580955505371,4.937173366546631,-7.022984981536865,-8.885331153869629
6_george_33.wav,0.3275207281112671,0.027833081781864166,1882.0903556421506,1162.982839907585,3138.46435546875,0.12542724609375,-400.6318359375,132.96456909179688,-101.48065185546875,36.2639274597168,46.942745208740234,-47.671871185302734,-11.95057487487793,-18.249469757080078,-45.522518157958984,-4.045466899871826,-26.050273895263672,-44.88215255737305,3.4010472297668457,-9.608722686767578,-28.754079818725586,4.013278961181641,-8.088346481323242,-23.36357879638672,-0.2356255054473877,-5.639287948608398,-12.385169982910156,-3.855318069458008,-13.150583267211914,-6.274695873260498,3.974946975708008,-10.627474784851074,-5.298006057739258,4.446809768676758,-8.9281005859375,-5.613564491271973
3_george_28.wav,0.31683215498924255,0.03747545927762985,1621.1708947730986,1202.2667373520276,3044.5556640625,0.0827365451388889,-395.3099365234375,161.8861083984375,-98.43976593017578,42.667152404785156,49.46486282348633,-58.76266098022461,-8.0201416015625,-10.933549880981445,-53.87736511230469,-5.000367641448975,-18.197376251220703,-48.69954299926758,-2.980405807495117,-10.951557159423828,-34.793601989746094,-3.498307228088379,-9.90070629119873,-23.194068908691406,-4.117926120758057,-14.968196868896484,-18.94369888305664,-3.6447629928588867,-15.992572784423828,-11.964335441589355,4.164525032043457,-10.442241668701172,-9.977359771728516,0.8673088550567627,-12.061491966247559,-10.348495483398438
9_theo_31.wav,0.2720281779766083,0.004401653539389372,871.7184916818604,882.448550901987,1693.255145733173,0.045485276442307696,-595.3402709960938,230.72084045410156,-68.40316009521484,20.23556900024414,39.124900817871094,-40.07748031616211,-0.12255118787288666,0.1391255259513855,-25.603384017944336,12.731160163879395,-0.9755173921585083,-20.060667037963867,7.967885494232178,-5.623401165008545,-8.506514549255371,12.4013671875,-15.044698715209961,-18.30909538269043,4.8995161056518555,-14.9642333984375,-13.114435195922852,6.630714416503906,-9.378055572509766,-4.539790153503418,7.938916206359863,-11.092507362365723,-9.863941192626953,-2.392538547515869,-11.176496505737305,1.271733045578003
0_lucas_29.wav,0.4352398216724396,0.04833175987005234,1000.2804428679282,830.0306781155284,1931.9028108016305,0.06905995244565218,-363.3774719238281,210.25611877441406,-47.26311111450195,9.517206192016602,43.472042083740234,-23.446252822875977,-6.127100944519043,7.579296588897705,-18.741121292114258,-2.0793967247009277,1.6303565502166748,-13.922433853149414,0.2470664381980896,-0.2387973517179489,-8.749579429626465,3.2650182247161865,-1.6481040716171265,-7.146036624908447,2.302177906036377,-6.323569297790527,-7.119798183441162,5.518975734710693,-7.346921920776367,-12.89201831817627,2.0821728706359863,-4.1248087882995605,-10.322562217712402,-0.10101203620433807,-3.27187180519104,-5.993390083312988
1_lucas_34.wav,0.4852975904941559,0.044212743639945984,1175.3961384841305,922.5044340177885,2014.969482421875,0.077099609375,-432.715576171875,174.56040954589844,-30.025440216064453,10.233192443847656,27.767410278320312,-34.78489303588867,-10.521665573120117,17.408905029296875,-13.55896282196045,-11.153051376342773,5.614565372467041,-4.221797466278076,-7.232254981994629,-7.769741058349609,-8.047148704528809,1.1468470096588135,-4.577350616455078,-10.867538452148438,1.0129601955413818,-1.4175447225570679,-11.944306373596191,-4.920591831207275,-2.083284854888916,-7.5489020347595215,-5.842179298400879,-5.444931983947754,-4.873805046081543,-1.1013864278793335,-4.366733074188232,-5.708037376403809
4_george_13.wav,0.32205143570899963,0.05113261565566063,1145.0445946613809,856.2140738045825,1966.8623490767045,0.07071200284090909,-376.9872131347656,161.82904052734375,-66.19495391845703,-9.828404426574707,15.549653053283691,-44.39286804199219,-20.42881965637207,-11.765170097351074,-39.712528228759766,-16.715307235717773,-12.827007293701172,-29.95775604248047,-6.059390544891357,-2.1705355644226074,-20.572851181030273,-7.009171009063721,-3.1874144077301025,-19.05752182006836,-15.199957847595215,-7.250308036804199,-5.69535493850708,-4.507542133331299,-10.110823631286621,-9.183752059936523,-3.6763222217559814,-8.311354637145996,-6.857577323913574,0.12369255721569061,-1.169763445854187,0.383672833442688
8_nicolas_6.wav,0.4171389043331146,0.028215480968356133,1277.143392418542,1158.8546859391067,2728.13720703125,0.0644259982638889,-384.8398132324219,201.94549560546875,-71.29335021972656,46.59470748901367,42.38389205932617,-48.965030670166016,8.731165885925293,2.788367748260498,-33.793487548828125,15.33552074432373,1.9413468837738037,-21.873279571533203,15.094325065612793,-0.23986302316188812,-15.150150299072266,12.26653003692627,-2.263296365737915,-9.930010795593262,7.451701641082764,-7.181111812591553,-5.466368675231934,8.917146682739258,-5.833807468414307,-1.7544502019882202,7.896311283111572,-5.673916339874268,-0.02443627454340458,6.588315963745117,-3.5554895401000977,1.942505121231079
3_theo_13.wav,0.324435830116272,0.009824033826589584,1026.1796500497546,1021.2028360163445,2218.817138671875,0.05615234375,-531.2278442382812,173.0263671875,-40.786983489990234,32.27265167236328,44.718536376953125,-29.01325225830078,-11.121232032775879,-8.109892845153809,-28.824018478393555,-8.566086769104004,-16.124216079711914,-23.926485061645508,0.29858145117759705,-5.06547737121582,-6.435410976409912,9.419703483581543,-6.771947860717773,-10.007625579833984,3.083836555480957,-12.940857887268066,-11.61955738067627,4.470921039581299,-8.106045722961426,-9.244672775268555,-1.5870879888534546,-13.80624771118164,-8.228506088256836,3.6872785091400146,-7.393947601318359,-8.938291549682617
9_theo_15.wav,0.3201214373111725,0.003284559352323413,937.2081173484141,930.8511702225285,1745.26611328125,0.055419921875,-592.5286254882812,216.5457305908203,-56.14814376831055,17.974618911743164,36.223350524902344,-33.924434661865234,-0.44185715913772583,5.833281993865967,-21.723596572875977,7.500946998596191,2.8713886737823486,-19.602798461914062,0.1441207081079483,-0.043271973729133606,-6.263850212097168,1.9903243780136108,-13.220939636230469,-13.337031364440918,0.045459531247615814,-15.001062393188477,-12.719324111938477,2.0900826454162598,-9.287591934204102,-4.644467353820801,6.116693496704102,-9.690722465515137,-9.38255500793457,1.8592240810394287,-4.406414985656738,-3.0264554023742676
9_nicolas_5.wav,0.36507076025009155,0.04087115079164505,1026.3756433836734,1012.7578270211905,2152.8076171875,0.051106770833333336,-359.76922607421875,222.42916870117188,-71.06379699707031,22.448198318481445,39.61280059814453,-33.962039947509766,10.987345695495605,1.6887993812561035,-33.16942596435547,13.55004596710205,5.126708984375,-23.60589027404785,5.886157989501953,-2.1287033557891846,-15.645180702209473,8.839122772216797,-1.0955827236175537,-9.294500350952148,7.153865814208984,-6.498036861419678,-11.21534538269043,2.3594181537628174,-7.801671981811523,-5.7445855140686035,6.173052787780762,-3.5270962715148926,-2.1073923110961914,3.790163993835449,-4.253298282623291,0.23578397929668427
3_george_9.wav,0.31771084666252136,0.0490272082388401,1410.1849429356146,1159.7618780010364,2831.6162109375,0.07997532894736842,-371.6808776855469,151.6641082763672,-79.1175537109375,29.661954879760742,40.47275161743164,-48.49213790893555,-13.49625301361084,-19.236970901489258,-52.29342269897461,-4.964537620544434,-16.01668357849121,-49.8082275390625,-5.694619655609131,0.6888487935066223,-25.05226707458496,-6.193848609924316,-6.993775844573975,-19.04410171508789,-6.648148059844971,-14.420417785644531,-16.224096298217773,-0.5535902380943298,-13.940217971801758,-17.704408645629883,0.4742540121078491,-7.981967449188232,-13.036020278930664,0.9158805012702942,-2.145994186401367,-4.533823490142822
6_george_30.wav,0.32142117619514465,0.024583473801612854,1789.2283200250354,1216.887034993995,3180.76171875,0.11307198660714286,-406.000244140625,146.6020965576172,-95.01900482177734,38.17055892944336,48.19269943237305,-47.41492462158203,-10.831499099731445,-17.580947875976562,-46.19875717163086,-2.61578106880188,-23.071462631225586,-43.43511199951172,3.93127703666687,-9.748128890991211,-29.570697784423828,4.240200996398926,-6.284945964813232,-18.84507179260254,3.4004709720611572,-10.71393871307373,-17.084718704223633,3.3883554935455322,-8.150029182434082,-10.172516822814941,7.127917289733887,-3.3532028198242188,-6.381229877471924,3.10044264793396,-6.466915607452393,-6.638308048248291
4_yweweler_33.wav,0.45542487502098083,0.013559814542531967,841.017865014941,709.5218342184892,1277.0845853365386,0.052133413461538464,-496.48272705078125,211.79400634765625,-22.509187698364258,-14.484625816345215,-5.330994129180908,-40.1494140625,0.008947519585490227,12.478684425354004,-17.124713897705078,-3.338970422744751,-1.2849364280700684,-16.466297149658203,1.3590573072433472,5.736304759979248,-7.858471393585205,-2.939497709274292,-3.138237476348877,-4.884434223175049,2.200625419616699,-6.299293041229248,-11.324003219604492,-2.4837825298309326,-6.208714962005615,-6.943093299865723,0.4637977182865143,-6.082185745239258,-6.841240882873535,2.1448724269866943,-3.1601648330688477,-6.935022830963135
0_george_30.wav,0.24982985854148865,0.06652159988880157,1480.705551679373,1071.186363025125,2820.849609375,0.08219401041666667,-330.277099609375,150.1875,-91.57882690429688,24.218643188476562,34.66230773925781,-55.39655303955078,-10.049030303955078,-11.735784530639648,-52.58015441894531,-13.339822769165039,-21.206371307373047,-43.082679748535156,-1.400705337524414,-6.385744094848633,-25.703527450561523,1.3144936561584473,-5.815729141235352,-19.425073623657227,-3.6997125148773193,-13.445446968078613,-16.576213836669922,-2.28702974319458,-15.455573081970215,-16.27749252319336,-2.393352508544922,-13.430028915405273,-12.250044822692871,0.756242036819458,-5.498976230621338,-3.1294398307800293
9_lucas_18.wav,0.42668765783309937,0.04220283031463623,1047.208827868382,898.9713502645876,2207.8958445581898,0.06446996228448276,-409.2054748535156,198.5443878173828,-57.26485824584961,13.882500648498535,49.640289306640625,-28.22344398498535,-9.62647819519043,11.266375541687012,-24.124757766723633,-15.923513412475586,3.2389280796051025,-0.9584896564483643,-2.96835994720459,-12.64991569519043,-8.50430965423584,4.314704418182373,-11.983248710632324,-14.348313331604004,4.408756256103516,-6.4502339363098145,-15.168808937072754,-2.287731647491455,-5.63109827041626,-10.145853042602539,-4.41434383392334,-7.9693756103515625,-7.423370838165283,-4.149949073791504,-8.906606674194336,-4.0105977058410645
4_nicolas_49.wav,0.28711432218551636,0.038278352469205856,903.689543938113,896.2638973485674,1655.74951171875,0.04900251116071429,-355.79547119140625,225.7188262939453,-38.45917892456055,26.8431396484375,2.808837890625,-70.90792083740234,-1.6548510789871216,3.1933200359344482,-27.47770118713379,16.09634017944336,3.493515729904175,-20.2371768951416,12.172518730163574,2.5780203342437744,-7.5475358963012695,15.211831092834473,-2.1702520847320557,-12.848963737487793,0.8438774943351746,-14.219505310058594,-13.509201049804688,3.4387242794036865,-5.439481258392334,-0.4425436556339264,9.67798900604248,-2.5297610759735107,1.3785673379898071,7.716987609863281,-2.6424601078033447,0.9789790511131287
8_theo_38.wav,0.25726205110549927,0.005719066597521305,1585.355202562777,1169.9801129908135,2980.6922325721152,0.09690504807692307,-557.8873901367188,171.66213989257812,-75.40713500976562,57.68879699707031,43.8443603515625,-63.546504974365234,-0.6890996694564819,10.86140251159668,-35.51247024536133,-5.958549976348877,-10.983724594116211,-25.14053726196289,4.247418403625488,-8.469223976135254,-14.425281524658203,9.359455108642578,-6.311106204986572,-7.220344543457031,9.17406940460205,-9.512310981750488,-6.431502342224121,5.774870872497559,-13.614277839660645,-8.27001667022705,2.993095874786377,-10.27907657623291,-2.118288993835449,2.212343215942383,-11.668867111206055,-0.8541597127914429
4_jackson_32.wav,0.33854836225509644,0.07501866668462753,676.8012678156309,585.3090571950554,1124.8265316611842,0.04070723684210526,-346.50042724609375,240.53053283691406,-3.886983871459961,-8.541891098022461,-7.516922950744629,-46.6279296875,-15.465542793273926,0.19876842200756073,-12.31528091430664,1.9054826498031616,-8.604521751403809,-22.29315757751465,-0.944738507270813,-1.082344651222229,-9.765727043151855,0.30031344294548035,-9.868657112121582,-16.62140655517578,-3.148329019546509,-11.446770668029785,-17.70601463317871,-4.841512203216553,-9.712775230407715,-12.846636772155762,-2.1432151794433594,-7.158695220947266,-8.09036922454834,0.6894406676292419,-7.162924289703369,-7.7399983406066895
9_george_47.wav,0.4016400873661041,0.04700174927711487,1540.3891876452594,1068.1174873114771,2871.09375,0.09458705357142858,-365.4601745605469,176.60888671875,-114.04556274414062,5.64562463760376,31.443069458007812,-48.797428131103516,-2.6280651092529297,-16.55734634399414,-49.8582878112793,5.855349063873291,-13.192461013793945,-47.01314163208008,-1.6946074962615967,-9.721281051635742,-33.13475799560547,-4.19223690032959,-10.525120735168457,-21.714683532714844,-3.862867832183838,-10.633416175842285,-10.125869750976562,-3.007650375366211,-19.033119201660156,-8.188984870910645,3.0452980995178223,-19.114152908325195,-9.874327659606934,8.294904708862305,-8.316479682922363,-7.2930216789245605
7_theo_5.wav,0.30986490845680237,0.004054679535329342,1294.4845610292007,1048.5242606932861,2404.9896240234375,0.09613037109375,-578.1112670898438,206.9680938720703,-70.33663177490234,22.99136734008789,35.305274963378906,-40.74653625488281,-1.2685253620147705,-3.618912696838379,-26.721399307250977,15.12545394897461,4.605806827545166,-16.800643920898438,8.779163360595703,0.9920076131820679,-3.4964091777801514,7.809501647949219,-17.766742706298828,-13.84025764465332,8.292129516601562,-15.659767150878906,-14.63401985168457,7.843998432159424,-7.108869552612305,-7.061131000518799,3.343207359313965,-11.129413604736328,-5.238729000091553,6.015387535095215,-3.8663601875305176,0.3092130422592163
6_lucas_5.wav,0.5131679177284241,0.024236202239990234,1787.1540359296316,1099.3257795219613,3069.3096454326924,0.14776141826923078,-398.1574401855469,149.8468780517578,-69.85381317138672,22.389392852783203,39.14434051513672,-40.14982223510742,-5.300475597381592,9.652303695678711,-24.724002838134766,0.9433581233024597,8.049863815307617,-15.476491928100586,-2.3087308406829834,1.1495167016983032,-5.5483222007751465,5.285415172576904,-2.6527295112609863,-8.357797622680664,3.2827584743499756,-4.608330726623535,-7.990252494812012,2.2959580421447754,-5.183777809143066,-6.486254692077637,2.0646684169769287,-5.083487510681152,-4.893202781677246,2.5093841552734375,-3.5377795696258545,-3.1644785404205322
6_lucas_18.wav,0.5469310879707336,0.01776038110256195,1554.5357810559108,987.882789200957,2677.985088641827,0.13829627403846154,-414.78131103515625,168.85215759277344,-68.68192291259766,19.846900939941406,44.6353759765625,-34.34584045410156,-1.2710723876953125,12.92189884185791,-22.33317756652832,3.9536588191986084,11.414505958557129,-12.219324111938477,1.8433318138122559,3.556849241256714,-6.489659786224365,4.694633483886719,-1.5581969022750854,-7.294355392456055,4.96867036819458,-2.004175901412964,-5.64998197555542,4.81807804107666,-2.172884464263916,-3.9549543857574463,4.314077854156494,-2.3097598552703857,-1.9194416999816895,4.657073497772217,-2.5207951068878174,-1.9485303163528442
1_yweweler_17.wav,0.3874714970588684,0.007084623444825411,802.8204690870721,733.4763860179258,1309.3843900240386,0.05341045673076923,-572.7614135742188,237.05104064941406,-35.63983154296875,5.782761573791504,6.987918376922607,-45.97290802001953,10.812917709350586,9.728654861450195,-32.768436431884766,4.803345680236816,9.300556182861328,-16.645896911621094,4.021668910980225,0.7641375660896301,-14.283809661865234,0.8359752893447876,-5.862363338470459,-11.490476608276367,3.9921116828918457,-4.6402974128723145,-9.162582397460938,1.914371371269226,-7.273940086364746,-9.057149887084961,-0.6802313923835754,-8.79779052734375,-5.709291458129883,3.1161882877349854,-5.744750499725342,-5.10844087600708
4_nicolas_29.wav,0.299795925617218,0.05515779182314873,906.5698535598336,889.6459721892014,1753.5205078125,0.052018229166666666,-333.5440673828125,213.2834930419922,-30.691808700561523,22.400653839111328,-0.07818908989429474,-65.5774154663086,-0.9142196774482727,4.31786584854126,-27.191194534301758,11.022714614868164,1.9180638790130615,-19.741573333740234,10.476309776306152,3.06376576423645,-7.266359806060791,13.58384895324707,-3.423274517059326,-14.877283096313477,1.9086143970489502,-8.849374771118164,-11.505478858947754,2.2400906085968018,-6.099571228027344,-2.829519748687744,7.3616557121276855,-2.7043118476867676,0.3995341658592224,6.979653835296631,-1.9327183961868286,0.7564318180084229
5_yweweler_7.wav,0.5188339352607727,0.00983420293778181,1087.6866455861275,892.4996768889845,1985.899658203125,0.0773681640625,-517.5186767578125,195.05250549316406,-64.03512573242188,0.09448490291833878,23.519779205322266,-35.78972625732422,7.13431453704834,14.09834098815918,-24.433408737182617,5.318756103515625,11.331521987915039,-12.677652359008789,5.864500045776367,6.1074628829956055,-8.880648612976074,1.4748508930206299,-5.616761207580566,-10.048189163208008,6.269742012023926,-2.926252603530884,-9.230318069458008,3.6247615814208984,-6.236030101776123,-10.80878734588623,2.3023931980133057,-5.297386646270752,-9.758584022521973,0.9819496273994446,-2.808523654937744,-4.97273588180542
0_jackson_16.wav,0.30585920810699463,0.09772830456495285,676.771609998903,677.0060209253676,1283.4686279296875,0.038920084635416664,-323.8675842285156,203.38336181640625,-2.9059746265411377,3.999589204788208,15.609469413757324,-28.624914169311523,-23.68367576599121,-17.565053939819336,-23.751150131225586,-9.388297080993652,-14.89745807647705,-19.590492248535156,0.6720780730247498,-4.4403557777404785,-14.350382804870605,0.40805506706237793,-2.689439535140991,-11.119519233703613,-1.2285135984420776,-4.519234657287598,-10.448006629943848,-4.826930999755859,-11.85810375213623,-16.02672576904297,-6.866566181182861,-8.957058906555176,-10.900222778320312,-3.848181962966919,-6.004371643066406,-8.066360473632812
8_yweweler_14.wav,0.3876221179962158,0.007488572038710117,1492.4133477772718,1085.0244027722003,2814.3896484375,0.09075520833333334,-516.8729248046875,190.217041015625,-78.69487762451172,38.372737884521484,48.200679779052734,-58.38630294799805,-8.578754425048828,9.181133270263672,-34.5816650390625,-3.345944404602051,-5.066864967346191,-27.981184005737305,7.434863090515137,4.407260417938232,-17.488771438598633,3.6227309703826904,0.18143387138843536,-8.363690376281738,6.280770301818848,-5.38755989074707,-6.823356628417969,11.027816772460938,-3.558995246887207,-8.033555030822754,6.200342655181885,-8.135412216186523,-12.373791694641113,2.646897077560425,-3.438957691192627,-5.223611354827881
2_yweweler_38.wav,0.3007802963256836,0.006973388139158487,921.5952506050833,847.0317385360262,1718.46923828125,0.053792317708333336,-560.8370361328125,186.720458984375,-27.973154067993164,13.425294876098633,20.0146427154541,-34.367759704589844,3.5908846855163574,14.606931686401367,-20.37759017944336,-8.50052261352539,-10.554500579833984,-25.840290069580078,-6.276582717895508,-5.5640974044799805,-11.739214897155762,4.937042713165283,-2.777346611022949,-10.509209632873535,6.500423908233643,-1.033876895904541,-11.13711166381836,3.142695426940918,-1.5129846334457397,-13.443702697753906,-6.122925758361816,-5.7523393630981445,-8.921592712402344,-3.577115774154663,-4.273397445678711,-4.6427388191223145
6_theo_33.wav,0.3528367578983307,0.0018346620490774512,1841.8167195081082,1097.32776578843,3032.1441650390625,0.1650390625,-611.7880859375,212.32516479492188,-113.47152709960938,39.158599853515625,46.50130844116211,-54.29702377319336,11.677569389343262,8.392894744873047,-28.937536239624023,19.752086639404297,-1.2346264123916626,-21.14604949951172,20.239089965820312,-0.25068503618240356,-8.976093292236328,18.2391357421875,-7.391924858093262,-7.104135513305664,14.099266052246094,-14.20518684387207,-11.704584121704102,7.047407150268555,-13.095266342163086,-5.778115272521973,7.454414367675781,-8.555432319641113,-2.031708002090454,2.4989805221557617,-6.670453071594238,5.668238162994385
2_george_41.wav,0.3388010263442993,0.05900239944458008,804.5059140778868,819.3484781201862,1423.676006610577,0.037935697115384616,-361.4085388183594,191.9337615966797,-45.216697692871094,2.163912534713745,4.882575511932373,-52.96825408935547,-10.939705848693848,-13.219969749450684,-52.19028091430664,-23.10698699951172,-25.999040603637695,-48.22025680541992,-16.864641189575195,-14.061410903930664,-30.493741989135742,-8.24428653717041,-4.502276420593262,-14.33338451385498,-3.8773229122161865,-9.867542266845703,-15.086187362670898,-1.9055479764938354,-6.782657146453857,-12.036519050598145,-4.1422953605651855,-9.384368896484375,-10.263498306274414,-0.7036657333374023,-2.9420206546783447,-3.118166208267212
1_lucas_26.wav,0.4895435571670532,0.03994634747505188,1087.0201791143966,859.6791970852232,1975.9547183388158,0.05347964638157895,-426.2648620605469,178.05799865722656,-23.78948402404785,24.085294723510742,28.473966598510742,-39.793243408203125,-3.7452268600463867,21.646482467651367,-16.10595703125,-8.817240715026855,8.833483695983887,-0.6345919966697693,1.2397302389144897,-2.177046060562134,-7.350584506988525,2.0635416507720947,-4.092795372009277,-8.596620559692383,6.542514801025391,1.268448829650879,-14.162405014038086,-7.409644603729248,-1.0417743921279907,-4.507737159729004,-5.00376033782959,-5.958627223968506,-5.798155307769775,-4.41033935546875,-6.335439682006836,-4.848367214202881
3_theo_29.wav,0.34407636523246765,0.009086376056075096,1123.7629164094585,979.6660533544614,2313.922119140625,0.068603515625,-528.9375610351562,188.34693908691406,-56.8671989440918,35.22802734375,52.34342956542969,-35.698184967041016,-13.585037231445312,-6.284908771514893,-27.824331283569336,-5.257256984710693,-18.16254234313965,-25.922149658203125,5.110873699188232,-5.745586395263672,-10.367568969726562,10.881507873535156,-7.076701641082764,-10.762801170349121,7.8986029624938965,-8.561638832092285,-11.62375259399414,1.7616022825241089,-9.911322593688965,-7.100236415863037,-0.0005087057943455875,-13.820098876953125,-6.378448486328125,3.8602540493011475,-4.266767978668213,5.4291534423828125
7_yweweler_37.wav,0.3276377320289612,0.008681063540279865,970.9988206399381,925.6484508597148,2102.5634765625,0.044921875,-503.7522888183594,194.2938690185547,-49.39434051513672,12.698990821838379,30.531436920166016,-33.877342224121094,-1.8364286422729492,-1.1281521320343018,-36.33333206176758,-0.2804276943206787,11.80529499053955,-15.724679946899414,-7.928854942321777,-4.07930326461792,-8.037936210632324,0.5680856108665466,-9.168977737426758,-12.592521667480469,-1.5655629634857178,-9.043123245239258,-7.942838191986084,-0.7918747663497925,-13.666556358337402,-9.223371505737305,3.698272943496704,-7.51443338394165,-6.758240222930908,3.14400315284729,-5.099625587463379,-3.7233314514160156
5_jackson_28.wav,0.35885104537010193,0.05963246151804924,778.4869589796546,739.925995860679,1364.666748046875,0.044158935546875,-333.88214111328125,252.0831298828125,-46.927574157714844,1.7179324626922607,12.080495834350586,-46.30564498901367,-10.527215003967285,-13.57052230834961,-31.35718536376953,9.008039474487305,0.9913809299468994,-19.799755096435547,-3.9668054580688477,-13.076661109924316,-6.400254249572754,10.016467094421387,-17.61089324951172,-15.364774703979492,4.848813533782959,-20.660179138183594,-18.70519256591797,5.116152763366699,-12.667854309082031,-16.22270965576172,-3.1791954040527344,-15.77381420135498,-14.555618286132812,-4.162711143493652,-9.67465591430664,-3.962564468383789
8_jackson_25.wav,0.40623828768730164,0.04905961826443672,1072.8732302203243,1067.3790423592145,2440.4296875,0.06203884548611111,-382.6756591796875,179.30230712890625,-33.18901824951172,50.73815155029297,41.12248611450195,-55.407981872558594,-21.371992111206055,5.321019649505615,-19.948444366455078,-10.457530975341797,-12.735970497131348,-16.614151000976562,-3.1702516078948975,-16.683408737182617,-13.878558158874512,5.301087379455566,-10.053199768066406,-9.767136573791504,5.158243656158447,-10.87221622467041,-11.56173324584961,-0.12069177627563477,-11.521992683410645,-6.644367694854736,1.7311402559280396,-12.369638442993164,-7.851943016052246,1.1734739542007446,-10.199625968933105,-6.539819240570068
3_yweweler_27.wav,0.2678399682044983,0.014345671981573105,1330.3003264570896,1080.9821749931205,2578.186974158654,0.06449068509615384,-513.2448120117188,152.42539978027344,-51.09421920776367,35.985923767089844,50.41350555419922,-37.82888412475586,-8.132274627685547,14.06763744354248,-25.734102249145508,-13.524168968200684,-5.142367839813232,-21.79886817932129,-3.12255859375,1.0700418949127197,-12.695453643798828,1.4579741954803467,2.0456860065460205,-8.621801376342773,4.669034004211426,6.223208427429199,-3.885828733444214,0.3772530257701874,-2.044076681137085,-6.89628267288208,-4.252867221832275,-11.528850555419922,-13.021738052368164,-2.9093165397644043,-4.675098896026611,-5.425036907196045
5_nicolas_25.wav,0.40178346633911133,0.02852996438741684,1059.576286849178,1034.9168321658547,2175.5264282226562,0.06439208984375,-368.68389892578125,244.18350219726562,-75.20172119140625,27.021818161010742,26.031204223632812,-50.12224578857422,13.551008224487305,2.1993181705474854,-34.6214599609375,18.081268310546875,3.589855670928955,-23.418106079101562,10.697844505310059,-5.180571556091309,-16.284046173095703,12.800849914550781,-2.3788838386535645,-6.560787200927734,11.164649963378906,-9.440407752990723,-10.025304794311523,5.300423622131348,-10.694408416748047,-6.120340347290039,7.102599143981934,-4.405440330505371,0.0290803462266922,4.137516975402832,-5.784639358520508,2.092275619506836
1_george_6.wav,0.29165294766426086,0.05848875641822815,991.9318883248816,862.8469447512114,1770.567626953125,0.0503662109375,-346.29278564453125,186.01400756835938,-71.29409790039062,-14.099908828735352,4.1882734298706055,-44.2824592590332,-6.451424598693848,-19.36395263671875,-46.050148010253906,0.1481066644191742,-8.71800422668457,-37.44407653808594,-6.430802345275879,-10.210240364074707,-29.647048950195312,-8.20218563079834,-8.011140823364258,-18.030759811401367,-9.801440238952637,-14.34838581085205,-12.019728660583496,-6.045650482177734,-17.957618713378906,-9.946812629699707,0.4951578974723816,-15.510095596313477,-10.734390258789062,5.184451103210449,-3.8741772174835205,-6.107141971588135
1_theo_46.wav,0.3261163532733917,0.006216455716639757,829.6079631644641,885.093784908963,1550.390625,0.03541917067307692,-568.683349609375,220.5816192626953,-37.944583892822266,15.756123542785645,15.196661949157715,-44.88579559326172,8.955720901489258,9.743535995483398,-29.43699073791504,4.979606628417969,4.193970680236816,-22.19929313659668,-4.9840898513793945,-8.565840721130371,-12.250354766845703,5.637423515319824,-9.569818496704102,-14.16183853149414,2.104351282119751,-14.118657112121582,-15.827509880065918,1.5213285684585571,-11.033233642578125,-9.607941627502441,5.259109973907471,-8.540085792541504,-7.980343818664551,6.090059757232666,-4.610004901885986,-6.467352867126465
0_george_43.wav,0.2535758316516876,0.06695595383644104,1312.5069512222265,1024.6588619177653,2516.39404296875,0.06732855902777778,-339.2358703613281,156.71856689453125,-80.13398742675781,24.82288360595703,39.7789306640625,-45.8718376159668,-15.062567710876465,-22.43172264099121,-53.732208251953125,-12.402819633483887,-27.226163864135742,-51.336082458496094,-3.3592162132263184,-6.571102142333984,-33.68315124511719,-5.414711952209473,-2.171295642852783,-15.846895217895508,-2.510692834854126,-6.5641093254089355,-9.55031967163086,-0.16609255969524384,-12.032649040222168,-11.082149505615234,-0.4558696150779724,-14.81291675567627,-13.624608039855957,-0.06737057119607925,-8.606157302856445,-6.2464494705200195
5_lucas_42.wav,0.502360463142395,0.04657585918903351,1438.3053776937581,942.7673957576699,2418.6649445564517,0.11651020665322581,-379.9913330078125,155.68792724609375,-51.84678649902344,11.801599502563477,38.33927917480469,-29.827430725097656,-7.922994136810303,15.551170349121094,-12.016379356384277,0.8376747965812683,14.19261360168457,-2.0227854251861572,-0.4744283854961395,1.1266435384750366,-2.861219644546509,2.2912285327911377,-5.975703716278076,-9.240928649902344,4.738916397094727,0.40991732478141785,-6.923375606536865,0.8693025708198547,-2.353693723678589,-6.014956474304199,-0.2638220191001892,-4.001284599304199,-3.5082716941833496,3.362654209136963,-2.5555472373962402,-3.736006259918213
3_nicolas_45.wav,0.39357906579971313,0.01848488859832287,1297.3406168904373,1217.939091823843,2935.693359375,0.052693684895833336,-404.6907653808594,200.9683380126953,-79.74718475341797,42.00083923339844,42.90102005004883,-42.547584533691406,15.551680564880371,6.310697078704834,-27.592063903808594,20.165334701538086,0.4225796163082123,-23.404083251953125,16.371667861938477,4.1001973152160645,-9.007044792175293,12.387492179870605,-5.826208114624023,-7.962341785430908,9.788936614990234,-9.298022270202637,-6.538297176361084,8.472658157348633,-7.2282280921936035,-1.3909517526626587,7.4879631996154785,-7.634685039520264,0.14360515773296356,5.795337200164795,-7.175699710845947,1.70462167263031
0_george_39.wav,0.23378872871398926,0.0664728581905365,1343.9476459041703,1006.9388676196392,2482.3745727539062,0.0621337890625,-345.44805908203125,160.7225341796875,-95.95292663574219,23.851608276367188,41.89368438720703,-49.34862518310547,-14.226662635803223,-17.64739227294922,-50.01051330566406,-9.340206146240234,-21.193145751953125,-41.97404479980469,0.7937521934509277,-6.17197847366333,-25.525466918945312,3.3852853775024414,-2.291492223739624,-14.321540832519531,2.6571390628814697,-7.767010688781738,-13.714648246765137,-2.9285056591033936,-17.32335662841797,-16.240793228149414,-0.23537355661392212,-10.530780792236328,-9.448040008544922,2.3535852432250977,-5.693029403686523,-4.126125335693359
5_theo_33.wav,0.33157986402511597,0.006276892963796854,1076.982202310465,843.1366409187876,1903.53515625,0.0690673828125,-541.0025634765625,224.0363006591797,-84.94020080566406,-5.097700595855713,25.481231689453125,-41.04377365112305,2.4708735942840576,8.858716011047363,-19.719440460205078,13.193873405456543,10.484212875366211,-7.5972185134887695,3.0970847606658936,-14.834039688110352,-13.507658004760742,6.142527103424072,-18.138225555419922,-17.068904876708984,6.620967864990234,-13.085260391235352,-13.760538101196289,6.326844215393066,-5.961874485015869,-4.944523811340332,3.801572322845459,-11.197153091430664,-7.839659690856934,0.5486910939216614,-5.816266059875488,3.7351391315460205
9_yweweler_9.wav,0.38587233424186707,0.006070529110729694,937.353873910193,818.8107917464067,1682.9898231907894,0.05332545230263158,-556.9725952148438,237.70916748046875,-66.40010070800781,5.917394638061523,23.82398796081543,-41.124908447265625,14.812304496765137,12.04528522491455,-35.08565902709961,6.4657745361328125,9.824142456054688,-19.86857795715332,2.522223711013794,-1.2051082849502563,-15.540472984313965,0.3711400330066681,-10.000397682189941,-12.691341400146484,6.550544738769531,-7.176660060882568,-10.501398086547852,6.735888481140137,-3.8790335655212402,-5.878881931304932,2.410433769226074,-11.627137184143066,-8.055377006530762,5.082125663757324,-5.823054313659668,-5.5735697746276855
3_lucas_21.wav,0.539598286151886,0.037823207676410675,1277.970837982138,1011.679835584586,2477.39501953125,0.0871826171875,-376.74212646484375,189.81954956054688,-59.225311279296875,29.404560089111328,58.457557678222656,-35.26924133300781,-12.21272087097168,12.770689010620117,-22.440807342529297,-4.0307464599609375,7.23205041885376,-15.740676879882812,-2.013981342315674,4.215490341186523,-10.631280899047852,0.5647057294845581,4.444570064544678,-5.580154895782471,0.6778649091720581,-0.22828499972820282,-6.6314377784729,-1.1535110473632812,-3.755950450897217,-7.313892364501953,-1.1209379434585571,-2.9447662830352783,-4.8599138259887695,-0.3511514365673065,-2.288353681564331,-2.485048770904541
9_jackson_9.wav,0.361746609210968,0.07553980499505997,852.23879593614,888.7283293663689,1701.5716552734375,0.040445963541666664,-307.6637268066406,226.0654754638672,-47.30314636230469,13.151111602783203,20.46234703063965,-49.33615493774414,-1.6751995086669922,5.331974506378174,-33.75497055053711,-0.5602585673332214,-0.9078308939933777,-31.418394088745117,-3.359264373779297,5.854026794433594,-15.830448150634766,-9.378172874450684,-5.364104747772217,-7.4599456787109375,-3.3562211990356445,-11.01064682006836,-8.66284465789795,-2.1785733699798584,-14.19794750213623,-12.912677764892578,-6.5471882820129395,-17.18534278869629,-12.121417999267578,-0.9099686145782471,-6.711216449737549,-4.148594379425049
0_theo_11.wav,0.35332050919532776,0.005709187127649784,1001.4555198209487,947.7336344488599,2044.3084716796875,0.041656494140625,-560.3560791015625,213.86135864257812,-63.723106384277344,23.170806884765625,48.01906204223633,-27.77779769897461,-6.707073211669922,-16.11127471923828,-33.52242660522461,8.717686653137207,-7.0506978034973145,-26.83213996887207,8.037877082824707,0.09613043069839478,-10.630867004394531,11.426326751708984,-2.5702707767486572,-11.803276062011719,0.31895554065704346,-13.134529113769531,-10.250640869140625,2.598066568374634,-14.50895881652832,-12.033902168273926,2.052088499069214,-10.267159461975098,-8.015386581420898,3.673091173171997,-3.848907947540283,-4.283222198486328
0_yweweler_14.wav,0.3677671253681183,0.0076787760481238365,976.4959228535914,834.9640341739963,1679.58984375,0.05651212993421053,-534.0654907226562,218.16943359375,-51.026123046875,5.466980457305908,19.70058822631836,-46.37053680419922,-2.4371063709259033,9.456558227539062,-26.201339721679688,-0.4799756407737732,-1.7085990905761719,-24.44139289855957,1.8079862594604492,3.2593066692352295,-13.686963081359863,2.903330087661743,2.358203172683716,-7.266147136688232,3.3247690200805664,-2.396319627761841,-9.259832382202148,-0.9090256094932556,-5.268957614898682,-6.659579753875732,-0.555825412273407,-5.570363521575928,-2.8235740661621094,2.568566083908081,-3.4267826080322266,-0.638319730758667
4_lucas_25.wav,0.4586440324783325,0.06350510567426682,1147.513560926646,759.6291801358238,1768.8629150390625,0.08331298828125,-364.0650634765625,171.97850036621094,-23.307952880859375,12.506171226501465,16.424636840820312,-48.222930908203125,-11.295394897460938,24.091140747070312,-8.994162559509277,-4.778865337371826,12.699545860290527,-3.451897382736206,-5.620114803314209,-0.8383245468139648,-4.925714492797852,1.8610080480575562,-1.2153925895690918,-11.939762115478516,-3.1688883304595947,-1.0456570386886597,-11.915840148925781,-6.371616363525391,1.3327504396438599,-3.3166322708129883,-4.678918361663818,-3.81482195854187,-4.057551860809326,-1.8648353815078735,-4.434250831604004,-7.885692119598389
5_yweweler_20.wav,0.4831124246120453,0.007384037133306265,1234.247190687256,910.6503114039203,2126.942138671875,0.1009521484375,-568.3828125,185.47039794921875,-55.71258544921875,-1.4465384483337402,14.500035285949707,-38.304630279541016,7.041513919830322,12.843091011047363,-24.193851470947266,6.491544246673584,12.534809112548828,-12.174638748168945,5.159432888031006,5.55751371383667,-9.024725914001465,2.1898319721221924,-3.7339229583740234,-9.387796401977539,6.402425289154053,-1.3087536096572876,-8.551820755004883,4.285892963409424,-2.5498039722442627,-7.398746490478516,4.377624034881592,-1.5049766302108765,-6.328423500061035,2.480600357055664,-1.4652431011199951,-4.764424800872803
6_yweweler_45.wav,0.3578155040740967,0.007742897141724825,1509.8566472907785,1008.3101278356899,2687.164306640625,0.08256022135416667,-518.2925415039062,169.9514617919922,-79.58443450927734,26.900117874145508,50.73239517211914,-39.522029876708984,-7.402846813201904,5.612680435180664,-24.389474868774414,0.9604676365852356,-5.7403435707092285,-23.25581169128418,4.524901866912842,0.4178255796432495,-9.083124160766602,8.241667747497559,-3.222442388534546,-6.074581146240234,10.188443183898926,-4.284963607788086,-5.742504596710205,8.622084617614746,-4.654802322387695,-3.7076005935668945,7.592579364776611,-7.325387477874756,-8.236003875732422,1.429200530052185,-7.51868200302124,-6.250195026397705
2_lucas_38.wav,0.43076735734939575,0.026094241067767143,1306.8408588484597,961.927979207821,2376.404296875,0.0890625,-456.64483642578125,139.40309143066406,-40.184165954589844,19.272605895996094,48.673980712890625,-17.196643829345703,-12.719350814819336,3.010678768157959,-19.30621910095215,-7.325723648071289,3.9051504135131836,-13.211033821105957,-10.757637977600098,-4.14174747467041,-7.055293083190918,1.4460827112197876,0.8830764293670654,-9.172937393188477,-4.563033103942871,-2.1666901111602783,-7.118710517883301,-4.378535270690918,-3.9232852458953857,-6.011483192443848,-2.277702808380127,-3.165450096130371,-6.21718692779541,-2.100653886795044,0.26191291213035583,-1.2870715856552124
9_nicolas_13.wav,0.3010578453540802,0.027041340246796608,1000.92028598997,1058.747949579631,2181.0868112664475,0.04150390625,-390.13690185546875,227.83248901367188,-68.24824523925781,30.702632904052734,40.7236213684082,-35.05368423461914,14.473712921142578,2.1847686767578125,-37.43248748779297,12.451043128967285,6.784315586090088,-21.833908081054688,6.3697710037231445,-3.642210006713867,-14.396677017211914,11.92348575592041,-1.299516201019287,-9.25031852722168,9.042189598083496,-5.598748683929443,-9.760235786437988,3.094813346862793,-10.170724868774414,-7.465115070343018,5.95029878616333,-3.808405876159668,0.07217612862586975,7.477845191955566,-2.9582877159118652,-0.26704707741737366
8_lucas_42.wav,0.47755953669548035,0.06263033300638199,1225.1232023089597,1037.2307929028323,2438.37890625,0.07942708333333333,-379.3730773925781,168.7872772216797,-44.00604248046875,30.282991409301758,48.92417526245117,-35.70699691772461,-16.38172149658203,8.726862907409668,-15.15893840789795,-1.7279797792434692,1.1322804689407349,-15.097028732299805,1.6317003965377808,6.31784200668335,-5.62213659286499,0.12144962698221207,-1.493024230003357,-3.070333242416382,4.801206111907959,-4.135173797607422,-5.820345878601074,5.744908809661865,-4.179983139038086,-10.565147399902344,0.5471782684326172,-2.8736751079559326,-6.965910911560059,0.4086475372314453,-2.5142407417297363,-5.224478244781494
2_lucas_40.wav,0.49138322472572327,0.03507595509290695,1113.5421562008087,998.0028305059404,2238.37646484375,0.062060546875,-421.417724609375,181.8656768798828,-50.15130615234375,24.2015380859375,64.68688201904297,-15.21019458770752,-12.741290092468262,4.013916015625,-17.21658706665039,0.5643107295036316,5.4819746017456055,-16.630512237548828,-6.056703090667725,-1.380731463432312,-9.930265426635742,3.740400791168213,1.0396775007247925,-13.215856552124023,0.20698651671409607,5.270153999328613,-6.941530704498291,-4.889930725097656,-3.9543166160583496,-7.928347110748291,-2.445310115814209,-4.282773494720459,-10.896308898925781,-5.936990737915039,-2.742615222930908,-4.816748142242432
7_yweweler_22.wav,0.379484087228775,0.007954824715852737,1153.200836381834,986.182264659914,2425.8499145507812,0.0535888671875,-517.80859375,205.87059020996094,-70.09959411621094,19.055980682373047,41.61091613769531,-39.22968292236328,-0.6410753726959229,2.519225597381592,-35.244224548339844,5.752284049987793,8.122876167297363,-25.203689575195312,-2.2336971759796143,4.396302223205566,-7.689026832580566,2.2187061309814453,-7.968826770782471,-9.120152473449707,8.400039672851562,-7.482752799987793,-13.094724655151367,4.010592460632324,-6.4761457443237305,-7.698461532592773,6.303658962249756,-6.268975257873535,-7.310447692871094,6.766542434692383,-4.123827934265137,-8.902420997619629
7_jackson_45.wav,0.3714067041873932,0.05506180599331856,942.5687400058299,878.0460275089403,1923.453369140625,0.054150390625,-318.87615966796875,223.650390625,-59.50642013549805,8.235777854919434,32.179832458496094,-37.66533660888672,-9.333219528198242,-8.009452819824219,-39.411903381347656,-4.685187816619873,6.961731910705566,-14.894701957702637,-11.228433609008789,-8.252279281616211,-1.3696318864822388,-2.6137962341308594,-26.404712677001953,-14.677838325500488,3.5896904468536377,-17.12826919555664,-14.456405639648438,-0.3549883961677551,-14.011484146118164,-5.984263896942139,4.729008197784424,-14.284174919128418,-12.07403564453125,-0.6119515895843506,-9.876618385314941,-6.542510032653809
1_nicolas_28.wav,0.34329280257225037,0.03637484461069107,975.5660227958163,1008.2287322635458,2097.94921875,0.046107700892857144,-370.16314697265625,232.10205078125,-66.7510757446289,33.54802703857422,33.16628646850586,-44.30488204956055,13.443373680114746,-0.3706758916378021,-35.058963775634766,15.11904239654541,0.592203676700592,-23.92559814453125,9.328303337097168,-3.8286449909210205,-11.640324592590332,13.272435188293457,-7.363807678222656,-11.205904960632324,11.602381706237793,-6.064825534820557,-9.32873821258545,4.750927925109863,-8.96773624420166,-4.5351667404174805,7.719000816345215,-3.9554762840270996,0.048145465552806854,5.361620903015137,-5.019766807556152,0.5526723265647888
8_george_34.wav,0.2201932966709137,0.03533546254038811,1423.406534511388,1134.7720537862854,2767.6499310661766,0.07255284926470588,-395.74395751953125,149.50933837890625,-79.08087158203125,34.60673904418945,38.87990951538086,-55.321414947509766,-16.949005126953125,-9.331582069396973,-40.75297546386719,-10.420348167419434,-21.70333480834961,-35.5537109375,6.443821430206299,-6.51503324508667,-32.278411865234375,-3.38736891746521,-6.475480556488037,-24.4627628326416,-7.919798851013184,-6.015964508056641,-9.477205276489258,-3.809812545776367,-12.865142822265625,-8.293344497680664,1.2266321182250977,-11.012358665466309,-5.699100494384766,6.110316753387451,-6.107183933258057,-4.455286979675293
4_yweweler_29.wav,0.3845749795436859,0.011789141222834587,861.9033138539571,750.458753083706,1344.4793701171875,0.05889892578125,-532.4757080078125,190.01034545898438,-9.42222785949707,2.75581693649292,-9.623579978942871,-52.65929412841797,2.464784622192383,22.372600555419922,-16.717453002929688,-3.542834758758545,5.168424606323242,-17.225147247314453,-7.129701614379883,2.9399290084838867,-6.235037326812744,-1.906520128250122,-2.066175937652588,-6.817038536071777,-0.22645986080169678,-3.0440621376037598,-7.339597702026367,-3.0675063133239746,-9.052994728088379,-10.050586700439453,-0.028805986046791077,-3.394548177719116,-5.733621120452881,2.0850343704223633,-1.907443881034851,-6.80434513092041
6_jackson_22.wav,0.4302516579627991,0.05493948608636856,1614.220915031302,1084.6537885227942,2843.424741683468,0.15256426411290322,-359.6754455566406,109.36849975585938,-39.964603424072266,15.78877067565918,23.827680587768555,-30.952978134155273,-15.076340675354004,-7.900078296661377,-17.85515022277832,1.2322375774383545,-4.704221248626709,-13.08466625213623,4.813050270080566,0.5632032752037048,-7.1565423011779785,-4.507035732269287,-15.086963653564453,-8.23311710357666,1.9413896799087524,-14.824777603149414,-11.129014015197754,2.597405195236206,-11.538419723510742,-10.949186325073242,0.983167290687561,-8.929569244384766,-7.940077304840088,1.5299204587936401,-4.985133647918701,-3.3570327758789062
2_george_48.wav,0.28047290444374084,0.040486983954906464,952.0571221650415,907.2941145996369,1967.4169921875,0.044596354166666664,-398.5989990234375,172.34132385253906,-45.237510681152344,5.722356796264648,5.038152694702148,-50.09018325805664,-5.175138473510742,-8.074762344360352,-46.1336555480957,-14.988951683044434,-17.966093063354492,-43.34327697753906,-15.43715763092041,-12.096057891845703,-27.96843719482422,-8.093502044677734,-3.267350435256958,-10.93810749053955,-2.2754294872283936,-8.386007308959961,-15.651933670043945,-10.259893417358398,-15.15306282043457,-12.255148887634277,-0.4793829023838043,-3.8488540649414062,-5.393824100494385,-3.35089111328125,-9.826842308044434,-8.310782432556152
3_lucas_44.wav,0.4481096565723419,0.045746322721242905,1055.5674538258156,957.7563190555273,2269.305974786932,0.07195490056818182,-389.2634582519531,185.76800537109375,-41.72076416015625,37.77345275878906,58.89130783081055,-30.912595748901367,-10.93874454498291,10.385497093200684,-22.094499588012695,-4.274737358093262,4.469592571258545,-18.637983322143555,-5.106902599334717,3.634871006011963,-8.681864738464355,-1.7674579620361328,-0.37653982639312744,-6.011768817901611,0.0895274430513382,-3.8928403854370117,-6.502295970916748,0.49975383281707764,-6.694676399230957,-8.630139350891113,0.5373393297195435,-6.1800761222839355,-9.190056800842285,-0.47363758087158203,-4.9150824546813965,-8.054625511169434
3_nicolas_32.wav,0.3429712653160095,0.02346964366734028,1303.016712079094,1229.8266641476291,2773.6422025240386,0.058443509615384616,-386.22833251953125,193.18270874023438,-77.27698516845703,41.88319778442383,43.15425491333008,-37.66549301147461,15.472382545471191,3.6707775592803955,-33.45792007446289,13.634231567382812,0.1012258231639862,-25.74494743347168,7.8269267082214355,-2.7774581909179688,-10.584924697875977,16.38970184326172,-2.3162150382995605,-11.451422691345215,8.781292915344238,-5.908731937408447,-10.51662540435791,3.9382665157318115,-3.8423848152160645,-0.8069830536842346,4.697081089019775,-5.519172668457031,2.5937657356262207,5.895777225494385,-6.540998458862305,0.260853111743927
6_jackson_12.wav,0.494986891746521,0.029769733548164368,1343.0430931062153,1047.8433358698423,2571.5177837171054,0.11005602384868421,-407.5963134765625,123.64826965332031,-32.616973876953125,10.40944766998291,25.56705093383789,-24.150609970092773,-13.838224411010742,-2.6457173824310303,-12.939974784851074,-2.3942654132843018,-5.538321495056152,-12.330309867858887,-1.0953859090805054,-3.5719211101531982,-6.721648693084717,-4.590722560882568,-14.85837459564209,-9.071274757385254,0.5560218095779419,-13.945479393005371,-12.38683795928955,-1.1651544570922852,-13.750699043273926,-12.840846061706543,1.0767253637313843,-6.014934539794922,-6.830976963043213,2.569176197052002,-2.8530917167663574,-4.349346160888672
5_nicolas_31.wav,0.4035636782646179,0.05595055967569351,1265.4953385767399,993.845181757693,2319.0323539402175,0.08383576766304347,-313.7133483886719,192.9767608642578,-70.25239562988281,12.126725196838379,21.892671585083008,-45.68051528930664,7.909772872924805,8.331733703613281,-26.321086883544922,12.295427322387695,1.904466986656189,-22.056310653686523,10.849508285522461,1.049506664276123,-16.4512939453125,7.1389312744140625,-0.860908567905426,-7.360273361206055,9.879354476928711,-3.953010320663452,-8.625874519348145,4.960047245025635,-8.018357276916504,-7.7214813232421875,6.9832048416137695,-1.9794753789901733,-1.9988386631011963,6.312109470367432,-0.5663961172103882,0.7373936772346497
8_theo_42.wav,0.31549522280693054,0.004242454655468464,1479.2550008047936,1124.0227250823343,2896.93359375,0.08834635416666667,-566.7779541015625,198.5926055908203,-80.81830596923828,50.36045837402344,46.31843185424805,-65.7093734741211,0.7208186388015747,16.306499481201172,-33.419376373291016,-1.3147392272949219,-5.148645877838135,-24.83493995666504,6.458235740661621,-3.809694528579712,-14.991541862487793,8.847426414489746,-4.925626277923584,-11.730520248413086,2.0988051891326904,-12.477266311645508,-6.35515832901001,9.21981430053711,-8.038019180297852,-5.714554786682129,3.485452175140381,-8.761042594909668,-1.4358912706375122,1.0172266960144043,-12.7924222946167,-0.2669607996940613
2_george_13.wav,0.2738110423088074,0.032931141555309296,767.1203505262426,777.8914659971274,1303.4765625,0.03714192708333333,-416.2758483886719,188.98342895507812,-44.91707229614258,2.8276946544647217,14.465032577514648,-44.67099380493164,-13.429080963134766,-9.3995943069458,-40.1982536315918,-18.179523468017578,-20.825349807739258,-36.55253219604492,-10.592605590820312,-11.98979377746582,-25.88272476196289,-6.6812567710876465,-7.080195426940918,-18.18577766418457,-8.245495796203613,-9.790246963500977,-14.421968460083008,-9.934768676757812,-16.130035400390625,-15.15295124053955,-6.3628106117248535,-10.318418502807617,-8.887117385864258,-2.2676291465759277,-3.952655076980591,-1.3887536525726318
8_yweweler_27.wav,0.3894713222980499,0.018772127106785774,1568.4222856928063,1102.0544429016688,2840.8447265625,0.08468191964285714,-447.8473815917969,155.97512817382812,-69.33177947998047,43.9425163269043,46.134437561035156,-61.641056060791016,-16.049829483032227,8.837206840515137,-32.340457916259766,-8.742727279663086,-5.694090366363525,-24.169179916381836,5.531299591064453,4.47580623626709,-14.568682670593262,3.961538314819336,3.377565622329712,-4.940406322479248,5.178776264190674,-5.614913463592529,-9.091017723083496,3.2512130737304688,-9.881157875061035,-13.024324417114258,0.7447122931480408,-8.509519577026367,-9.891679763793945,1.6315041780471802,-6.597792625427246,-7.630402088165283
1_jackson_22.wav,0.2716072201728821,0.05228946730494499,673.8126627426035,747.6242115838786,1083.658447265625,0.0341796875,-384.0785827636719,220.4210205078125,-1.516865611076355,12.418069839477539,5.0381693840026855,-48.95232391357422,-5.54359769821167,15.634648323059082,-27.814889907836914,-21.44381332397461,-2.580714225769043,-16.57949447631836,-10.468770027160645,0.2255406677722931,-8.927701950073242,-8.191854476928711,-4.521178245544434,-7.582053184509277,-5.258554458618164,-8.313809394836426,-13.358102798461914,-7.626290798187256,-5.443907260894775,-9.203341484069824,-9.934429168701172,-11.07352352142334,-8.473553657531738,-2.9721181392669678,-4.845281600952148,-6.2508416175842285
2_theo_29.wav,0.31950217485427856,0.004910369403660297,1187.8394477757106,919.9803472796142,2079.0874280427633,0.0854749177631579,-571.4531860351562,220.75254821777344,-65.99175262451172,36.5936164855957,39.687339782714844,-45.399497985839844,10.611915588378906,10.384380340576172,-29.383455276489258,3.0191657543182373,-12.575366020202637,-26.18107795715332,11.84814167022705,-4.618868827819824,-13.738450050354004,14.503413200378418,-5.1715803146362305,-11.470512390136719,9.51059627532959,-7.874976634979248,-7.986505031585693,7.072183609008789,-10.859395980834961,-7.840091228485107,4.792759895324707,-10.911385536193848,-8.97833251953125,-1.3523194789886475,-9.442313194274902,-0.3323621153831482
4_nicolas_26.wav,0.3990941047668457,0.04430358111858368,857.7437855494462,904.0799203030095,1489.1555786132812,0.0521240234375,-349.50762939453125,234.24484252929688,-37.39181900024414,32.84947967529297,9.411096572875977,-66.0721664428711,-1.4922693967819214,0.4714130759239197,-28.46600341796875,14.923749923706055,-0.5603647232055664,-22.578598022460938,13.04236125946045,-0.46693581342697144,-14.828718185424805,10.149435043334961,-4.866161823272705,-14.829587936401367,1.4193332195281982,-10.908123016357422,-10.774198532104492,3.209713935852051,-7.483016490936279,-3.158173084259033,5.510612964630127,-7.15354585647583,-1.9196408987045288,5.7904372215271,-2.8159213066101074,1.5362823009490967
5_nicolas_22.wav,0.41535282135009766,0.04233628883957863,1160.575847388026,984.1356706162005,2150.32958984375,0.06730143229166667,-336.4437255859375,213.0700225830078,-71.59632873535156,8.828351974487305,19.5580997467041,-41.940711975097656,15.823704719543457,8.44011402130127,-28.885963439941406,12.94879150390625,2.415389060974121,-19.438385009765625,12.820221900939941,-0.7161955237388611,-15.337458610534668,8.273908615112305,-3.873371124267578,-6.5167436599731445,12.655311584472656,-5.903794765472412,-10.076580047607422,5.0478196144104,-8.801033973693848,-6.3783488273620605,8.947881698608398,-0.4802318811416626,0.6365006566047668,5.606595993041992,-4.281373023986816,0.40409940481185913
8_yweweler_48.wav,0.3501122295856476,0.006378511432558298,1427.173128989737,1208.5477763373694,2965.784630408654,0.07744891826923077,-556.1221923828125,184.72666931152344,-58.99744415283203,54.14442443847656,43.45766067504883,-59.325138092041016,2.634894847869873,12.360300064086914,-37.70378875732422,-2.0990865230560303,-4.334599494934082,-26.407299041748047,10.274378776550293,1.440604329109192,-17.78066635131836,12.303811073303223,3.960819721221924,-12.533743858337402,7.329864025115967,1.0656477212905884,-7.387061595916748,3.3357388973236084,-5.446479797363281,-5.532419681549072,1.2417889833450317,-11.608689308166504,-5.170562744140625,5.488257884979248,-7.718105792999268,-3.7271883487701416
2_theo_16.wav,0.2633739411830902,0.004202895797789097,1169.6762504918945,953.611830318207,2174.853515625,0.07856677827380952,-598.4332275390625,194.93890380859375,-57.9340705871582,42.46155548095703,45.386234283447266,-38.43258285522461,7.2686543464660645,4.639124393463135,-30.448471069335938,2.2603983879089355,-9.680506706237793,-22.539270401000977,9.513532638549805,-7.863669395446777,-15.134976387023926,13.220251083374023,-5.35917329788208,-12.356285095214844,6.550821304321289,-12.027502059936523,-12.302388191223145,6.557924747467041,-8.424605369567871,-7.965348243713379,3.924278736114502,-10.131561279296875,-7.868285179138184,1.3788775205612183,-7.1219563484191895,-1.7509329319000244
8_nicolas_18.wav,0.5488556027412415,0.03677361458539963,1235.9244252169844,1104.9144070412194,2610.302734375,0.05276150173611111,-356.4001770019531,225.56329345703125,-86.81865692138672,33.99825668334961,46.7525634765625,-52.01673889160156,-3.7535111904144287,3.2596354484558105,-29.351491928100586,10.496095657348633,-1.4937705993652344,-20.961631774902344,15.25356674194336,-0.5710511207580566,-17.622774124145508,7.44431209564209,-7.571048259735107,-12.729338645935059,10.34770679473877,-6.599217414855957,-11.499135971069336,7.69499397277832,-3.538058042526245,-4.443571090698242,8.276178359985352,-1.0932813882827759,0.15957029163837433,5.288069248199463,-4.873363494873047,-0.6510723233222961
1_yweweler_37.wav,0.34246689081192017,0.008402625098824501,744.8035304011509,729.7993379438078,1154.0771484375,0.043736049107142856,-556.102294921875,212.12779235839844,-29.475784301757812,8.92678165435791,11.731781005859375,-39.54371643066406,7.940083980560303,7.20498514175415,-34.93177032470703,-0.7623435258865356,9.100786209106445,-19.152889251708984,-5.488800048828125,-1.7459440231323242,-12.898503303527832,-1.4801579713821411,-6.053299903869629,-12.761249542236328,0.6865313649177551,-3.586092710494995,-10.50243854522705,-3.377568244934082,-7.790017127990723,-8.942461013793945,-3.3756372928619385,-9.065879821777344,-5.957169532775879,0.6215193867683411,-6.751651763916016,-4.2682390213012695
6_theo_14.wav,0.34194543957710266,0.0033825545106083155,1820.1809548402243,1091.262031725862,3028.40576171875,0.16615125868055555,-582.706787109375,155.77859497070312,-76.0408706665039,33.935543060302734,33.97909164428711,-45.07896423339844,6.418684005737305,1.0186409950256348,-28.566755294799805,10.727625846862793,-7.530965328216553,-21.650943756103516,16.82172393798828,1.2762603759765625,-7.724058151245117,14.25765323638916,-7.459375858306885,-7.949831485748291,11.04263687133789,-12.981244087219238,-11.523486137390137,7.484333515167236,-9.377584457397461,-6.53375768661499,5.3134074211120605,-7.5343756675720215,-2.310399055480957,2.779512643814087,-7.586606502532959,0.3897632658481598
6_nicolas_29.wav,0.4457676112651825,0.035001240670681,1080.6417462387535,1167.1461293884818,2586.376953125,0.046929253472222224,-380.886474609375,203.70443725585938,-55.55583572387695,60.37821578979492,47.15940856933594,-45.61445617675781,8.972610473632812,1.6853421926498413,-40.94193649291992,0.5043947696685791,-7.293331623077393,-28.352840423583984,5.691478252410889,-3.477435827255249,-14.933307647705078,11.469695091247559,1.2637563943862915,-8.856438636779785,3.837022066116333,-6.085724830627441,-4.605574607849121,4.812456130981445,-8.264127731323242,-2.3435161113739014,7.053928852081299,-5.625715255737305,-0.37892287969589233,5.027037620544434,-5.703240394592285,1.055747151374817
8_nicolas_13.wav,0.4180341958999634,0.05469689518213272,1202.5740113471156,1145.1721545201156,2723.9501953125,0.03972311580882353,-335.3016357421875,181.58352661132812,-60.88610076904297,34.24445343017578,42.638118743896484,-47.57780456542969,-7.888154983520508,8.246156692504883,-27.211679458618164,1.911988377571106,4.91901159286499,-16.958332061767578,7.666815280914307,5.109737396240234,-15.218048095703125,1.2225364446640015,1.813902497291565,-7.3361968994140625,3.27451229095459,-0.5735592246055603,-4.523688316345215,3.86120867729187,-1.3426471948623657,-1.6924289464950562,4.2491068840026855,-2.4432406425476074,-0.8069234490394592,3.059072971343994,-4.8041462898254395,-2.1030421257019043
5_george_33.wav,0.3083075284957886,0.053518448024988174,1416.5254477575754,1032.1376262380063,2610.90087890625,0.08062744140625,-330.0523376464844,180.49957275390625,-108.95207214355469,-0.7715638875961304,30.222665786743164,-49.026432037353516,-14.729758262634277,-16.372211456298828,-41.35462188720703,3.6496217250823975,-7.958841323852539,-32.322723388671875,1.431635856628418,-12.035442352294922,-29.48099136352539,1.4079148769378662,-6.384476661682129,-19.195240020751953,-0.25254592299461365,-8.797891616821289,-14.896059036254883,-3.2587506771087646,-13.284661293029785,-11.340827941894531,0.577043890953064,-10.242055892944336,-9.13379955291748,-1.3961385488510132,-10.010834693908691,-6.093250274658203
9_yweweler_29.wav,0.3446817100048065,0.009202797897160053,998.4563363350247,892.3531136411092,1892.7685546875,0.054361979166666664,-517.1443481445312,233.31646728515625,-70.61062622070312,7.1187663078308105,24.852754592895508,-45.009151458740234,11.974749565124512,12.693888664245605,-35.70479202270508,3.5501058101654053,6.355659008026123,-21.754493713378906,4.577383518218994,0.7290627360343933,-17.59681510925293,-0.6404848694801331,-9.522205352783203,-15.948909759521484,3.6334660053253174,-6.457343578338623,-12.377538681030273,1.6230500936508179,-8.141242027282715,-9.667108535766602,1.0839654207229614,-9.314577102661133,-7.922566890716553,1.8970867395401,-7.198713779449463,-4.376277446746826
1_lucas_11.wav,0.48252779245376587,0.048799604177474976,1072.2789868240561,883.8659798584313,2086.029052734375,0.057958984375,-432.1277770996094,153.75320434570312,-18.482160568237305,9.074115753173828,22.334238052368164,-30.155303955078125,-10.623346328735352,16.45656967163086,-10.545442581176758,-15.76074504852295,1.761030912399292,3.4716765880584717,1.3208595514297485,-2.817690134048462,-6.003687858581543,-4.132025241851807,-9.49177360534668,-9.248774528503418,-0.04045168682932854,-5.748533248901367,-12.3328218460083,-3.7631123065948486,-1.8477563858032227,-7.207663059234619,-6.675990104675293,-6.370769500732422,-5.905274391174316,-4.976120471954346,-7.320533752441406,-3.6493983268737793
3_lucas_42.wav,0.4794692099094391,0.04418954253196716,1372.0575279523046,979.7577652078646,2455.7639382102275,0.11503462357954546,-374.8086853027344,172.6184844970703,-55.0199089050293,28.93346405029297,56.433143615722656,-35.766353607177734,-15.013400077819824,15.621914863586426,-20.516725540161133,-12.274408340454102,2.893218517303467,-13.092681884765625,-3.758383274078369,2.629377603530884,-7.96351957321167,1.588788628578186,4.445161819458008,-6.645480632781982,-3.0894408226013184,-0.5675757527351379,-3.003239631652832,-0.9121288061141968,-6.183751106262207,-7.309242248535156,-0.1771615445613861,-4.526762008666992,-7.2315287590026855,-0.6516447067260742,-3.1244096755981445,-5.919528007507324
0_george_45.wav,0.28793466091156006,0.049031343311071396,1267.4942493825818,1006.0396615572489,2381.3765092329545,0.06962446732954546,-370.5850524902344,159.64527893066406,-77.82685089111328,17.790904998779297,33.95814514160156,-43.94010925292969,-12.3068265914917,-20.215301513671875,-50.476600646972656,-8.279411315917969,-20.93976402282715,-48.09416198730469,-6.650433540344238,-6.083502292633057,-26.569181442260742,-3.7971906661987305,-6.63032341003418,-15.674145698547363,0.7466012835502625,-8.852803230285645,-15.147570610046387,-2.1693274974823,-12.525683403015137,-13.83120346069336,-0.8745701313018799,-10.871166229248047,-10.776437759399414,1.5379081964492798,-5.817739486694336,-5.3659772872924805
9_george_6.wav,0.29792726039886475,0.043550461530685425,1187.2992914090785,979.4707005535442,2368.2216796875,0.06267578125,-392.8521423339844,183.89761352539062,-96.5259017944336,13.37408447265625,36.495750427246094,-46.35724639892578,-9.657464027404785,-20.619873046875,-49.538814544677734,1.8961453437805176,-13.062283515930176,-42.47721862792969,-2.1048707962036133,-7.063049793243408,-25.00506019592285,-3.4614408016204834,-14.572382926940918,-21.721057891845703,-6.063715934753418,-18.088655471801758,-15.298232078552246,-4.28293514251709,-20.506067276000977,-9.531328201293945,3.625236749649048,-19.981674194335938,-15.022880554199219,4.282693386077881,-6.952387809753418,-6.043675422668457
8_george_6.wav,0.23873136937618256,0.0576595701277256,1488.8034003642397,1126.2827688591271,2894.2582563920455,0.07206587357954546,-362.6942138671875,127.93850708007812,-68.21753692626953,35.27421951293945,35.447792053222656,-53.517982482910156,-18.658540725708008,-17.764497756958008,-47.019710540771484,-9.89734935760498,-22.463172912597656,-43.41840362548828,2.24324369430542,-2.7690134048461914,-31.66686248779297,-3.5952398777008057,1.5277992486953735,-17.655263900756836,-10.345491409301758,-9.48068904876709,-9.058813095092773,-2.9659318923950195,-12.688650131225586,-6.706565856933594,3.8680999279022217,-11.839670181274414,-10.76297664642334,2.6418941020965576,-6.863296985626221,-6.741915702819824
3_george_8.wav,0.27393588423728943,0.042625196278095245,1489.3162027794028,1186.9466855372,2979.1819852941176,0.07752182904411764,-394.3218688964844,156.76414489746094,-86.73596954345703,39.06907653808594,47.85160446166992,-50.69197463989258,-10.983232498168945,-18.20292854309082,-54.346004486083984,-3.526348114013672,-17.583908081054688,-52.531036376953125,-4.026852607727051,-1.008158564567566,-28.44709587097168,-6.2586798667907715,-8.959428787231445,-19.319656372070312,-2.427023410797119,-12.840868949890137,-15.12533950805664,2.677135705947876,-13.015677452087402,-16.484819412231445,1.7337329387664795,-11.357340812683105,-15.172172546386719,2.1020781993865967,-4.837249755859375,-9.439467430114746
4_lucas_32.wav,0.5283275842666626,0.05705326050519943,1050.3393733821679,822.627977964294,1721.720023777174,0.07808254076086957,-369.593017578125,196.7349853515625,-32.651187896728516,13.779924392700195,19.216598510742188,-49.798587799072266,-6.346238613128662,22.446975708007812,-14.46186637878418,-1.7879558801651,13.118683815002441,-5.156026840209961,-3.738781452178955,-3.1073455810546875,-6.22568416595459,3.3070194721221924,-3.5923445224761963,-7.600698947906494,3.9278557300567627,-4.997554779052734,-11.033005714416504,-0.07170023769140244,-6.896072864532471,-9.866944313049316,2.990642786026001,-2.5289745330810547,-8.549171447753906,-0.19174231588840485,-2.8879759311676025,-5.784864902496338
9_yweweler_18.wav,0.4287814199924469,0.00883432850241661,1121.7730717391005,898.6303832276976,2081.3186645507812,0.067352294921875,-516.2327270507812,238.81118774414062,-87.85716247558594,0.7411134243011475,26.01799201965332,-45.69969940185547,14.632661819458008,13.648502349853516,-36.91236877441406,7.437689781188965,10.711971282958984,-21.58487319946289,2.686133861541748,-1.9565223455429077,-18.394512176513672,0.3598414659500122,-8.902128219604492,-14.225001335144043,4.223270416259766,-8.855506896972656,-12.770330429077148,4.258864402770996,-3.750352621078491,-3.280484199523926,4.2751970291137695,-10.175837516784668,-6.369333267211914,4.960381984710693,-6.275940895080566,-4.999956130981445
0_theo_38.wav,0.23422466218471527,0.0077704754658043385,916.5894212908561,912.9888022657518,1907.9315185546875,0.038920084635416664,-542.3460083007812,206.5707550048828,-48.682247161865234,13.752140998840332,33.67706298828125,-28.010223388671875,-0.7980945706367493,-2.2733490467071533,-26.660329818725586,2.5470879077911377,-5.740617275238037,-20.859933853149414,7.144477844238281,-1.5803455114364624,-14.005831718444824,6.961920261383057,-3.7460567951202393,-15.492477416992188,-0.4783385694026947,-7.080286502838135,-10.980978965759277,-0.09051652997732162,-7.947068691253662,-7.105376720428467,3.232881546020508,-6.633641719818115,-8.885224342346191,-0.7797698974609375,-4.4908294677734375,-3.925551414489746
5_yweweler_13.wav,0.5067309141159058,0.007863066159188747,1043.4033740535128,916.4977947009696,1999.4212431066176,0.06316061580882353,-520.7576904296875,199.6775665283203,-53.57905578613281,4.763289451599121,22.007732391357422,-33.938575744628906,8.832354545593262,10.5872220993042,-25.86141586303711,6.009892463684082,9.936088562011719,-11.058581352233887,7.896277904510498,2.841362476348877,-9.538135528564453,4.9354448318481445,-5.962031841278076,-11.315572738647461,7.300302028656006,-3.26435923576355,-9.3955717086792,5.518359184265137,-3.690378427505493,-7.603477954864502,4.248915672302246,-4.293354034423828,-6.769466400146484,2.4486658573150635,-3.985363245010376,-4.418478488922119
6_nicolas_20.wav,0.38801515102386475,0.04294011369347572,1276.2842756764258,1131.918998386587,2811.7394080528848,0.06854717548076923,-348.87591552734375,196.72445678710938,-70.2882080078125,47.16616439819336,46.837032318115234,-52.50342559814453,2.5502495765686035,3.473496437072754,-40.86637878417969,0.20255902409553528,-4.856802940368652,-24.472673416137695,11.166007041931152,-1.8459722995758057,-16.120922088623047,14.634153366088867,2.5765740871429443,-11.656923294067383,6.2245612144470215,-1.8979982137680054,-6.664817810058594,2.123218536376953,-6.121314525604248,-0.7537159323692322,4.906092643737793,-7.158465385437012,-0.3036065697669983,3.8277385234832764,-6.236826419830322,3.059934139251709
1_theo_24.wav,0.34007248282432556,0.0063680983148515224,819.054499097076,789.1190416653076,1486.688232421875,0.042521158854166664,-553.1658325195312,217.9855499267578,-32.38524627685547,9.454394340515137,11.717879295349121,-47.74482727050781,2.018934965133667,13.268718719482422,-27.217573165893555,-2.950817108154297,3.743631362915039,-18.039724349975586,-2.7853786945343018,-2.3639814853668213,-10.670883178710938,4.141941070556641,-4.894554615020752,-16.46864891052246,-5.140462875366211,-11.905769348144531,-15.731842994689941,-1.8850101232528687,-6.734527587890625,-9.046761512756348,1.2109448909759521,-5.591654300689697,-8.157976150512695,1.4379531145095825,-2.4987361431121826,-5.36339807510376
0_george_46.wav,0.26266494393348694,0.05132605880498886,1279.198029755231,1009.5611223673292,2353.271484375,0.06633649553571429,-375.1051330566406,156.0472869873047,-75.5986328125,14.8439359664917,31.735897064208984,-42.952301025390625,-12.152299880981445,-18.586671829223633,-49.30866241455078,-9.126304626464844,-18.668563842773438,-44.564579010009766,-4.145183563232422,-2.289405345916748,-25.568391799926758,-4.624854564666748,-2.741429567337036,-12.596996307373047,-0.15831418335437775,-7.301782608032227,-13.891298294067383,-4.6356377601623535,-13.563539505004883,-13.739150047302246,-1.3478658199310303,-8.60741901397705,-7.540454864501953,2.189845561981201,-6.425396919250488,-6.561680316925049
0_yweweler_21.wav,0.31314927339553833,0.013729339465498924,953.4585826499203,830.8294298223575,1813.095703125,0.049088541666666666,-480.0842590332031,198.97262573242188,-45.22850036621094,4.596207618713379,26.593229293823242,-33.98044204711914,-3.4622740745544434,8.273421287536621,-27.721094131469727,-12.271944046020508,-6.305704116821289,-20.86833381652832,-0.3736205995082855,3.6683743000030518,-11.046659469604492,-1.7318806648254395,0.19966086745262146,-4.370073318481445,2.1752665042877197,-3.3197367191314697,-5.948775291442871,1.38143789768219,-5.720122337341309,-8.657238006591797,-3.5387768745422363,-9.945597648620605,-7.780029773712158,0.6752622127532959,-4.022007465362549,-2.6996779441833496
7_yweweler_35.wav,0.3430327773094177,0.008196067065000534,908.1414973144618,914.3842865693204,1770.4037873641305,0.04946501358695652,-543.91845703125,198.4600830078125,-50.347381591796875,22.83890724182129,34.80878829956055,-40.536258697509766,-6.238903999328613,-1.7732765674591064,-30.801620483398438,4.913691520690918,1.7059439420700073,-25.850278854370117,-1.1039705276489258,3.3028674125671387,-8.941553115844727,-0.5904916524887085,-10.432665824890137,-10.850743293762207,4.019634246826172,-9.998502731323242,-12.63154125213623,0.7370081543922424,-10.104480743408203,-7.632967948913574,4.7418317794799805,-7.897529125213623,-6.231799602508545,5.224658966064453,-5.515986442565918,-4.4144086837768555
5_nicolas_49.wav,0.49511587619781494,0.04824487492442131,1007.287315079213,875.2331707558104,1777.9248046875,0.06165364583333333,-337.2872314453125,242.99948120117188,-63.982177734375,5.478372097015381,5.491583347320557,-51.66547393798828,15.201958656311035,8.074251174926758,-29.780725479125977,9.768595695495605,-4.280858039855957,-20.034427642822266,17.04006576538086,-1.85543692111969,-17.583370208740234,8.05388355255127,-8.359779357910156,-14.368695259094238,8.224709510803223,-3.069288730621338,-4.9823102951049805,4.216259956359863,-11.581936836242676,-5.7257161140441895,7.2504072189331055,-4.88299560546875,-0.8287977576255798,5.728453159332275,-3.885115623474121,1.2204140424728394
0_yweweler_40.wav,0.24137039482593536,0.011616338975727558,802.5345172081555,779.4516818022632,1555.235595703125,0.03291015625,-528.9869995117188,209.8015594482422,-40.278419494628906,7.6561126708984375,20.981142044067383,-38.72535705566406,-3.6478469371795654,0.17470121383666992,-34.00456237792969,-8.920963287353516,-9.46848201751709,-27.5092830657959,1.4222017526626587,4.415652275085449,-13.543172836303711,-2.619316816329956,-5.3313188552856445,-10.267605781555176,3.1898770332336426,-4.590098857879639,-11.555472373962402,-1.3449755907058716,-8.330249786376953,-12.235003471374512,-3.650887966156006,-8.607868194580078,-7.158369541168213,0.8634449243545532,-6.9946794509887695,-7.558714389801025
7_nicolas_25.wav,0.32938021421432495,0.04629652574658394,942.3940141606219,997.1006610004962,2054.4633345170455,0.04869495738636364,-333.0696716308594,228.9973602294922,-59.82424545288086,32.16104507446289,36.37287521362305,-42.7960205078125,2.596259832382202,-7.680482387542725,-37.807491302490234,12.466139793395996,0.372592568397522,-28.048442840576172,5.132748126983643,2.5920774936676025,-7.32387113571167,5.880848407745361,-11.878531455993652,-8.382551193237305,11.03919792175293,-11.586702346801758,-12.634639739990234,6.305757522583008,-6.984567642211914,-3.7554895877838135,7.993488788604736,-7.207118034362793,-3.853705406188965,5.972560405731201,-5.305087089538574,-2.3431334495544434
0_theo_49.wav,0.298714816570282,0.006796099245548248,911.4413909708038,895.433124442029,1995.66650390625,0.03648158482142857,-547.544677734375,219.51834106445312,-60.242069244384766,17.05377197265625,40.54423904418945,-27.414491653442383,-1.4023752212524414,-14.254216194152832,-36.58636474609375,5.651471138000488,-8.267857551574707,-28.285968780517578,2.758897304534912,-8.252636909484863,-16.315980911254883,7.705583095550537,-7.336658954620361,-12.691130638122559,5.128727436065674,-9.363703727722168,-11.459595680236816,-1.0048490762710571,-16.07924461364746,-11.46534252166748,2.240790843963623,-7.9010491371154785,-5.2471747398376465,-1.2642059326171875,-11.082206726074219,-4.362320899963379
9_nicolas_32.wav,0.40437716245651245,0.03949056565761566,1049.515220755802,1023.491939638216,2202.6200143914475,0.05353104440789474,-361.2167053222656,223.1859588623047,-74.1510238647461,23.477489471435547,38.4310188293457,-34.072174072265625,15.645066261291504,0.5673540234565735,-37.59626770019531,14.449542045593262,4.649916172027588,-24.803497314453125,8.694592475891113,-1.0877410173416138,-14.4561128616333,12.525723457336426,-1.7762397527694702,-12.15756607055664,6.748871803283691,-7.453003883361816,-11.535138130187988,3.9108388423919678,-7.772171974182129,-5.723697662353516,7.846432209014893,-2.719068765640259,-1.5534595251083374,5.019982814788818,-4.060214996337891,-0.6981402635574341
8_theo_40.wav,0.36775946617126465,0.0034333188086748123,1452.7048151450294,1108.9550503843489,2851.1306762695312,0.098663330078125,-595.6102294921875,191.34181213378906,-75.3144302368164,47.718833923339844,43.59471130371094,-61.50817108154297,2.097578763961792,16.8857421875,-31.9366455078125,-2.9723756313323975,-5.157191276550293,-23.48766326904297,4.5222930908203125,-4.130320072174072,-11.11275863647461,12.12510871887207,-3.8534932136535645,-10.997325897216797,4.675361633300781,-8.811532974243164,-5.765677452087402,8.087508201599121,-8.094657897949219,-8.283946990966797,-1.6368355751037598,-11.664024353027344,-0.4179585576057434,5.462434768676758,-8.848002433776855,-1.0137728452682495
4_george_42.wav,0.3717096745967865,0.057753801345825195,1116.813841512906,873.0427615793548,1878.173828125,0.06776258680555555,-339.0611572265625,171.1759490966797,-66.20658111572266,-14.636820793151855,3.3258273601531982,-49.50706481933594,-13.232746124267578,-13.460935592651367,-49.38709259033203,-18.420940399169922,-14.247477531433105,-36.189903259277344,-9.184186935424805,-4.101189613342285,-21.873865127563477,-4.137810707092285,-0.14277201890945435,-15.60622501373291,-11.368233680725098,-10.839407920837402,-12.414088249206543,-4.801782608032227,-8.247785568237305,-8.426724433898926,-2.0594592094421387,-8.014333724975586,-6.268833637237549,1.8351500034332275,-4.480008602142334,-4.915555477142334
3_jackson_29.wav,0.25984275341033936,0.06576691567897797,913.4801400169137,972.148244103062,1875.9521484375,0.049641927083333336,-340.903564453125,205.67649841308594,-37.00029754638672,37.90835189819336,43.04208755493164,-44.239925384521484,-25.92362403869629,-15.540766716003418,-16.91487693786621,14.536173820495605,-17.140939712524414,-39.826454162597656,-2.385672092437744,-11.168196678161621,-20.591794967651367,5.644814491271973,-8.965457916259766,-12.633495330810547,10.780637741088867,-10.708293914794922,-18.15945816040039,4.074685096740723,-14.561603546142578,-21.719430923461914,2.9382243156433105,-6.132205009460449,-16.415542602539062,-2.805286169052124,-5.132410049438477,-6.192020893096924
4_theo_28.wav,0.2505597770214081,0.05899559706449509,829.1771879904445,597.1373375289636,1268.3056640625,0.054296875,-369.9965515136719,183.8064422607422,-35.80613708496094,-34.867332458496094,-15.078621864318848,-39.984745025634766,-14.876971244812012,-4.764598369598389,-22.61086654663086,-13.701309204101562,-13.35426139831543,-13.271370887756348,8.650029182434082,3.321718692779541,-10.20422649383545,1.7572985887527466,-5.244527339935303,-21.4499568939209,-11.042500495910645,-6.858514785766602,-12.622374534606934,-2.3494746685028076,5.533963680267334,2.368273973464966,0.9118985533714294,-1.4557163715362549,-2.8063125610351562,-1.6374897956848145,-2.2622385025024414,-0.3329959809780121
3_yweweler_21.wav,0.36283329129219055,0.007482331711798906,1219.1421079788486,1024.0424306678412,2379.4189453125,0.0703396267361111,-558.5035400390625,167.78317260742188,-55.82715606689453,30.37466049194336,47.203670501708984,-36.960655212402344,-7.550414085388184,7.088744640350342,-28.323974609375,-9.233699798583984,-5.138543128967285,-20.796783447265625,-2.2529172897338867,-5.561045169830322,-14.208063125610352,5.242663383483887,-0.9909397959709167,-9.609271049499512,5.578827857971191,-2.306666612625122,-10.161657333374023,1.628393530845642,-5.273443222045898,-10.226336479187012,-1.1090623140335083,-6.628251075744629,-6.481974124908447,2.1493468284606934,-5.783511161804199,-7.935080528259277
9_jackson_22.wav,0.29095157980918884,0.05335771664977074,774.0991624964387,863.0315550998106,1379.9974524456522,0.03564453125,-353.703857421875,225.73973083496094,-35.65810012817383,18.36998748779297,21.34823989868164,-44.57603454589844,-1.5121711492538452,1.266045093536377,-32.704830169677734,3.450180768966675,4.332101345062256,-25.909652709960938,-6.3258256912231445,0.6026005744934082,-11.362997055053711,-5.751349449157715,-10.582764625549316,-10.992127418518066,-2.7744791507720947,-10.605123519897461,-7.249527454376221,-2.5644216537475586,-16.13683319091797,-9.286100387573242,-0.3792175352573395,-14.465012550354004,-10.065668106079102,-0.4662708640098572,-9.433096885681152,-4.242505073547363
4_jackson_49.wav,0.33814558386802673,0.10512732714414597,720.5260670753037,681.2379241193386,1187.7519087357955,0.04103781960227273,-307.0399169921875,211.95582580566406,-8.687851905822754,-16.34459686279297,-6.597879409790039,-24.800874710083008,-1.1043906211853027,-9.635130882263184,-25.100297927856445,-4.500311374664307,-11.783742904663086,-17.38957405090332,2.099895715713501,-8.477078437805176,-11.601016998291016,5.8998260498046875,-9.710436820983887,-15.78348159790039,0.2929471731185913,-16.931365966796875,-27.24492645263672,-7.953417778015137,-9.454236030578613,-12.981781959533691,-1.4358140230178833,-6.135348796844482,-10.457703590393066,-4.792203903198242,-9.541481971740723,-8.663878440856934
2_yweweler_40.wav,0.27614933252334595,0.007789921946823597,986.762697293814,811.3643966806108,1775.771484375,0.06285807291666666,-550.6199340820312,186.17385864257812,-37.458309173583984,14.050207138061523,27.042449951171875,-28.60037612915039,6.618707180023193,9.687633514404297,-27.855186462402344,-9.492693901062012,-10.251082420349121,-26.928789138793945,-4.912481307983398,-5.340195655822754,-14.838927268981934,2.1723875999450684,-3.9344799518585205,-9.135895729064941,9.879158973693848,1.6138702630996704,-8.663849830627441,4.27517032623291,-4.240727424621582,-15.898223876953125,-6.133306980133057,-6.551178455352783,-9.269821166992188,-2.9164700508117676,-6.084131717681885,-7.1207098960876465
4_lucas_27.wav,0.5154948830604553,0.038677603006362915,957.367162667001,774.8046941182814,1602.42919921875,0.07242838541666667,-417.3291015625,197.4137420654297,-7.031770706176758,19.448862075805664,13.272950172424316,-49.753082275390625,-9.733963966369629,19.071592330932617,-12.664965629577637,-3.716578483581543,8.467556953430176,-6.161802768707275,-2.7690868377685547,-3.6474647521972656,-8.016914367675781,5.4072136878967285,-0.37912121415138245,-11.54124927520752,2.0976574420928955,-0.07748007029294968,-14.7420654296875,-6.101565837860107,-0.5937085151672363,-7.753910064697266,-4.116652011871338,-0.6318160891532898,-4.240572452545166,-3.7879905700683594,-3.819737672805786,-5.168398380279541
6_jackson_18.wav,0.5031181573867798,0.02687295526266098,1578.4458362983576,1112.3976133972246,2836.4328484786183,0.1435546875,-410.982666015625,120.32681274414062,-42.77392578125,16.226369857788086,26.694442749023438,-31.634658813476562,-13.317828178405762,-2.816452741622925,-16.01913070678711,0.4047057032585144,-4.050317287445068,-12.623322486877441,1.4468194246292114,-4.809037685394287,-8.600287437438965,-1.0981451272964478,-12.962503433227539,-9.712868690490723,2.02530837059021,-11.925992965698242,-10.661629676818848,0.19924108684062958,-11.832697868347168,-8.53919792175293,3.1657919883728027,-7.402922630310059,-6.9668965339660645,0.8732032775878906,-6.515787124633789,-4.085059642791748
4_yweweler_36.wav,0.3483181297779083,0.00946457963436842,749.6475071916278,636.6520689174621,1138.388671875,0.047265625,-556.0033569335938,230.17318725585938,-13.332840919494629,0.9857414364814758,-19.02796173095703,-65.44332885742188,3.958683490753174,16.62212371826172,-25.529264450073242,2.0429282188415527,2.8213346004486084,-26.36249351501465,-2.564697504043579,4.989959239959717,-10.86594295501709,2.2034144401550293,-0.9491689205169678,-14.35709285736084,-3.0053024291992188,-4.13989782333374,-10.844966888427734,-2.462611436843872,-6.929925441741943,-11.527477264404297,-3.371161460876465,-5.762735843658447,-6.427136421203613,1.1713484525680542,-1.253603219985962,-3.0473618507385254
1_nicolas_16.wav,0.35006844997406006,0.03963474929332733,977.8238242167974,986.5257572116055,2107.769305889423,0.05250901442307692,-366.7947998046875,238.50648498535156,-73.11284637451172,24.554344177246094,32.610694885253906,-41.953372955322266,16.18231201171875,0.9790502786636353,-36.87691879272461,13.027738571166992,-2.6612014770507812,-24.86612319946289,13.505559921264648,-1.79545259475708,-13.669417381286621,12.762751579284668,-5.115218639373779,-9.520540237426758,10.574941635131836,-7.869736671447754,-8.435669898986816,8.491606712341309,-5.085022926330566,-3.795596122741699,4.647387504577637,-5.918537616729736,0.13606110215187073,2.3377912044525146,-8.483874320983887,0.6998684406280518
0_lucas_10.wav,0.47802120447158813,0.04530542343854904,1127.1901918541653,859.7360086759431,2077.4647105823865,0.07828036221590909,-374.1018371582031,201.9333953857422,-52.5916748046875,6.609306812286377,44.995182037353516,-22.348508834838867,-11.248136520385742,-0.6483544707298279,-23.520427703857422,-0.2434864044189453,4.49644660949707,-16.25784683227539,-0.3075917959213257,3.582803964614868,-11.066096305847168,-1.904778003692627,-0.597445547580719,-6.875345230102539,0.8488292694091797,-4.93331241607666,-11.747039794921875,-1.7829152345657349,-4.542055130004883,-10.45311450958252,-2.0950403213500977,-2.6715381145477295,-7.920097351074219,-3.889108180999756,-4.182919502258301,-7.286527633666992
2_theo_12.wav,0.32121559977531433,0.005867101717740297,1378.5940843693447,990.2605939719807,2424.1417518028848,0.1015625,-553.4112548828125,202.64218139648438,-72.66327667236328,41.95670700073242,45.45547103881836,-44.915470123291016,4.023882865905762,-4.842938423156738,-40.90734100341797,-1.0632915496826172,-17.090574264526367,-28.851778030395508,10.964950561523438,-7.909238338470459,-13.92451000213623,17.104795455932617,-5.634929180145264,-11.644638061523438,7.469611644744873,-16.78226089477539,-14.403376579284668,8.021184921264648,-10.464723587036133,-10.211792945861816,2.543130397796631,-11.339089393615723,-5.960073471069336,2.9725327491760254,-7.650938034057617,-1.5075242519378662
4_lucas_44.wav,0.44550424814224243,0.03954774886369705,952.2079070151867,732.7278404972893,1512.2934194711538,0.06728891225961539,-398.37738037109375,206.96881103515625,-15.732569694519043,21.29241180419922,15.901991844177246,-53.23935317993164,-6.2074689865112305,22.021770477294922,-17.277965545654297,-3.099801540374756,13.809024810791016,-7.282137870788574,-5.935653209686279,1.0749551057815552,-0.7918506264686584,2.6800649166107178,-6.6493096351623535,-8.36247444152832,3.890446901321411,-5.531354904174805,-10.424299240112305,2.126478672027588,-4.836408615112305,-8.806252479553223,3.027970552444458,-4.5275163650512695,-11.229452133178711,-0.7073541879653931,-2.8368353843688965,-6.24049711227417
2_yweweler_14.wav,0.35833027958869934,0.008910184726119041,1137.0804091504565,1073.7422848312272,2222.5341796875,0.05503627232142857,-537.6385498046875,183.2017059326172,-51.546607971191406,21.917112350463867,40.94131851196289,-27.14350700378418,-2.887192964553833,-3.458730697631836,-32.01398468017578,-2.2740373611450195,-4.5181474685668945,-25.31929588317871,-2.9347305297851562,-4.224024772644043,-12.421111106872559,6.848177433013916,-3.043457269668579,-11.504705429077148,8.89256763458252,0.07152063399553299,-11.153426170349121,4.610710144042969,-1.2827966213226318,-12.69351863861084,-3.6304566860198975,-5.248571872711182,-8.995889663696289,-3.1026668548583984,-5.761883735656738,-5.801210880279541
3_george_49.wav,0.3078366816043854,0.03825802356004715,1612.7993112633574,1203.98285569166,2989.802433894231,0.08999399038461539,-380.25067138671875,160.58486938476562,-98.21363067626953,40.82793426513672,50.67934036254883,-54.522525787353516,-13.781229972839355,-12.679533004760742,-46.064579010009766,-2.673060178756714,-19.351734161376953,-45.983009338378906,3.3231730461120605,-3.1157820224761963,-32.930599212646484,-4.045886516571045,-3.213665246963501,-17.511022567749023,-4.0909833908081055,-11.355562210083008,-13.27373218536377,-2.3356211185455322,-18.011476516723633,-13.613490104675293,7.901803016662598,-5.913061141967773,-12.041812896728516,2.672545909881592,-1.8218785524368286,-5.411816596984863
7_nicolas_23.wav,0.4018087089061737,0.028326690196990967,1223.9903064167731,1181.4002543004572,2696.435546875,0.062310112847222224,-372.0970764160156,192.84165954589844,-61.23679733276367,37.84959411621094,35.08460235595703,-41.79519271850586,9.799777030944824,-0.041559696197509766,-33.46185302734375,14.972820281982422,3.039097547531128,-23.524723052978516,9.969644546508789,1.7209699153900146,-10.40979290008545,9.883697509765625,-5.400180339813232,-8.114930152893066,9.733914375305176,-8.676435470581055,-9.270687103271484,7.02244758605957,-7.290694236755371,-5.410005569458008,5.7223286628723145,-6.072211742401123,-1.2806859016418457,5.236737251281738,-6.013983726501465,0.6173504590988159
6_george_20.wav,0.3257140815258026,0.021059110760688782,2016.6964849139908,1128.4394984033797,3284.9468030427633,0.17076994243421054,-429.1750793457031,146.49168395996094,-106.28033447265625,35.904178619384766,42.16295623779297,-59.93081283569336,-7.707667350769043,-13.720081329345703,-51.55900955200195,-1.7799632549285889,-21.64508628845215,-47.4352912902832,5.103414535522461,-6.388767719268799,-31.238033294677734,-0.416862428188324,-10.043684959411621,-18.36564826965332,2.6329925060272217,-15.841642379760742,-17.9648380279541,3.4907772541046143,-13.456034660339355,-12.904077529907227,5.737704277038574,-8.788726806640625,-7.855800628662109,5.481929302215576,-6.1268415451049805,-4.1545305252075195
9_jackson_21.wav,0.2743714451789856,0.05554138496518135,836.2482287697088,929.1639479842033,1603.7750244140625,0.04034423828125,-346.4399108886719,220.641845703125,-35.861324310302734,21.821565628051758,20.579702377319336,-47.2490348815918,-0.4393825829029083,0.5222059488296509,-37.52640914916992,0.13493633270263672,2.966493606567383,-26.74769401550293,-6.8314208984375,-0.8675121665000916,-11.682084083557129,-4.58167839050293,-11.6141357421875,-11.58405590057373,-0.21060240268707275,-9.726910591125488,-8.562987327575684,-2.1743714809417725,-16.065841674804688,-11.550804138183594,-2.1632912158966064,-15.264569282531738,-12.044428825378418,-2.969550371170044,-10.415753364562988,-4.629125118255615
7_george_38.wav,0.2723199129104614,0.04298273101449013,1457.4977588892514,972.8883633729245,2509.5969460227275,0.09814453125,-388.6327209472656,164.0030059814453,-95.2894058227539,10.405543327331543,35.84343338012695,-45.64181137084961,-21.326820373535156,-33.48011779785156,-50.946651458740234,6.483085632324219,-10.200143814086914,-43.270999908447266,-0.804291307926178,-3.7184958457946777,-26.903841018676758,-5.017190456390381,-12.242778778076172,-21.762985229492188,-2.343549966812134,-10.82642936706543,-16.08272361755371,-3.8979804515838623,-13.263164520263672,-9.581350326538086,1.5358474254608154,-12.820923805236816,-8.568351745605469,5.984227180480957,-5.623841285705566,-6.23087739944458
3_yweweler_16.wav,0.34725335240364075,0.00967852771282196,1215.5619388383939,1022.5760968744145,2429.2144775390625,0.0645751953125,-524.3768920898438,167.78457641601562,-54.0562629699707,20.90804672241211,44.19696807861328,-33.772422790527344,-13.473230361938477,5.194015026092529,-18.84601402282715,-4.148080348968506,-6.371307373046875,-21.020606994628906,-0.9445757865905762,-2.7468934059143066,-15.013249397277832,-0.8809130191802979,-2.951354503631592,-8.381175994873047,2.754528522491455,-2.9735305309295654,-5.789726257324219,3.7662339210510254,-4.948496341705322,-7.888560771942139,0.9419398307800293,-7.660184383392334,-10.301521301269531,0.10580939054489136,-2.677067279815674,-4.522394180297852
9_theo_36.wav,0.3320012390613556,0.004976848606020212,1008.3836781815904,873.404839477022,1883.219047214674,0.06044072690217391,-558.4005737304688,224.56256103515625,-73.20585632324219,13.822678565979004,40.48374557495117,-41.56184005737305,-2.2139852046966553,10.354044914245605,-22.163463592529297,8.724886894226074,5.5347490310668945,-20.49907684326172,1.4855754375457764,0.7219049334526062,-11.911865234375,-3.0042717456817627,-15.594820976257324,-16.49018096923828,0.6520092487335205,-11.536454200744629,-11.661735534667969,3.0123088359832764,-9.330710411071777,-7.195865154266357,7.039809703826904,-6.203445911407471,-9.03754711151123,1.4771728515625,-4.755153656005859,-5.153897285461426
3_lucas_20.wav,0.5377638936042786,0.041742242872714996,1256.3764909337992,1000.3172937434024,2466.956097146739,0.08914317255434782,-390.48394775390625,161.69064331054688,-45.24129104614258,24.296100616455078,50.315162658691406,-29.364587783813477,-15.415645599365234,9.175065040588379,-16.88825035095215,-4.53621768951416,6.074345588684082,-11.309961318969727,-1.7555598020553589,4.127346992492676,-7.9092183113098145,-0.6442012190818787,3.173499822616577,-4.044724941253662,0.5757633447647095,-0.604321300983429,-7.053357124328613,-3.6917099952697754,-5.515278339385986,-7.0841522216796875,-0.3324294686317444,-2.6529505252838135,-6.465641021728516,-2.004437208175659,-2.8586080074310303,-4.522364616394043
8_theo_37.wav,0.34365347027778625,0.003758084261789918,1416.613422770721,1158.8427615642063,2832.9620361328125,0.0667724609375,-591.5162963867188,192.72854614257812,-75.00541687011719,58.02015686035156,52.16414260864258,-60.140018463134766,0.08539581298828125,13.408090591430664,-32.72623825073242,-1.0512170791625977,-1.5241202116012573,-14.873433113098145,9.856184005737305,-6.8821187019348145,-13.155986785888672,10.313674926757812,-5.678849220275879,-5.041536331176758,11.544451713562012,-9.938525199890137,-8.07597827911377,6.428447246551514,-11.166563987731934,-5.587610721588135,5.698627471923828,-9.672850608825684,-3.5549397468566895,3.906508684158325,-6.765475749969482,0.8483710289001465
2_george_39.wav,0.2304808646440506,0.030546080321073532,856.184935215408,940.494469559392,1628.6931818181818,0.032892400568181816,-419.8931579589844,169.17498779296875,-35.17242431640625,9.136229515075684,10.612276077270508,-45.4542121887207,-19.58721923828125,-10.649182319641113,-31.118925094604492,-16.186464309692383,-21.167375564575195,-28.65229606628418,-9.75261116027832,-18.722505569458008,-23.02690315246582,0.9325852990150452,-3.416645050048828,-11.062516212463379,1.9787087440490723,-3.830071449279785,-10.142107009887695,-3.4652974605560303,-7.434761047363281,-5.40751314163208,-1.3331843614578247,-9.377367973327637,-1.8665008544921875,7.601269245147705,-2.3082895278930664,-1.5648430585861206
7_jackson_31.wav,0.2895423173904419,0.05553450807929039,684.0968807168523,709.6780417860454,1181.492855674342,0.03392269736842105,-358.2383728027344,221.3499755859375,-25.120668411254883,2.390188455581665,20.720806121826172,-34.60504913330078,-19.16244125366211,-10.18294620513916,-30.220609664916992,-8.054174423217773,4.305996894836426,-12.371576309204102,-15.791046142578125,-10.371251106262207,2.3196840286254883,5.1131768226623535,-12.844074249267578,-10.303929328918457,-1.4269819259643555,-13.807859420776367,-8.388779640197754,0.9087947010993958,-15.006071090698242,-13.400917053222656,-0.10680928826332092,-8.621081352233887,-10.738143920898438,-5.171272277832031,-10.623811721801758,-8.221137046813965
3_george_29.wav,0.34821847081184387,0.0613383986055851,1757.399297292853,1143.4397829689094,3118.46923828125,0.10299246651785714,-335.86773681640625,183.5590362548828,-122.45338439941406,40.99997329711914,49.022029876708984,-73.66343688964844,-14.512650489807129,-13.347051620483398,-56.6544303894043,0.2328316867351532,-15.451388359069824,-51.49907684326172,-1.622654914855957,-9.237923622131348,-34.88388442993164,-3.0621509552001953,-10.761353492736816,-19.84551429748535,2.3268017768859863,-15.004508972167969,-19.585477828979492,-0.24444451928138733,-17.77993392944336,-18.127288818359375,1.784860372543335,-9.35633659362793,-7.891417503356934,4.017506122589111,-7.177651882171631,-5.9391255378723145
7_jackson_15.wav,0.333752304315567,0.07873246818780899,801.7376290769121,791.8519277667008,1408.63037109375,0.050048828125,-310.0581359863281,215.1792449951172,-36.54876708984375,1.2244970798492432,17.62963104248047,-42.2685661315918,-19.914941787719727,-10.6329345703125,-32.38047409057617,-7.056840896606445,2.860435962677002,-15.627083778381348,-14.408525466918945,-7.989492416381836,2.4976277351379395,3.499964952468872,-16.22471046447754,-10.722949981689453,1.7778538465499878,-12.42763900756836,-8.938848495483398,-0.3683205246925354,-17.28900146484375,-14.416610717773438,0.9067569375038147,-6.974000930786133,-10.45792007446289,-6.876301288604736,-10.076160430908203,-6.429589748382568
1_theo_20.wav,0.3115055561065674,0.0054392144083976746,823.6039952694717,844.3220182463165,1433.8579963235295,0.041216681985294115,-581.5681762695312,232.31483459472656,-51.05337142944336,14.732843399047852,21.306638717651367,-43.965431213378906,6.197185039520264,6.502542972564697,-32.934993743896484,1.8891561031341553,4.6668171882629395,-17.42018699645996,0.4345116913318634,-5.638982772827148,-12.405713081359863,3.0207443237304688,-13.443320274353027,-18.706043243408203,-0.8665046691894531,-12.003060340881348,-12.504032135009766,2.6619184017181396,-7.831445217132568,-7.513753890991211,3.3482933044433594,-7.748301982879639,-10.355900764465332,-4.383040904998779,-7.234423637390137,-0.9981404542922974
8_nicolas_40.wav,0.5353718996047974,0.04769429564476013,1217.950186577885,1150.3071868158074,2701.150333180147,0.04595588235294118,-343.24017333984375,198.08224487304688,-68.86767578125,34.72538375854492,40.132755279541016,-50.46845626831055,-0.3128828704357147,8.80787181854248,-25.783550262451172,10.89445972442627,3.9775390625,-18.001617431640625,12.1742525100708,0.9164391160011292,-15.759934425354004,7.029169082641602,-2.010050058364868,-10.015807151794434,5.217368125915527,-5.111700057983398,-4.888365268707275,6.740123748779297,-7.07891845703125,-3.8601155281066895,7.524993419647217,-5.862179756164551,-3.388977527618408,5.508049488067627,-3.898249387741089,0.5279794931411743
9_theo_19.wav,0.34095582365989685,0.003830908564850688,961.3306844417169,889.4852672839812,1817.940673828125,0.0577880859375,-574.828125,222.8175506591797,-67.68094635009766,16.283536911010742,44.22992706298828,-36.72719192504883,-6.6013054847717285,5.702929496765137,-20.03444480895996,8.382144927978516,5.051087856292725,-16.759368896484375,1.8241164684295654,0.48157209157943726,-4.490683555603027,4.254569053649902,-14.701620101928711,-16.018095016479492,1.7101112604141235,-12.533025741577148,-13.298312187194824,2.0605685710906982,-8.410079002380371,-5.798603534698486,6.144973278045654,-5.512840747833252,-5.422446250915527,2.3574612140655518,-5.050975799560547,-2.807213306427002
2_george_17.wav,0.22276031970977783,0.04317840188741684,846.1863446670833,860.4862344622551,1575.0904756433824,0.03696576286764706,-410.5983581542969,173.3721466064453,-46.07242202758789,6.122200012207031,14.927520751953125,-41.273475646972656,-6.172245502471924,-6.1684184074401855,-39.52213668823242,-14.630474090576172,-18.436504364013672,-37.825958251953125,-13.127181053161621,-16.118432998657227,-28.439489364624023,-4.824112892150879,-7.192392349243164,-20.978342056274414,-6.7237701416015625,-6.788111209869385,-13.98930549621582,-6.933855056762695,-10.165102005004883,-10.667234420776367,-2.579878330230713,-6.869494915008545,-8.719444274902344,-6.923655033111572,-11.242124557495117,-5.359589099884033
2_lucas_47.wav,0.43059414625167847,0.057355303317308426,847.7307891116449,820.1963992460547,1740.222810444079,0.04859683388157895,-367.197509765625,203.71644592285156,-40.56671142578125,21.680675506591797,58.738189697265625,-18.485750198364258,-15.059864044189453,0.7895503044128418,-22.3775577545166,-7.923802375793457,-1.7874354124069214,-18.76275062561035,-8.244377136230469,-5.5508503913879395,-11.781189918518066,3.5386931896209717,1.669427514076233,-11.611554145812988,-2.846191167831421,-0.9890484809875488,-7.2859721183776855,-3.1681931018829346,-7.860464096069336,-11.460360527038574,-0.7049216628074646,-1.7237147092819214,-9.0575590133667,-3.3918275833129883,-1.0839319229125977,-5.962554454803467
3_jackson_5.wav,0.20985586941242218,0.07696374505758286,762.7324210105709,905.5209194579226,1608.5302734375,0.0265625,-353.19775390625,178.86541748046875,-25.880966186523438,34.168846130371094,41.423423767089844,-30.174346923828125,-15.53467082977295,-12.671854019165039,-32.75963592529297,-6.814088344573975,-11.505012512207031,-31.832534790039062,-10.031174659729004,-7.7115936279296875,-17.279470443725586,-1.8273723125457764,-4.724541664123535,-10.592419624328613,1.2235057353973389,-6.494908332824707,-10.327996253967285,2.328402280807495,-7.051327705383301,-14.644454956054688,-6.2652482986450195,-12.434392929077148,-13.574386596679688,-2.836817979812622,-7.140179634094238,-9.012414932250977
5_lucas_31.wav,0.49839136004447937,0.04127764329314232,1290.405937051065,899.7884180223223,2292.4579326923076,0.10590069110576923,-370.6983947753906,196.10581970214844,-64.25810241699219,11.485213279724121,44.53948211669922,-33.743812561035156,-5.488051891326904,15.849775314331055,-18.72008514404297,2.2350103855133057,14.439441680908203,-7.776937484741211,1.3842066526412964,2.185563564300537,-8.266080856323242,4.59843111038208,-0.6098515391349792,-10.325652122497559,4.420792102813721,-0.8460320830345154,-12.336320877075195,1.0966440439224243,2.3334062099456787,-5.504384994506836,-0.9514085054397583,-3.9108853340148926,-4.459841728210449,4.122572898864746,-2.170318841934204,-7.549567222595215
7_nicolas_19.wav,0.344879150390625,0.043692056089639664,1047.650480504061,1063.22293421962,2312.666015625,0.0451171875,-347.3912353515625,212.91761779785156,-62.92226791381836,35.36395263671875,40.5626106262207,-38.99989700317383,5.732083320617676,-6.9608001708984375,-37.73467254638672,13.270352363586426,1.950817346572876,-27.926298141479492,4.3921709060668945,3.4600865840911865,-7.016148090362549,6.69867467880249,-7.9893412590026855,-7.408562660217285,7.657895088195801,-11.377663612365723,-10.617513656616211,3.9096930027008057,-8.13082218170166,-1.5527890920639038,7.24457311630249,-7.864350318908691,-0.46129316091537476,7.766538143157959,-6.36207389831543,-2.264819383621216
8_george_19.wav,0.30105161666870117,0.06113877147436142,1373.1573583147856,1079.971669170968,2708.2896839488635,0.07173295454545454,-363.5177917480469,125.91622924804688,-60.573612213134766,36.55282974243164,36.52235412597656,-54.76313781738281,-26.4774169921875,-17.36617088317871,-39.68696975708008,-8.365954399108887,-19.64681053161621,-37.474246978759766,2.0314700603485107,-4.796502590179443,-31.48657989501953,-4.829987525939941,1.5679283142089844,-15.717597007751465,-9.369365692138672,-7.458494186401367,-7.357973098754883,-4.377746105194092,-15.254742622375488,-10.93282413482666,-1.0333858728408813,-13.083572387695312,-11.007246017456055,0.7939300537109375,-6.545175552368164,-4.892302989959717
6_george_9.wav,0.26533713936805725,0.024957237765192986,1887.5114962298856,1118.7929738482874,3208.447265625,0.1474609375,-420.4088134765625,119.86259460449219,-91.73389434814453,29.08004379272461,42.50473403930664,-41.99508285522461,-8.110180854797363,-18.665620803833008,-47.19136428833008,-1.3139981031417847,-19.285369873046875,-44.969642639160156,1.8489186763763428,-3.5173299312591553,-28.119861602783203,-3.8143789768218994,-7.704946041107178,-14.999347686767578,2.0702109336853027,-10.23072624206543,-12.319616317749023,3.768833637237549,-10.693623542785645,-10.79619026184082,5.471521377563477,-8.005290031433105,-11.035614967346191,1.6817107200622559,-5.599000930786133,-6.704050540924072
2_yweweler_41.wav,0.2647070288658142,0.008579198271036148,965.0459440005642,834.8571874640427,1758.80126953125,0.06162806919642857,-540.061767578125,187.59695434570312,-42.80198287963867,17.90692138671875,32.150203704833984,-28.285633087158203,2.216052293777466,-2.180001735687256,-36.052391052246094,-8.048066139221191,-9.387736320495605,-24.370296478271484,1.188043475151062,-7.263710021972656,-20.048547744750977,4.774535655975342,-0.08951282501220703,-9.333918571472168,7.879317283630371,-1.6265681982040405,-10.555635452270508,3.3682820796966553,-6.134608745574951,-15.118613243103027,-4.663346290588379,-8.892745018005371,-10.3699951171875,-1.515120506286621,-6.514919281005859,-6.364689350128174
8_yweweler_17.wav,0.41643378138542175,0.011041012592613697,1583.7479287669937,1168.2272842343752,2956.201171875,0.09737723214285714,-515.5670166015625,186.9236297607422,-78.7623519897461,52.00485610961914,49.2414436340332,-65.25787353515625,-2.408402919769287,14.371541023254395,-37.22797775268555,-4.044428825378418,-4.522343635559082,-25.8692684173584,7.607425689697266,-1.1870683431625366,-16.712800979614258,10.266667366027832,-1.2026002407073975,-12.868243217468262,7.215930938720703,-1.3765144348144531,-4.667224407196045,6.72332763671875,-6.776744365692139,-4.313343524932861,5.133284091949463,-10.378564834594727,-4.920114994049072,4.765042304992676,-10.369979858398438,-5.901939392089844
8_nicolas_46.wav,0.44349297881126404,0.040619365870952606,1200.7091867412098,1119.435089407909,2583.984375,0.04543887867647059,-351.0688171386719,208.49148559570312,-71.60574340820312,37.367820739746094,41.87239456176758,-50.06753158569336,-0.8839196562767029,6.650626182556152,-26.875228881835938,9.113232612609863,-0.0785122737288475,-20.490859985351562,11.022346496582031,-0.9101161360740662,-16.000856399536133,7.092617988586426,-3.14418625831604,-7.766960620880127,9.256104469299316,-5.17838191986084,-6.183342933654785,7.761354446411133,-6.882058620452881,-5.751781463623047,5.100612163543701,-7.022556781768799,-1.979161262512207,6.460796356201172,-5.205768585205078,0.10059547424316406
6_yweweler_42.wav,0.36745685338974,0.010313985869288445,937.5869846410884,952.3463181551277,2183.2275390625,0.03672960069444445,-521.1907348632812,198.05593872070312,-45.88075256347656,34.418514251708984,45.09187698364258,-46.53711700439453,-17.248764038085938,1.3455674648284912,-30.98420524597168,-13.19816780090332,-10.494668960571289,-21.59770393371582,1.391541600227356,-0.43255311250686646,-10.751328468322754,2.7368381023406982,-1.6913548707962036,-4.648359298706055,2.614288330078125,-8.04150104522705,-4.1708149909973145,4.426791667938232,-13.00800609588623,-11.692203521728516,1.0178452730178833,-10.324922561645508,-8.099957466125488,3.7838919162750244,-4.893738746643066,-5.60599946975708
5_yweweler_33.wav,0.45610374212265015,0.007407302036881447,1492.7079110456948,955.1213057413196,2542.6179584703946,0.11937191611842106,-519.3146362304688,188.29339599609375,-86.71814727783203,5.858955383300781,25.89386558532715,-51.35032272338867,-0.2312871217727661,7.950568675994873,-33.38005065917969,4.969445705413818,9.966085433959961,-17.24204444885254,4.23419189453125,2.639496088027954,-8.93834400177002,5.887315273284912,-6.482854843139648,-9.349664688110352,10.781596183776855,-4.113916397094727,-9.530882835388184,7.311524391174316,-6.231784820556641,-10.608890533447266,3.329277515411377,-7.384980201721191,-8.914811134338379,4.0036702156066895,-2.744518995285034,-5.310789585113525
1_lucas_25.wav,0.4653817415237427,0.04502168297767639,948.5393740477676,879.4009348254133,1839.29443359375,0.04782443576388889,-411.5548095703125,181.01864624023438,-16.59273910522461,27.740060806274414,29.499332427978516,-39.4117431640625,-4.73716926574707,19.99403190612793,-20.285022735595703,-14.570658683776855,7.75801420211792,0.9416527152061462,-0.29765981435775757,-4.197835445404053,-8.496648788452148,0.380920946598053,-3.3690428733825684,-7.768886089324951,2.975314140319824,-0.4482419788837433,-10.946342468261719,-6.892648696899414,-4.3081865310668945,-6.421687126159668,-5.190488338470459,-5.468645095825195,-5.934398174285889,-5.843756675720215,-5.663703918457031,-3.123286008834839
7_theo_32.wav,0.24943222105503082,0.004065053537487984,826.8063244284209,904.2382637095064,1740.0484525240386,0.031362680288461536,-596.9126586914062,215.40069580078125,-51.70326232910156,25.73579216003418,39.52552795410156,-40.72739028930664,-4.320160388946533,3.7776002883911133,-24.171024322509766,13.411646842956543,11.614120483398438,-17.55129051208496,1.6289122104644775,2.4852218627929688,-7.230212688446045,0.8430794477462769,-14.697279930114746,-18.283021926879883,-2.954040050506592,-14.209142684936523,-12.09130859375,4.205452919006348,-7.2657470703125,-8.02217960357666,2.9234957695007324,-6.183136940002441,-4.009578227996826,4.062287330627441,-4.081679821014404,-1.0092335939407349
6_lucas_43.wav,0.5012919306755066,0.02455160580575466,1645.5826164727303,1006.2380034632171,2767.5059925426135,0.14890358664772727,-382.7533874511719,171.67694091796875,-77.82058715820312,20.511043548583984,44.12208557128906,-40.22634506225586,-3.9308793544769287,7.330282211303711,-28.227569580078125,4.83066987991333,10.652719497680664,-14.802929878234863,2.0978546142578125,2.0795443058013916,-5.667725563049316,9.656982421875,-1.8626221418380737,-9.305388450622559,6.705002307891846,-3.910783290863037,-10.372895240783691,2.8008599281311035,-3.376183271408081,-3.4796266555786133,5.9581217765808105,-2.73374080657959,-1.1342211961746216,6.137632846832275,-4.371788024902344,-3.280613899230957
0_theo_37.wav,0.3690507709980011,0.003910502418875694,1108.147182570315,927.6297277259214,2182.62939453125,0.06165907118055555,-587.534912109375,224.80364990234375,-76.30452728271484,12.252967834472656,46.444759368896484,-26.68473243713379,0.1465114951133728,-1.2132163047790527,-24.096832275390625,11.313865661621094,-3.093194007873535,-24.327857971191406,8.69048023223877,-1.2917524576187134,-18.32304573059082,5.364857196807861,-1.615069031715393,-11.478164672851562,1.9370867013931274,-7.116453170776367,-8.310032844543457,2.2467775344848633,-9.975913047790527,-7.773927688598633,3.3474833965301514,-9.064380645751953,-10.12077522277832,-1.6015998125076294,-5.080014705657959,-0.5876766443252563
8_jackson_35.wav,0.3305862247943878,0.08904463052749634,1306.051155566139,1115.2835892021358,2733.69140625,0.08040364583333333,-323.139404296875,150.07962036132812,-37.22684860229492,54.451759338378906,35.17967987060547,-63.865631103515625,-15.215827941894531,7.406294822692871,-34.56264114379883,-18.80449104309082,-10.200843811035156,-16.765987396240234,-0.06669755280017853,-9.74611759185791,-16.026039123535156,-1.0632671117782593,-12.469207763671875,-15.105125427246094,-3.2220001220703125,-12.459539413452148,-6.761765480041504,2.295929431915283,-12.678011894226074,-7.657222747802734,-0.0896117314696312,-13.337699890136719,-4.409972190856934,2.699159622192383,-12.684578895568848,-6.412921905517578
2_lucas_5.wav,0.4287012219429016,0.044051431119441986,874.9276083903853,939.880350344362,1829.1259765625,0.043050130208333336,-429.3775939941406,158.19891357421875,-23.111066818237305,27.483522415161133,53.28466796875,-7.165138244628906,-4.3954997062683105,4.124014854431152,-14.706263542175293,0.3816412389278412,3.6555356979370117,-14.726523399353027,-6.6610260009765625,-3.8910396099090576,-9.522477149963379,5.264425277709961,4.861982822418213,-9.162178039550781,-1.5365331172943115,3.0985162258148193,-4.242383003234863,-3.0343284606933594,-4.4250688552856445,-6.829860687255859,-0.658275842666626,-3.524141311645508,-10.548786163330078,-6.590672016143799,-5.94342041015625,-9.059349060058594
9_george_5.wav,0.2961362302303314,0.03921214118599892,1258.3438209353278,1011.5116856392029,2418.896484375,0.06681315104166667,-384.3374938964844,180.4250946044922,-93.97205352783203,10.089664459228516,36.44662094116211,-43.206912994384766,-12.105059623718262,-20.988576889038086,-45.55836868286133,2.134514570236206,-13.480548858642578,-40.55110549926758,-1.6236295700073242,-7.24463415145874,-24.485610961914062,-2.49849534034729,-13.341059684753418,-21.887521743774414,-6.2213921546936035,-17.713571548461914,-17.00632667541504,-4.620977401733398,-18.01312828063965,-9.906815528869629,2.511383295059204,-17.0306339263916,-11.9631986618042,5.714725494384766,-5.4257683753967285,-6.656148910522461
8_theo_5.wav,0.35470786690711975,0.004641836043447256,1564.908653579673,1178.1026985973654,2984.65576171875,0.10484095982142858,-577.2584838867188,166.9099884033203,-57.817264556884766,59.20378494262695,41.59377670288086,-58.230525970458984,1.068662405014038,9.40192985534668,-35.94332504272461,-5.613903045654297,-5.454761028289795,-19.655744552612305,4.515383720397949,-5.447864055633545,-8.015070915222168,12.844597816467285,-5.674322605133057,-7.9266357421875,8.510377883911133,-11.318510055541992,-11.037629127502441,5.112343788146973,-9.347386360168457,-8.299432754516602,0.36513060331344604,-9.82960319519043,-0.794937252998352,6.236542224884033,-4.6051764488220215,2.1073832511901855
6_lucas_37.wav,0.5537732839584351,0.02899441309273243,1550.5208683423461,991.1024164608802,2718.310546875,0.14071800595238096,-373.17840576171875,175.75315856933594,-76.51997375488281,20.39739227294922,46.3575439453125,-41.33823776245117,-7.872600078582764,10.523239135742188,-23.2016658782959,2.6834940910339355,8.71876335144043,-12.218971252441406,4.20300817489624,3.3655965328216553,-5.538050651550293,8.041535377502441,-1.236389398574829,-7.8010172843933105,5.382425308227539,-4.152608394622803,-7.901949882507324,3.852449655532837,-4.2237396240234375,-4.58398962020874,4.8563151359558105,-3.7020463943481445,-2.5738580226898193,5.2112040519714355,-3.120041608810425,-2.3512511253356934
8_theo_24.wav,0.4577336609363556,0.0032529740128666162,1566.0375823050604,1136.9523860489085,2995.986328125,0.11549479166666667,-588.554931640625,188.06752014160156,-73.94972229003906,55.97410583496094,46.294429779052734,-63.256919860839844,4.5471086502075195,15.066365242004395,-36.65279006958008,-1.5434856414794922,-4.336851596832275,-23.79604721069336,7.768404960632324,-3.2808454036712646,-13.257523536682129,12.880146026611328,0.6320218443870544,-4.807497501373291,8.520628929138184,-9.06549072265625,-6.523073673248291,6.289342403411865,-11.896617889404297,-7.166276454925537,5.8660569190979,-7.705142498016357,-4.743506908416748,0.7144600749015808,-8.186490058898926,-0.21749600768089294
6_jackson_6.wav,0.5069421529769897,0.033880770206451416,1380.7532995353188,1045.5328172036195,2536.0240589488635,0.11162405303030302,-401.23736572265625,130.70188903808594,-39.51398468017578,7.66823148727417,25.48985481262207,-25.085731506347656,-15.413808822631836,-8.857162475585938,-17.16771125793457,-0.23537039756774902,-6.579493522644043,-15.72398567199707,-0.22613540291786194,-2.387115240097046,-5.881758213043213,-3.803514242172241,-18.444875717163086,-11.936095237731934,2.1478850841522217,-15.083500862121582,-15.06857967376709,0.29293084144592285,-12.286331176757812,-13.416556358337402,1.479299545288086,-5.848560333251953,-8.055999755859375,2.0797102451324463,-1.7003555297851562,-3.708113193511963
1_yweweler_48.wav,0.3888266384601593,0.007693620398640633,990.510670770686,888.7637775647319,1963.1103515625,0.06260850694444445,-563.3995361328125,203.528564453125,-43.547203063964844,7.2050347328186035,8.372946739196777,-45.36568832397461,11.207207679748535,12.511550903320312,-31.05344009399414,0.863246738910675,5.110331058502197,-18.35120964050293,0.8889086842536926,-0.45288440585136414,-11.329500198364258,0.5714448690414429,-9.808272361755371,-12.21446704864502,5.090353012084961,-5.579734802246094,-10.19550609588623,1.6396321058273315,-7.336023807525635,-7.727537155151367,1.0785417556762695,-8.29507827758789,-5.842042922973633,2.370213747024536,-6.731225490570068,-4.746559143066406
2_lucas_41.wav,0.3885325789451599,0.04417506977915764,1154.0851427986263,944.2180226262695,2228.218410326087,0.06757387907608696,-396.57452392578125,177.83343505859375,-46.903846740722656,20.467485427856445,54.428863525390625,-20.94223403930664,-10.745499610900879,7.422024250030518,-20.462482452392578,-7.056832313537598,3.8420400619506836,-13.5171480178833,-6.03079080581665,-0.4872504472732544,-5.507997989654541,4.529470920562744,-0.1416524350643158,-10.888988494873047,0.1526039093732834,1.580257534980774,-6.6668195724487305,-2.9372684955596924,-4.9707136154174805,-6.979767322540283,1.1270452737808228,-2.2850539684295654,-7.77818489074707,-1.2231816053390503,-1.6149177551269531,-4.574561595916748
1_lucas_40.wav,0.47439679503440857,0.03710225969552994,1354.590443177631,924.6991804771255,2368.65234375,0.10341460129310345,-482.4996032714844,98.88317108154297,-15.210328102111816,8.745104789733887,21.789871215820312,-16.056062698364258,-6.259235382080078,11.821358680725098,-7.180508136749268,-9.024476051330566,6.401201248168945,2.5612542629241943,-5.41257381439209,-2.863614797592163,0.6846880912780762,-0.7412866353988647,-4.876920700073242,-3.9384403228759766,-0.05682678893208504,-0.9049937129020691,-2.5266807079315186,-4.596536636352539,-6.794956684112549,-1.4105191230773926,1.0094085931777954,-7.303016185760498,-7.911774158477783,-0.6451795697212219,-1.4134013652801514,-2.7452940940856934
1_nicolas_46.wav,0.3149312436580658,0.03808879852294922,1002.5959006685193,1003.3046237359611,2046.4824969951924,0.045785757211538464,-356.4989929199219,230.9562225341797,-64.75702667236328,25.519397735595703,25.117097854614258,-44.66769027709961,15.33756160736084,1.5889111757278442,-32.915287017822266,18.067350387573242,0.8602441549301147,-27.659212112426758,8.684910774230957,-2.2248940467834473,-14.573230743408203,10.664249420166016,-4.772633075714111,-10.248661994934082,9.833474159240723,-5.414887428283691,-8.285859107971191,4.041945457458496,-8.803750991821289,-3.8139050006866455,5.642740726470947,-7.099889755249023,-0.31711485981941223,5.909661293029785,-5.40773344039917,1.9880468845367432
1_jackson_11.wav,0.25405991077423096,0.0703047439455986,767.9591399797301,782.2749230322482,1282.2043678977273,0.03810813210227273,-327.1874694824219,231.9804229736328,-35.32223892211914,11.247426986694336,19.74449920654297,-42.66537094116211,-3.871124267578125,1.899924397468567,-25.937583923339844,6.317285060882568,-1.7856618165969849,-29.0856876373291,0.9046755433082581,3.140159845352173,-15.52548599243164,-1.3394869565963745,-8.133835792541504,-17.750017166137695,-0.35518932342529297,-6.4734416007995605,-13.724654197692871,-1.2325809001922607,-9.879802703857422,-13.229294776916504,-1.4049557447433472,-12.988009452819824,-16.206531524658203,-2.2314419746398926,-9.244364738464355,-9.285972595214844
3_nicolas_17.wav,0.32621949911117554,0.029799822717905045,914.1061772476273,1125.205641009729,2398.5595703125,0.03683810763888889,-395.77099609375,204.92755126953125,-56.76715087890625,57.92532730102539,54.249610900878906,-30.396623611450195,16.83323860168457,-0.09560669958591461,-36.97776794433594,5.6406402587890625,-11.147624969482422,-30.28226661682129,6.807766914367676,-5.9691290855407715,-14.60935115814209,13.340824127197266,-1.9228646755218506,-9.590877532958984,6.795727252960205,-6.937328338623047,-6.696630954742432,3.3336777687072754,-10.93753433227539,-5.014641284942627,3.9353132247924805,-6.643613338470459,2.823713541030884,6.28620719909668,-9.05649471282959,-3.6790881156921387
3_yweweler_13.wav,0.3351113498210907,0.007240769453346729,1464.0651266972723,1116.233441842259,2750.5500344669117,0.07088694852941177,-541.595703125,178.0490264892578,-78.81349182128906,39.03101348876953,56.436622619628906,-43.9063720703125,-1.6415975093841553,10.9198637008667,-32.900943756103516,-5.218191623687744,-6.135307788848877,-27.152124404907227,0.5766198635101318,-7.142910003662109,-21.86428451538086,5.833791255950928,1.2479662895202637,-10.734182357788086,5.776526927947998,-1.4898134469985962,-8.151679039001465,2.10699200630188,-7.311330795288086,-7.167254447937012,3.1071953773498535,-7.546058177947998,-6.816217422485352,1.1298949718475342,-8.130829811096191,-4.951577186584473
3_george_14.wav,0.29255035519599915,0.03299669176340103,1302.3501491629918,1106.6068641250915,2666.0797119140625,0.059539794921875,-407.0252685546875,175.12872314453125,-90.30436706542969,36.10432815551758,49.50511932373047,-57.52975082397461,-19.05080795288086,-13.01196575164795,-43.59214401245117,-1.3412668704986572,-17.78432846069336,-47.126434326171875,-4.4842000007629395,-10.541911125183105,-33.92426300048828,-6.251833915710449,-9.233896255493164,-20.23116683959961,-6.291687488555908,-17.221878051757812,-14.329357147216797,2.0197057723999023,-19.280467987060547,-19.682249069213867,3.1953182220458984,-10.8489990234375,-15.9986572265625,0.7409291863441467,-5.261768817901611,-7.126410484313965
7_lucas_16.wav,0.476780503988266,0.03534362092614174,1173.827693697384,963.9372749137048,2437.6564719460225,0.08602627840909091,-392.8623046875,182.66232299804688,-47.1102294921875,24.674213409423828,46.09141159057617,-31.7259464263916,-6.771120071411133,7.898472309112549,-29.3243408203125,-7.886788845062256,13.295287132263184,-4.586242198944092,-7.347780227661133,-5.636106491088867,-0.2717324197292328,8.2298002243042,-7.964189052581787,-12.707633018493652,3.274637460708618,-3.5494766235351562,-10.035737037658691,-2.4583733081817627,-9.160414695739746,-10.064107894897461,0.04762035980820656,-3.5438101291656494,-5.541261196136475,-3.1480047702789307,-7.175113201141357,-2.0414984226226807
7_lucas_26.wav,0.46542975306510925,0.0425211638212204,1176.6801724755226,892.4683857172779,2189.388427734375,0.0850830078125,-375.7264099121094,178.49386596679688,-46.81861114501953,13.558134078979492,39.68401336669922,-31.044424057006836,-9.558112144470215,8.27774429321289,-28.501333236694336,-12.50719928741455,13.096339225769043,-1.4171043634414673,-6.989953517913818,-4.554614067077637,-3.0123519897460938,1.7369320392608643,-6.662077903747559,-7.264334678649902,4.697930812835693,-2.8680968284606934,-10.041688919067383,-2.7690420150756836,-6.5334014892578125,-9.202778816223145,-2.7773425579071045,-5.44885778427124,-5.683566570281982,-1.039771318435669,-5.077383518218994,-4.988908767700195
3_theo_49.wav,0.23598848283290863,0.012292556464672089,849.3463448616621,913.8203952909928,2049.9609375,0.0326171875,-527.1965942382812,178.36514282226562,-38.73260498046875,34.07159423828125,48.28329086303711,-35.22345733642578,-23.525266647338867,-7.535840034484863,-19.043716430664062,-6.220694065093994,-19.58540153503418,-26.47235107421875,-4.9590044021606445,-12.056302070617676,-8.862130165100098,9.486413955688477,-7.769462585449219,-10.19015884399414,5.820460319519043,-8.479596138000488,-11.954153060913086,-2.96197772026062,-13.38378620147705,-8.394511222839355,-0.23728695511817932,-12.079187393188477,-6.695813179016113,0.46481791138648987,-9.855951309204102,-5.075162887573242
4_yweweler_8.wav,0.3963332176208496,0.019906630739569664,767.0402229289991,640.5293083876434,993.218994140625,0.045654296875,-458.14788818359375,242.38021850585938,-23.82246208190918,-15.55384635925293,-16.74507713317871,-61.907073974609375,-8.907416343688965,9.460636138916016,-22.397777557373047,-3.521719455718994,-4.777819633483887,-25.4127197265625,0.10869526863098145,8.850066184997559,-7.632877349853516,-2.2521610260009766,-5.151403903961182,-11.876596450805664,-2.705411911010742,-7.88200569152832,-13.027325630187988,-3.5578691959381104,-6.871125221252441,-8.609853744506836,0.5095151662826538,-1.7440807819366455,-2.436046838760376,1.802567720413208,-4.373679161071777,-4.949895858764648
6_nicolas_35.wav,0.37050431966781616,0.057678841054439545,898.1723937503142,1066.87880993901,2308.6669921875,0.03501674107142857,-349.9987487792969,211.94534301757812,-46.25369644165039,69.24864196777344,51.03736114501953,-53.28752899169922,-3.215994358062744,-5.460054874420166,-48.287166595458984,-7.223133563995361,-7.624306678771973,-26.5544490814209,6.183265209197998,-1.4301460981369019,-17.37236976623535,5.982189655303955,1.1850709915161133,-6.318589210510254,5.526571750640869,-2.7122371196746826,-2.495662212371826,4.145446300506592,-6.576498985290527,-1.6977404356002808,1.8104960918426514,-8.742661476135254,2.0891966819763184,4.290173530578613,-10.591403007507324,-0.5758188366889954
8_lucas_48.wav,0.47199785709381104,0.06898224353790283,1325.9932836125483,1028.9657471688627,2586.376953125,0.09619140625,-340.0817565917969,180.67117309570312,-57.01744079589844,36.920684814453125,49.395999908447266,-52.725284576416016,-19.255088806152344,14.740565299987793,-17.327442169189453,-5.041477203369141,0.3827507495880127,-14.31273365020752,0.4875284433364868,0.33975082635879517,-7.830038070678711,1.525871753692627,-3.909069538116455,-5.525547504425049,-0.030884291976690292,-11.548274993896484,-4.735204696655273,5.95818567276001,-13.429759979248047,-12.36862850189209,4.407003402709961,-7.21831750869751,-9.855937957763672,1.4421685934066772,-6.404279708862305,-8.4345121383667
3_george_20.wav,0.30285969376564026,0.028319938108325005,1656.6218652896187,1234.7390917813145,3043.359375,0.09271918402777778,-396.2397155761719,175.589599609375,-97.34820556640625,53.523895263671875,55.70491409301758,-60.91035461425781,-12.720157623291016,-8.126535415649414,-44.20871353149414,-1.6691311597824097,-20.482322692871094,-42.41245651245117,9.4639253616333,-5.649613857269287,-34.6324462890625,0.7387896776199341,-3.935173988342285,-21.320600509643555,-3.393612861633301,-9.357510566711426,-11.878948211669922,-2.422980308532715,-18.423261642456055,-12.966663360595703,4.723970890045166,-10.13113021850586,-12.715808868408203,-2.540839910507202,-10.039397239685059,-7.390538692474365
6_lucas_15.wav,0.5284148454666138,0.024949735030531883,1777.3192218931408,956.0085086046979,2825.5869140625,0.1530078125,-400.72113037109375,144.3478546142578,-74.374755859375,24.975605010986328,43.780399322509766,-41.104610443115234,-4.7793426513671875,11.622455596923828,-25.226335525512695,-0.7033746838569641,6.162189483642578,-14.421477317810059,2.1500322818756104,1.3880903720855713,-9.306848526000977,4.573992729187012,-1.875659465789795,-8.402475357055664,5.100727558135986,-2.0680806636810303,-6.783055305480957,2.9969658851623535,-5.325310707092285,-6.973818778991699,2.75587797164917,-4.623959064483643,-5.659043788909912,2.3952229022979736,-2.3700592517852783,-2.3475234508514404
1_jackson_28.wav,0.23200319707393646,0.0658189207315445,651.4148464189976,730.2261245903692,1037.6953125,0.0341796875,-368.122314453125,205.69947814941406,-2.4145450592041016,6.124587059020996,12.447029113769531,-37.74811553955078,-14.989387512207031,7.236859321594238,-21.357961654663086,-20.58641815185547,-4.652623176574707,-10.906864166259766,-10.687817573547363,-5.467809677124023,-6.159293174743652,-6.217372894287109,-9.859716415405273,-9.20592975616455,-5.708934307098389,-13.012834548950195,-13.353657722473145,-4.05023717880249,-7.715340614318848,-12.102351188659668,-8.703473091125488,-12.614768028259277,-12.4585599899292,-2.5190558433532715,-0.3139778673648834,-1.2904974222183228
7_nicolas_13.wav,0.37136662006378174,0.038692865520715714,1165.531321609047,1096.7009647456555,2544.0846162683824,0.05942670036764706,-352.16204833984375,200.65696716308594,-64.96112060546875,36.27939987182617,41.03114318847656,-43.29074478149414,3.5470335483551025,-2.4146783351898193,-35.75815200805664,10.625818252563477,1.1321874856948853,-23.539398193359375,10.86469554901123,4.901061534881592,-9.255067825317383,7.587736129760742,-7.061489582061768,-10.756003379821777,5.585998058319092,-9.201881408691406,-7.420374393463135,7.077723979949951,-6.682432174682617,-2.5893783569335938,7.690733909606934,-5.797250747680664,-0.5921350121498108,6.67767858505249,-5.037593364715576,0.15809932351112366
2_george_28.wav,0.25105100870132446,0.05397539585828781,935.5083011815444,939.1272256833406,2023.4481811523438,0.03948974609375,-366.57501220703125,177.65582275390625,-61.815677642822266,4.396781921386719,11.665803909301758,-52.88422393798828,-5.491105556488037,-2.719670295715332,-44.896942138671875,-15.897945404052734,-16.670726776123047,-42.014549255371094,-16.826505661010742,-13.905204772949219,-23.978469848632812,-3.5206146240234375,-9.034011840820312,-20.32697296142578,-6.736957550048828,-13.137299537658691,-19.66135025024414,-8.73091983795166,-11.601558685302734,-8.604472160339355,-0.39856526255607605,-10.113018989562988,-8.712824821472168,-2.298203468322754,-10.340892791748047,-4.10598611831665
2_jackson_9.wav,0.22380545735359192,0.06800027936697006,966.2872928740622,898.7802201757073,1655.364990234375,0.060791015625,-361.3496398925781,159.3741912841797,-19.049970626831055,24.7612247467041,33.000244140625,-29.165122985839844,-22.72711181640625,-9.322928428649902,-18.07482147216797,-11.054856300354004,-20.917560577392578,-24.117422103881836,-4.910973072052002,-11.245429992675781,-13.887672424316406,0.6612555980682373,-9.896350860595703,-9.541278839111328,8.706253051757812,-4.776169300079346,-12.45168685913086,3.9008102416992188,-2.97566819190979,-11.543144226074219,-3.329453706741333,-7.979396820068359,-10.065179824829102,-4.09921932220459,-10.205734252929688,-7.601538181304932
6_theo_8.wav,0.3208611011505127,0.0030427337624132633,1815.6027008481653,1062.4847740673085,2971.58203125,0.16485305059523808,-581.1559448242188,156.4673614501953,-74.18563842773438,34.265907287597656,35.5476188659668,-45.720863342285156,2.8510749340057373,2.8215091228485107,-25.199844360351562,12.919716835021973,-2.4973793029785156,-22.87033462524414,9.881929397583008,1.6401723623275757,-4.50030517578125,13.646673202514648,-8.029668807983398,-8.622525215148926,10.187446594238281,-14.456037521362305,-15.505990028381348,7.754641532897949,-5.219521999359131,-8.31305980682373,1.4365592002868652,-7.662510395050049,-1.9899697303771973,4.426025867462158,-4.9963059425354,0.6853108406066895
3_nicolas_9.wav,0.30775466561317444,0.03007672354578972,988.2839669263341,1210.7020153062829,2450.870028409091,0.042169744318181816,-383.81610107421875,199.1394500732422,-51.10213851928711,52.812747955322266,46.12468338012695,-32.109371185302734,13.521703720092773,-0.6131880283355713,-34.67701721191406,7.2948150634765625,-8.501019477844238,-28.872709274291992,6.600176811218262,-4.75335693359375,-12.416088104248047,13.984175682067871,-4.048186302185059,-12.540411949157715,6.741706848144531,-5.81001091003418,-7.402044773101807,4.746129035949707,-5.680756092071533,-1.3686639070510864,3.122316837310791,-11.093621253967285,-2.663877248764038,4.290904521942139,-6.746124744415283,0.8863966464996338
1_jackson_20.wav,0.3103489279747009,0.06957440078258514,749.6795702185158,786.8140561999647,1225.777587890625,0.0387939453125,-333.1902770996094,213.9268341064453,-18.746416091918945,7.743908882141113,4.869807243347168,-49.8794059753418,-6.814705848693848,3.531238079071045,-34.95323944091797,-11.589447021484375,0.2953642010688782,-19.94357681274414,-4.807147026062012,-1.571972131729126,-18.029972076416016,-6.612312316894531,-2.466829776763916,-12.049068450927734,-5.655562400817871,-7.085753440856934,-13.448579788208008,-5.779397010803223,-7.035757541656494,-13.563342094421387,-10.055582046508789,-10.710514068603516,-10.190157890319824,-2.2842257022857666,-2.4527947902679443,-4.994864463806152
3_george_42.wav,0.3657456338405609,0.0578736886382103,1720.731476700397,1198.783078869676,3169.5218599759614,0.11733774038461539,-325.6611328125,181.96304321289062,-117.47560119628906,32.45860290527344,46.66136932373047,-61.65224838256836,-16.591922760009766,-27.909423828125,-60.443302154541016,-1.2498711347579956,-24.37550163269043,-55.184608459472656,2.1176722049713135,-5.4631195068359375,-31.475717544555664,-2.2154242992401123,-14.53053092956543,-23.84467315673828,0.8698810935020447,-13.864551544189453,-15.684530258178711,2.9163827896118164,-17.503751754760742,-17.30069351196289,2.5274147987365723,-12.963140487670898,-12.28403091430664,4.843090057373047,-4.836575984954834,-6.741501331329346
9_theo_26.wav,0.34089696407318115,0.04131250083446503,1090.1661728014103,868.3964227804045,2022.7752685546875,0.06339518229166667,-372.1565856933594,154.45237731933594,-54.25034713745117,-5.0272345542907715,17.683618545532227,-38.81502151489258,-18.30877685546875,-3.0195090770721436,-21.501358032226562,-4.647550106048584,-4.517211437225342,-20.19512367248535,-3.9175922870635986,-0.3122154176235199,-12.826703071594238,-10.479453086853027,-13.291473388671875,-14.188706398010254,-6.397396087646484,-10.08725643157959,-9.853066444396973,-5.357856750488281,-9.698992729187012,-0.3453178405761719,9.404139518737793,-2.5558226108551025,-3.9589385986328125,5.175686359405518,0.2618347704410553,-0.24524164199829102
3_george_19.wav,0.2561595141887665,0.05147325247526169,1424.9179206866625,1093.0421990634172,2792.39501953125,0.06190708705357143,-372.3023986816406,164.72669982910156,-97.15425109863281,36.834442138671875,55.68006134033203,-58.22866439819336,-26.847667694091797,-18.18446922302246,-49.124813079833984,-9.781355857849121,-21.676183700561523,-46.325592041015625,-3.4884872436523438,-8.942851066589355,-31.45290756225586,-3.235102415084839,-6.962113380432129,-18.626249313354492,0.5694608092308044,-7.83207368850708,-13.242332458496094,0.727221667766571,-14.239416122436523,-18.143301010131836,0.24741172790527344,-6.515294075012207,-9.598978042602539,2.690899133682251,0.002211059909313917,-1.4110831022262573
8_yweweler_11.wav,0.33573588728904724,0.005727121606469154,1434.5840211586326,1166.2657547816798,2985.040283203125,0.094329833984375,-577.7024536132812,162.12240600585938,-55.153656005859375,45.055137634277344,36.578880310058594,-53.27089309692383,1.4829120635986328,10.9961576461792,-31.449665069580078,-2.42596697807312,-7.142497539520264,-25.170047760009766,5.884068489074707,-4.329799175262451,-18.914854049682617,8.228706359863281,1.3917078971862793,-8.241886138916016,8.405755043029785,-0.33437371253967285,-3.6400938034057617,4.814642906188965,-9.281668663024902,-5.834859371185303,3.6059913635253906,-12.839448928833008,-7.744877338409424,4.257388114929199,-9.1197509765625,-4.9665141105651855
8_theo_34.wav,0.356170117855072,0.010808717459440231,1524.620632180195,1127.4314732688174,2913.262939453125,0.10347493489583333,-502.6436462402344,175.5094451904297,-66.4686050415039,56.0476188659668,43.39187240600586,-64.64624786376953,-6.1555352210998535,6.607099533081055,-36.12596130371094,-10.72031307220459,-17.2808837890625,-22.20556640625,9.1328706741333,-9.283670425415039,-10.31303882598877,16.498432159423828,-7.805629253387451,-11.111637115478516,7.582658290863037,-15.139985084533691,-11.94641399383545,7.471174716949463,-9.005818367004395,-5.524078845977783,4.720987319946289,-9.390003204345703,-3.2728493213653564,0.6944641470909119,-10.860995292663574,0.321377158164978
1_theo_30.wav,0.27389076352119446,0.016974784433841705,829.0883828685172,775.6888302888846,1340.7252261513158,0.036775287828947366,-488.9525451660156,206.69711303710938,-54.652191162109375,1.0300683975219727,7.468840599060059,-50.19597625732422,3.155704975128174,8.808794975280762,-28.579744338989258,-1.5917763710021973,-6.065551280975342,-27.675582885742188,-6.264156341552734,-8.062886238098145,-12.496664047241211,1.219814658164978,-14.064061164855957,-13.972294807434082,3.4173309803009033,-14.541083335876465,-17.680227279663086,-0.023968929424881935,-8.465180397033691,-6.172356605529785,5.202785968780518,-7.379029273986816,-7.1704792976379395,2.900735378265381,-3.139758825302124,-1.0022401809692383
5_yweweler_26.wav,0.5832696557044983,0.008577984757721424,899.8706441628123,875.5848741003296,1715.478515625,0.062174479166666664,-527.149169921875,226.34898376464844,-56.90669250488281,25.25791358947754,42.61021041870117,-35.72757339477539,11.454163551330566,20.123924255371094,-21.110034942626953,9.63644790649414,9.450594902038574,-15.039796829223633,7.631228923797607,2.9397096633911133,-10.47533893585205,4.547150611877441,-7.412467956542969,-9.296363830566406,11.633039474487305,-4.485851764678955,-10.899162292480469,8.078845977783203,-3.591535806655884,-8.187148094177246,7.151181697845459,-3.062732696533203,-8.478536605834961,2.501643419265747,-2.149197578430176,-3.7866313457489014
5_lucas_44.wav,0.5100899338722229,0.0634496808052063,1293.2313048017293,874.6838803106316,2259.130017510776,0.1001818426724138,-353.6419677734375,169.9060821533203,-54.38618469238281,3.008788824081421,37.750526428222656,-26.9973201751709,-11.363381385803223,10.464016914367676,-12.836275100708008,1.7323329448699951,13.022263526916504,-5.312351703643799,-2.548880100250244,0.7253189086914062,-4.2818074226379395,2.2931909561157227,-3.5370938777923584,-10.309576988220215,0.9910703897476196,-0.09085878729820251,-7.040388107299805,-2.3299710750579834,-4.677857875823975,-5.204558849334717,1.255372405052185,-3.960615634918213,-4.458337306976318,2.92172908782959,-4.280768394470215,-8.112510681152344
8_lucas_43.wav,0.4718376696109772,0.04542488232254982,1528.7678869385938,999.7213151501946,2665.147986778846,0.10935621995192307,-419.4567565917969,133.81871032714844,-46.78572082519531,35.42533493041992,48.01483917236328,-38.668312072753906,-13.59483814239502,18.570932388305664,-10.250211715698242,-5.7357354164123535,3.4491095542907715,-5.705996036529541,1.92788827419281,0.6875240802764893,-5.174989700317383,1.7076480388641357,-3.7074170112609863,-5.679713726043701,1.335044026374817,-7.256113052368164,-5.511564254760742,5.736328125,-5.06357479095459,-7.853842735290527,4.180571556091309,-1.476063847541809,-5.683403968811035,0.5846757888793945,-3.657463312149048,-4.622738361358643
0_nicolas_12.wav,0.3326328694820404,0.04194574058055878,874.74047843466,1011.5186406662024,2048.7945556640625,0.05010986328125,-366.417236328125,199.6195831298828,-42.490909576416016,44.57997512817383,38.23173522949219,-38.305335998535156,11.14450740814209,1.6009374856948853,-34.96847915649414,3.24282169342041,-12.0392484664917,-29.523950576782227,12.095484733581543,2.6572210788726807,-11.774589538574219,12.341517448425293,-1.2749894857406616,-9.310303688049316,7.367699146270752,-6.123190402984619,-7.365426540374756,4.724174976348877,-9.382060050964355,-7.282320499420166,3.603490114212036,-4.602962493896484,0.926795482635498,2.6893911361694336,-9.774577140808105,-0.6194748282432556
6_yweweler_34.wav,0.45291826128959656,0.006100242026150227,1369.5251049439487,1017.6186481756046,2611.184210526316,0.09213096217105263,-548.4353637695312,170.49925231933594,-64.28455352783203,20.85525131225586,40.003292083740234,-41.40739440917969,-10.881752014160156,6.4057817459106445,-21.575931549072266,-3.5540688037872314,-6.646358013153076,-18.523473739624023,5.44691276550293,0.4411550760269165,-9.614129066467285,6.4409403800964355,-0.606335461139679,-5.150703430175781,4.213588714599609,-7.910009384155273,-6.032373428344727,5.1728620529174805,-10.03523063659668,-9.067957878112793,3.3766028881073,-7.894898414611816,-6.130296230316162,3.930879592895508,-5.6979522705078125,-4.255047798156738
7_lucas_14.wav,0.43589937686920166,0.019845709204673767,1482.1277481665816,904.7802306536529,2520.5810546875,0.11999059606481481,-462.8388671875,151.63131713867188,-51.024810791015625,28.422847747802734,47.76445770263672,-29.844816207885742,0.06430362910032272,18.12101173400879,-25.25720977783203,-7.493930339813232,18.7728328704834,1.4800152778625488,-2.3889553546905518,0.462770015001297,-0.19525940716266632,5.8839802742004395,-2.629232406616211,-8.250450134277344,2.161109209060669,-0.8174501061439514,-6.066097259521484,-2.2858448028564453,-6.85360050201416,-6.468605995178223,0.41054245829582214,-2.821521520614624,-2.7294540405273438,-0.6850085258483887,-5.769018173217773,-0.9577804803848267
2_yweweler_45.wav,0.3598029613494873,0.011994720436632633,957.3857558145032,869.7463867019018,1857.7281605113637,0.05477627840909091,-519.336669921875,201.66603088378906,-50.930728912353516,15.084249496459961,37.380897521972656,-29.784828186035156,1.5537300109863281,4.669621467590332,-35.040287017822266,-13.109375953674316,-10.1458740234375,-24.872846603393555,0.9491837024688721,-0.27459093928337097,-13.736743927001953,3.82572865486145,-1.3014435768127441,-8.608492851257324,8.625975608825684,-1.420114278793335,-14.314925193786621,-0.8739694952964783,-4.1616010665893555,-11.773181915283203,-3.745764970779419,-7.103185653686523,-10.067787170410156,-3.5827553272247314,-6.332825183868408,-6.034361362457275
5_george_10.wav,0.23387013375759125,0.05013196915388107,1166.3089580084804,949.6026420609844,2240.1260375976562,0.05560302734375,-353.2332763671875,187.455322265625,-93.79785919189453,-0.4702965021133423,23.630401611328125,-60.38829040527344,-21.27708625793457,-13.168998718261719,-45.665767669677734,-5.537303924560547,-6.509929180145264,-31.00701904296875,0.2097928524017334,-7.988134860992432,-32.64673614501953,-8.85743236541748,-9.476354598999023,-20.375394821166992,-4.479856967926025,-10.941617012023926,-14.109098434448242,-0.8639580011367798,-15.804414749145508,-18.39583969116211,-0.3813457489013672,-11.84097671508789,-15.517148971557617,1.695214033126831,-4.522812843322754,-9.941320419311523
1_george_25.wav,0.2839827537536621,0.06607639044523239,1237.9705320571045,1010.6601288785273,2437.051930147059,0.0695657169117647,-335.478271484375,185.4163818359375,-90.98786926269531,2.471479654312134,11.064619064331055,-59.13444900512695,-0.32083219289779663,-8.978948593139648,-47.815093994140625,2.1175546646118164,-8.919879913330078,-36.7021598815918,3.2464711666107178,-7.800988674163818,-31.18366241455078,-3.12650465965271,-9.315370559692383,-23.416227340698242,-8.020934104919434,-11.807343482971191,-10.82837200164795,-4.66094970703125,-17.477603912353516,-7.076258182525635,0.8937057256698608,-19.163633346557617,-9.027639389038086,5.655681610107422,-11.031024932861328,-8.653244018554688
5_jackson_13.wav,0.33290213346481323,0.07336992025375366,892.5972027482458,805.2440970108887,1665.989925986842,0.046720805921052634,-309.8923645019531,223.2481689453125,-55.55785369873047,-1.5646761655807495,20.271333694458008,-46.686767578125,-18.418933868408203,-5.660775184631348,-26.04637336730957,0.7226334810256958,2.4549880027770996,-14.893749237060547,-7.060672283172607,-15.017298698425293,-13.511157989501953,0.9988933205604553,-15.254690170288086,-14.495166778564453,3.5410027503967285,-12.078436851501465,-14.65316104888916,3.6270134449005127,-5.421486854553223,-12.717826843261719,-6.132381439208984,-9.642637252807617,-7.163801670074463,-4.350457668304443,-9.711125373840332,-2.946347713470459
0_george_17.wav,0.2695922255516052,0.042439818382263184,918.888451532356,900.2825394511933,1810.8595628004807,0.041259765625,-408.2924499511719,155.82623291015625,-51.143699645996094,13.862709999084473,30.239299774169922,-35.406654357910156,-19.763214111328125,-21.495866775512695,-39.830322265625,-11.124944686889648,-21.518381118774414,-37.803955078125,-5.550242900848389,-9.908357620239258,-28.078094482421875,-7.099306583404541,-6.671268939971924,-15.638192176818848,-3.314958095550537,-8.831032752990723,-14.353278160095215,-5.549014091491699,-13.626509666442871,-13.843122482299805,-0.49401038885116577,-6.3302483558654785,-9.339339256286621,-1.9317008256912231,-5.419204235076904,-3.374542713165283
9_george_20.wav,0.308026522397995,0.06735438853502274,1598.6850898446783,1091.6394372120112,2956.0302734375,0.10248480902777778,-318.2713928222656,177.90206909179688,-112.64517211914062,16.629051208496094,36.24961853027344,-51.9654541015625,-4.395223140716553,-19.111867904663086,-48.68831253051758,13.571592330932617,-6.224630832672119,-39.311885833740234,5.090109348297119,-10.010855674743652,-32.116947174072266,0.23840321600437164,-11.461078643798828,-22.46045684814453,-0.3008055090904236,-11.505870819091797,-14.81911563873291,-5.329665660858154,-19.750520706176758,-8.065561294555664,4.981522560119629,-14.578896522521973,-5.613708019256592,6.715909957885742,-10.914499282836914,-5.098563194274902
5_george_31.wav,0.2881844639778137,0.05602213740348816,1387.5003257939834,988.3657961057085,2554.517886513158,0.08110608552631579,-346.9372253417969,183.83230590820312,-115.43539428710938,6.086679935455322,36.4227294921875,-54.2778205871582,-13.732171058654785,-9.455792427062988,-42.4293327331543,-2.185469627380371,-13.497342109680176,-37.42864990234375,0.16340762376785278,-11.851702690124512,-31.178585052490234,1.0259720087051392,-6.024630069732666,-19.34345054626465,0.05503855273127556,-11.455458641052246,-17.986461639404297,-0.8101203441619873,-10.789592742919922,-11.338329315185547,2.6513254642486572,-10.024405479431152,-11.120996475219727,1.2556344270706177,-5.8209733963012695,-3.565655469894409
0_nicolas_7.wav,0.276982843875885,0.045950938016176224,857.1064033948529,1004.4588344162497,1897.4551930147059,0.03610409007352941,-360.26580810546875,216.7018280029297,-49.77708435058594,40.49068832397461,35.01748275756836,-39.74602127075195,15.938810348510742,6.043550968170166,-35.456302642822266,0.6939778327941895,-13.814554214477539,-31.548538208007812,8.54890251159668,0.5122994184494019,-10.156234741210938,15.407328605651855,-0.047126948833465576,-9.494649887084961,7.951625347137451,-4.7766900062561035,-6.188295364379883,5.202052116394043,-9.342122077941895,-7.088903903961182,2.0276269912719727,-8.528738975524902,0.11261660605669022,7.533855438232422,-5.563416481018066,-1.2882108688354492
7_theo_44.wav,0.34065723419189453,0.003708232892677188,1336.1775289535692,993.7845357798624,2476.318359375,0.106494140625,-578.46826171875,205.0988311767578,-77.2669448852539,23.70730972290039,33.479732513427734,-46.7607307434082,4.718408107757568,5.83189058303833,-26.833404541015625,14.3751859664917,5.745840549468994,-20.39409828186035,7.137317657470703,2.8318965435028076,-6.862492561340332,4.919522285461426,-13.729525566101074,-13.686182022094727,3.06449556350708,-14.163032531738281,-9.764593124389648,6.80026912689209,-10.112581253051758,-7.889925956726074,4.328502178192139,-7.448746681213379,-1.7023475170135498,5.52663516998291,-6.976849555969238,-2.549445390701294
6_george_13.wav,0.2821146547794342,0.031028201803565025,1812.8829699213534,1146.9298976711361,3061.3037109375,0.1332465277777778,-407.4004821777344,133.91954040527344,-94.59012603759766,35.67002487182617,46.7659912109375,-53.25663757324219,-16.938325881958008,-13.140623092651367,-43.20602035522461,-4.509241580963135,-18.787260055541992,-42.47611999511719,-0.26856958866119385,-8.490739822387695,-33.21046829223633,-3.4469902515411377,-0.70744788646698,-13.222816467285156,-5.229287147521973,-13.962977409362793,-8.218661308288574,4.861766338348389,-15.964776039123535,-13.439345359802246,6.4516730308532715,-10.281116485595703,-13.751507759094238,1.7637368440628052,-7.831954002380371,-8.102797508239746
7_nicolas_32.wav,0.3826943337917328,0.048148564994335175,1096.790551475953,1120.5680005660397,2473.626708984375,0.0494384765625,-329.96942138671875,187.40383911132812,-48.54294204711914,34.3145637512207,38.188560485839844,-37.518646240234375,-0.9019813537597656,-4.536894798278809,-31.030513763427734,8.93433952331543,-0.8964661359786987,-24.280141830444336,7.260242938995361,3.2852070331573486,-12.573760986328125,2.8735575675964355,-5.585231781005859,-9.958256721496582,2.0222244262695312,-10.913787841796875,-9.208316802978516,5.123523712158203,-5.932967185974121,-2.974020481109619,6.466277122497559,-5.7103118896484375,-1.427496075630188,5.747373580932617,-6.3856000900268555,-2.110708236694336
8_jackson_10.wav,0.37667056918144226,0.05141916498541832,1250.5038142666642,1083.7502127439004,2553.0303955078125,0.064117431640625,-354.51715087890625,182.69207763671875,-57.218929290771484,56.747833251953125,49.74154281616211,-71.47807312011719,-31.77193260192871,0.038317322731018066,-32.3432502746582,-15.355188369750977,-15.066610336303711,-23.877975463867188,-0.660668671131134,-9.254838943481445,-15.64798641204834,5.927643299102783,-1.7670749425888062,-8.630972862243652,-1.085655689239502,-10.165160179138184,-4.974078178405762,-0.9361801743507385,-17.390518188476562,-5.233410358428955,6.077675819396973,-15.62925910949707,-14.532499313354492,-1.381852388381958,-9.570714950561523,-8.511030197143555
5_yweweler_31.wav,0.5149053931236267,0.006812410429120064,1274.125466831004,931.4932238624647,2237.984952059659,0.09872159090909091,-539.1320190429688,188.2567901611328,-66.38268280029297,9.229940414428711,25.617094039916992,-41.55919647216797,4.764107704162598,10.328863143920898,-27.07299041748047,8.66104507446289,11.40217399597168,-16.136674880981445,4.423187732696533,4.212939739227295,-8.910103797912598,4.448180675506592,-4.665041446685791,-10.01388168334961,5.559082508087158,-5.669086456298828,-8.963505744934082,6.10957670211792,-5.137281894683838,-7.71983003616333,5.913683891296387,-3.7215301990509033,-6.31622314453125,3.826662302017212,-4.311378002166748,-6.057435512542725
0_jackson_42.wav,0.2631503939628601,0.11267056316137314,657.1935157388508,736.2998157062416,1232.5902478448277,0.03247912176724138,-315.9719543457031,196.34349060058594,-2.92975115776062,18.75326919555664,25.88035774230957,-18.290254592895508,-8.056764602661133,-14.937140464782715,-26.790176391601562,-7.861050605773926,-18.989072799682617,-18.70896339416504,9.93348217010498,-4.6503376960754395,-16.416173934936523,1.8029204607009888,-8.945945739746094,-14.011011123657227,0.4651642441749573,-14.129534721374512,-18.97589874267578,-3.490190267562866,-13.698554039001465,-16.1621036529541,-1.4448246955871582,-8.596000671386719,-10.202789306640625,1.0733803510665894,-6.1414384841918945,-9.258232116699219
5_theo_48.wav,0.402408242225647,0.006385482382029295,1269.8286827983484,855.0664824232307,2100.68359375,0.09678819444444445,-522.049072265625,231.66717529296875,-99.9015121459961,-10.86387825012207,23.441152572631836,-45.14732360839844,4.241785526275635,8.223493576049805,-23.158878326416016,16.08002471923828,9.433318138122559,-15.779120445251465,2.532832145690918,-10.4486083984375,-14.036563873291016,6.763533115386963,-13.626259803771973,-15.206412315368652,4.817559719085693,-14.287784576416016,-11.756657600402832,8.846978187561035,-7.230968952178955,-8.43577766418457,2.2786312103271484,-9.13624382019043,-2.0367980003356934,5.416425704956055,-8.78653335571289,-3.330434560775757
5_theo_23.wav,0.43063825368881226,0.003107965923845768,1287.464015282,884.6187136794092,2189.6575927734375,0.0909423828125,-577.7031860351562,232.05686950683594,-97.77701568603516,-0.15150530636310577,31.471115112304688,-42.457149505615234,7.4455084800720215,13.01232624053955,-21.427499771118164,16.116945266723633,11.441193580627441,-11.952923774719238,6.391664981842041,-7.5379180908203125,-10.352971076965332,11.769526481628418,-11.746752738952637,-15.445759773254395,8.710946083068848,-11.462206840515137,-15.979626655578613,5.686492919921875,-6.678993225097656,-8.574814796447754,5.769922733306885,-4.019360542297363,-4.405375003814697,1.1433875560760498,-7.8545074462890625,-2.3093974590301514
9_lucas_48.wav,0.4866269528865814,0.028967849910259247,1488.4005485370637,1101.726816777857,2782.6586453419814,0.13025132665094338,-528.1805419921875,85.76921081542969,-20.445852279663086,7.9088826179504395,20.570423126220703,-11.281789779663086,-1.9724074602127075,5.929595947265625,-7.480307579040527,-0.1521734893321991,6.138345241546631,-1.0315136909484863,-1.4815765619277954,-2.1749672889709473,-1.4784252643585205,2.0246455669403076,-3.477384090423584,-4.029551029205322,2.0588741302490234,-2.411728858947754,-4.7271928787231445,-0.40395697951316833,-2.858086585998535,-2.734008312225342,0.4273724853992462,-3.493333101272583,-3.546309471130371,-0.35353636741638184,-3.1912553310394287,-2.3795788288116455
0_george_18.wav,0.22992677986621857,0.04719167202711105,972.7668803792513,921.3970917265714,1903.6046181955646,0.04405556955645161,-403.2942199707031,154.80490112304688,-56.73501968383789,15.786822319030762,33.104854583740234,-37.31818389892578,-18.79251480102539,-17.25407600402832,-39.405113220214844,-13.20400333404541,-20.744356155395508,-36.694557189941406,-7.754396438598633,-9.998926162719727,-24.087814331054688,-6.822579383850098,-9.568124771118164,-15.596893310546875,-3.613567590713501,-9.787169456481934,-11.358428955078125,-2.97747540473938,-14.066643714904785,-13.311982154846191,-0.8202866315841675,-8.264044761657715,-9.345235824584961,-1.9021142721176147,-6.322801113128662,-3.2049596309661865
1_nicolas_26.wav,0.3054165840148926,0.046095579862594604,941.8642424335978,1016.7580891693955,2095.64208984375,0.037562779017857144,-347.69244384765625,209.31277465820312,-51.433048248291016,30.186193466186523,34.04389572143555,-34.01478958129883,11.402128219604492,0.8907930254936218,-32.25709915161133,8.008601188659668,-3.2564845085144043,-21.759044647216797,11.17916202545166,-0.045536212623119354,-10.651548385620117,9.520353317260742,-9.67908763885498,-14.196990013122559,8.108877182006836,-6.5489325523376465,-10.312750816345215,5.380422115325928,-3.930473804473877,-2.1620843410491943,6.080440998077393,-4.70076322555542,-0.5001949071884155,4.065670490264893,-6.420918941497803,-0.9341351389884949
1_george_21.wav,0.3850354552268982,0.060482390224933624,1339.4246378803934,1090.297124995737,2657.4505974264707,0.0866842830882353,-327.475830078125,194.7762908935547,-95.72367095947266,2.7212793827056885,12.099371910095215,-55.84486770629883,2.3436808586120605,-11.616015434265137,-48.10124588012695,5.981476306915283,-8.573841094970703,-37.33614730834961,1.9704172611236572,-13.839428901672363,-34.30266189575195,-0.6916366219520569,-9.455428123474121,-23.766345977783203,-5.479016304016113,-13.065692901611328,-15.02082347869873,-5.821403980255127,-17.5288143157959,-6.572166919708252,5.565639495849609,-13.371116638183594,-7.047178745269775,6.715452671051025,-8.36312484741211,-7.569429397583008
2_nicolas_33.wav,0.24470335245132446,0.039040401577949524,904.1783952139278,1125.7044569439283,2282.51953125,0.03740234375,-387.87799072265625,183.14077758789062,-45.191593170166016,48.45063400268555,44.189483642578125,-26.08696937561035,23.16900062561035,7.528924465179443,-34.144466400146484,4.018953323364258,-8.927740097045898,-29.841506958007812,4.406434535980225,-6.353460788726807,-17.182756423950195,8.212336540222168,-5.598132133483887,-10.738706588745117,9.732748985290527,-3.7231369018554688,-5.0253448486328125,10.03176212310791,-3.5460898876190186,-3.388827085494995,5.7238054275512695,-7.001904487609863,-2.7077438831329346,5.636638641357422,-5.19100284576416,-2.3828132152557373
9_george_16.wav,0.30557870864868164,0.036401018500328064,1127.5068238035835,951.7773147539659,2139.862060546875,0.05596923828125,-401.1419372558594,195.9595489501953,-101.42446899414062,7.487959384918213,38.750118255615234,-47.19186019897461,-14.88802719116211,-16.693777084350586,-43.40562057495117,1.6997652053833008,-9.634944915771484,-37.29054260253906,-5.105157852172852,-13.110137939453125,-28.84387969970703,-6.041597366333008,-15.460949897766113,-22.46660041809082,-5.500649929046631,-13.085006713867188,-9.304274559020996,-0.07520803064107895,-18.38829231262207,-11.384513854980469,1.7883553504943848,-17.3675479888916,-12.840423583984375,2.6906566619873047,-8.885990142822266,-6.537943363189697
2_jackson_27.wav,0.21545006334781647,0.06539790332317352,936.388546627116,836.6551797237969,1666.9507897418478,0.05855129076086957,-365.77960205078125,159.87855529785156,-15.614356994628906,29.982702255249023,35.41929244995117,-33.226375579833984,-27.039579391479492,-8.710618019104004,-16.041248321533203,-9.341194152832031,-19.299205780029297,-27.040512084960938,-10.052386283874512,-11.72380256652832,-11.31430435180664,2.5777673721313477,-10.785431861877441,-14.160115242004395,7.07040548324585,-1.277453064918518,-13.292534828186035,-0.9959055185317993,-4.148589611053467,-12.369292259216309,-7.07547664642334,-11.356012344360352,-12.7737398147583,-4.814140796661377,-7.917041301727295,-6.634706020355225
9_george_45.wav,0.33585643768310547,0.04004077613353729,1402.4515712140799,1019.2748820894002,2668.1596235795455,0.084716796875,-376.2710266113281,189.53050231933594,-111.46898651123047,8.514606475830078,36.66761016845703,-47.40480041503906,-3.345675468444824,-13.522272109985352,-45.244388580322266,6.7851338386535645,-15.302599906921387,-48.84134292602539,-2.2167298793792725,-9.068245887756348,-32.048336029052734,-3.9475486278533936,-10.594613075256348,-21.765104293823242,-6.705414295196533,-17.146493911743164,-16.18163299560547,-4.882526397705078,-16.83832550048828,-4.8257598876953125,4.924745559692383,-18.92310905456543,-12.229462623596191,2.911695718765259,-12.161791801452637,-6.878208637237549
3_george_12.wav,0.2863881289958954,0.040451034903526306,1201.467795513804,1074.7995867545485,2565.44189453125,0.054497612847222224,-400.1549072265625,158.11354064941406,-73.87654113769531,35.559391021728516,45.1365966796875,-51.18964385986328,-19.517242431640625,-16.768407821655273,-45.54417419433594,-6.889967918395996,-20.171964645385742,-46.19911193847656,-5.720537185668945,-9.571093559265137,-31.723379135131836,-4.5647454261779785,-5.238303184509277,-17.634986877441406,-3.642228841781616,-12.888888359069824,-17.850147247314453,-3.7765400409698486,-15.44525146484375,-17.021286010742188,0.536208987236023,-7.474004745483398,-11.237637519836426,1.251966953277588,-2.099700450897217,-3.6490495204925537
1_nicolas_42.wav,0.40453222393989563,0.018626663833856583,1088.263690209521,1174.9589495865587,2603.8611778846152,0.054574819711538464,-404.2847900390625,231.91445922851562,-72.25930786132812,40.289039611816406,34.25598907470703,-41.36814498901367,25.307544708251953,6.346554756164551,-35.905418395996094,17.90456199645996,2.1103577613830566,-23.46612548828125,12.931499481201172,-5.255358695983887,-17.531206130981445,10.908860206604004,-6.625496864318848,-9.96330451965332,11.033819198608398,-7.8650336265563965,-8.759261131286621,5.117776870727539,-10.611699104309082,-5.818068504333496,3.5561654567718506,-10.66445255279541,-3.5152342319488525,3.5118825435638428,-7.4005537033081055,-1.135824203491211
6_lucas_6.wav,0.5391823053359985,0.02200944535434246,1709.560641534624,1030.0977017625603,2847.0639436141305,0.14593240489130435,-418.0708312988281,158.2338409423828,-75.96788024902344,26.79523468017578,45.71049118041992,-42.34566116333008,-2.3894336223602295,13.836570739746094,-26.206161499023438,-0.823429524898529,5.053684711456299,-17.880949020385742,-1.141053557395935,-1.612026333808899,-10.36971378326416,6.253988742828369,-1.0348869562149048,-8.97849178314209,4.866229057312012,-2.619178533554077,-8.461827278137207,0.7334488034248352,-5.701235771179199,-5.027003288269043,2.3492038249969482,-7.589111328125,-6.421152591705322,2.351301908493042,-4.256722450256348,-3.4490551948547363
6_theo_45.wav,0.36172452569007874,0.005002377089112997,1732.7950389722582,1082.357737347944,2962.5154194078946,0.15707236842105263,-548.5033569335938,160.78469848632812,-75.84742736816406,34.050052642822266,37.29588317871094,-46.53111267089844,3.591435432434082,5.3192925453186035,-27.403446197509766,7.603224277496338,-4.378910064697266,-19.8908634185791,14.254558563232422,1.882337212562561,-9.935772895812988,10.740131378173828,-4.305997371673584,-7.121393203735352,6.720097064971924,-15.184532165527344,-14.20218563079834,4.681959629058838,-8.804961204528809,-6.6178436279296875,4.058413982391357,-9.133736610412598,-4.900421619415283,3.666079521179199,-4.928592205047607,0.08360031992197037
4_theo_15.wav,0.3268895447254181,0.006644953042268753,683.7198008520497,624.2074220185308,1098.193359375,0.040938527960526314,-570.8486328125,240.4993896484375,-19.498069763183594,8.788968086242676,5.52334451675415,-43.63627624511719,1.9376033544540405,0.2560212016105652,-26.289907455444336,6.087836742401123,-3.6927547454833984,-24.027450561523438,-0.13658061623573303,-8.153422355651855,-14.557197570800781,8.25439739227295,-4.070833683013916,-11.728759765625,4.830739498138428,-8.359182357788086,-15.101509094238281,-2.3504035472869873,-11.391841888427734,-11.384117126464844,2.0453691482543945,-3.6003425121307373,-4.0034499168396,1.3215197324752808,-5.106526851654053,-2.7577898502349854
3_lucas_14.wav,0.501898467540741,0.025460591539740562,1248.313832870587,1000.4527348371902,2449.786376953125,0.08536202566964286,-443.64056396484375,175.1826934814453,-52.13106155395508,31.237197875976562,59.155067443847656,-27.40423583984375,-8.062271118164062,13.204569816589355,-19.151334762573242,-0.9973034262657166,9.354666709899902,-14.278757095336914,-4.022013187408447,3.010469913482666,-7.861103057861328,1.5433462858200073,2.237788677215576,-6.98675537109375,-0.07529846578836441,-0.9995869994163513,-6.414011478424072,-0.6308846473693848,-2.1747021675109863,-3.1840436458587646,2.100074291229248,-4.165515422821045,-8.06774616241455,-2.9524757862091064,-4.925562858581543,-4.804019927978516
3_yweweler_49.wav,0.36523526906967163,0.012772235088050365,1233.3877123100663,1049.7603536979439,2408.1298828125,0.058268229166666664,-498.6837158203125,195.4003143310547,-70.77379608154297,35.44239044189453,57.46342086791992,-46.68354797363281,-10.621491432189941,13.67807388305664,-30.692472457885742,-14.110782623291016,-6.484158992767334,-20.839874267578125,0.8016650676727295,-5.544554233551025,-18.641843795776367,6.490654468536377,2.714477777481079,-11.646454811096191,3.2705681324005127,-1.8511978387832642,-11.614733695983887,-2.210472583770752,-9.226168632507324,-12.73790454864502,-2.490731716156006,-8.964978218078613,-7.79461145401001,4.2402238845825195,-4.049760341644287,-8.50003433227539
7_lucas_46.wav,0.5168798565864563,0.026637215167284012,1361.0029691354932,1051.6550574310913,2572.3677785773025,0.10483912417763158,-464.54205322265625,119.91712188720703,-27.09205436706543,18.457576751708984,36.7078971862793,-14.002917289733887,-0.4887649118900299,12.23616886138916,-14.92032527923584,-6.284595012664795,12.135917663574219,1.9439879655838013,-3.9493913650512695,-1.8484288454055786,0.6714447140693665,4.4212646484375,-1.8124066591262817,-5.36114501953125,1.0833635330200195,-0.2768933176994324,-3.0553455352783203,-1.1955486536026,-4.4170451164245605,-3.769019603729248,0.09414203464984894,-3.898345947265625,-4.475432395935059,-0.8785151243209839,-2.6505658626556396,-1.6789356470108032
8_yweweler_26.wav,0.37974998354911804,0.01315641961991787,1482.773737944419,1095.2031820908019,2772.041015625,0.09417317708333334,-495.08990478515625,157.09671020507812,-59.24009704589844,38.173038482666016,41.82713317871094,-56.17471694946289,-14.095431327819824,10.2666597366333,-31.2919864654541,-11.270609855651855,-3.823479652404785,-22.98433494567871,0.5377095937728882,4.378617763519287,-12.603533744812012,-0.20563068985939026,1.2008906602859497,-4.453090190887451,3.7532198429107666,-3.6900205612182617,-5.874232769012451,3.3143510818481445,-8.028221130371094,-10.38888168334961,0.6527127623558044,-8.300292015075684,-9.860611915588379,1.3570767641067505,-4.603389263153076,-7.268232822418213
8_nicolas_21.wav,0.41636383533477783,0.038472700864076614,1264.6564237163243,1149.497847131738,2723.9501953125,0.04355982730263158,-363.273193359375,187.15756225585938,-70.85627746582031,33.08832931518555,41.24396514892578,-45.82880783081055,2.8816776275634766,7.669102668762207,-28.484786987304688,8.379316329956055,2.761887550354004,-17.559534072875977,10.871952056884766,-1.1273610591888428,-13.979426383972168,9.032719612121582,-2.437462568283081,-7.0826191902160645,9.655540466308594,-5.52601432800293,-5.475484848022461,9.728711128234863,-5.675470352172852,-4.8856520652771,8.06149959564209,-2.4922146797180176,0.6135786771774292,6.835699558258057,-3.7789924144744873,1.9974377155303955
7_jackson_18.wav,0.3345246911048889,0.0742095485329628,730.115187258779,723.6385616179426,1223.20556640625,0.04286024305555555,-319.4637756347656,215.4090576171875,-23.98296546936035,6.0280232429504395,16.66009521484375,-45.974117279052734,-22.9815616607666,-8.432961463928223,-33.29633331298828,-10.33557415008545,6.44137716293335,-12.515026092529297,-16.110069274902344,-8.1915283203125,1.2580057382583618,2.3634915351867676,-12.368945121765137,-9.885763168334961,-2.748784065246582,-15.138419151306152,-9.982866287231445,0.7750532627105713,-13.272231101989746,-12.825839042663574,-0.09296859800815582,-8.913863182067871,-13.710383415222168,-7.230091571807861,-8.05002498626709,-6.034560680389404
7_lucas_18.wav,0.5205839276313782,0.030188586562871933,1319.44152440859,1013.3692978804436,2615.9129175646553,0.08588698814655173,-428.7938537597656,155.76539611816406,-42.022979736328125,29.802566528320312,45.38691329956055,-26.820323944091797,-0.49531248211860657,10.934017181396484,-27.110183715820312,-8.689905166625977,9.658491134643555,-4.218732833862305,-1.7527997493743896,-1.7843389511108398,-2.0010924339294434,5.930939674377441,-6.104296684265137,-9.99013614654541,3.632948398590088,-3.6568267345428467,-10.211946487426758,-2.694352626800537,-7.092315196990967,-7.324429512023926,-0.15360434353351593,-4.94778299331665,-5.220389366149902,-1.3490999937057495,-5.229246139526367,-1.4666177034378052
4_theo_30.wav,0.35080212354660034,0.0057376716285943985,768.9468166669812,707.8845820755963,1196.88720703125,0.037109375,-579.8827514648438,224.2760772705078,-33.10606002807617,-4.690644264221191,10.373603820800781,-27.799123764038086,6.048404693603516,-0.6058559417724609,-26.05921745300293,1.3016341924667358,-7.0740966796875,-22.186922073364258,3.0553178787231445,-5.578054428100586,-15.288493156433105,8.231537818908691,-0.7796278595924377,-11.881599426269531,4.5775628089904785,-3.9443857669830322,-14.709095001220703,-4.675405025482178,-8.657336235046387,-10.438155174255371,-2.143237590789795,-7.343219757080078,-7.483207702636719,-0.671400249004364,-3.690667152404785,-2.5419576168060303
1_jackson_10.wav,0.37980544567108154,0.05848275125026703,690.1551039119784,761.6435559767991,1152.0263671875,0.035024789663461536,-351.3639831542969,221.37274169921875,-19.02231216430664,10.869352340698242,23.73213768005371,-30.64870262145996,-5.734457969665527,2.7858030796051025,-20.84378433227539,0.9628814458847046,-0.29746973514556885,-21.87774658203125,-2.5161383152008057,2.595268726348877,-13.444723129272461,-7.612587928771973,-7.707954406738281,-12.280142784118652,-3.2870357036590576,-5.689368724822998,-9.270913124084473,-4.878730773925781,-11.90125560760498,-11.654569625854492,-3.50307035446167,-11.433353424072266,-12.017577171325684,-2.471008539199829,-8.778722763061523,-9.215420722961426
0_jackson_12.wav,0.3019341826438904,0.09626135975122452,851.4336202208942,788.105787468376,1546.1776069972825,0.04819123641304348,-318.7015686035156,195.8842315673828,-12.353911399841309,1.1261359453201294,13.51954174041748,-29.7181453704834,-18.55570411682129,-12.759747505187988,-23.432476043701172,-10.471055030822754,-16.347192764282227,-18.25446319580078,4.6290669441223145,-4.498161792755127,-16.883485794067383,0.2657332122325897,-2.8260295391082764,-9.726102828979492,3.8984994888305664,-3.475365400314331,-15.11429500579834,-6.190290927886963,-9.48895263671875,-14.742467880249023,-5.028217792510986,-7.03810453414917,-12.2675199508667,-5.814172267913818,-6.151049613952637,-8.522732734680176
7_jackson_23.wav,0.34882527589797974,0.0374632328748703,1174.5864681741855,894.5520142578627,1905.6884765625,0.0962109375,-381.688232421875,191.42027282714844,-35.07439422607422,15.018655776977539,24.729175567626953,-37.27836990356445,-14.176487922668457,-4.3156585693359375,-16.92669105529785,8.786580085754395,4.158929347991943,-13.897422790527344,-2.8651373386383057,-3.4752719402313232,-0.5468186140060425,3.3020191192626953,-18.299619674682617,-12.652161598205566,5.748020172119141,-11.679098129272461,-11.713715553283691,2.5847699642181396,-12.202722549438477,-10.845663070678711,3.3124022483825684,-8.61463737487793,-9.942913055419922,-0.6605749726295471,-7.783005237579346,-4.483755111694336
5_yweweler_38.wav,0.528891921043396,0.005797127261757851,1319.4431611458556,965.0019514721167,2416.025390625,0.09599609375,-531.554443359375,190.9854278564453,-76.6027603149414,11.99722671508789,36.02153396606445,-36.651737213134766,6.3766961097717285,11.223662376403809,-24.91718101501465,10.923449516296387,10.805516242980957,-14.724006652832031,7.2256269454956055,2.65688419342041,-9.077342987060547,7.657337665557861,-4.08635139465332,-8.432771682739258,9.109966278076172,-6.244149684906006,-9.494466781616211,9.278636932373047,-3.178898572921753,-6.860012054443359,7.0174994468688965,-4.104047775268555,-6.9491071701049805,3.0317680835723877,-5.0603156089782715,-4.836793899536133
4_george_10.wav,0.26539480686187744,0.06501436978578568,888.7440816674618,778.0040420502149,1455.3911994485295,0.04799517463235294,-366.29541015625,159.4978790283203,-44.34235382080078,-4.718601226806641,5.148842811584473,-49.342872619628906,-20.03672981262207,-9.763959884643555,-39.78286361694336,-21.728288650512695,-14.207365036010742,-26.63926124572754,-9.043030738830566,-8.121244430541992,-19.317590713500977,-3.386223316192627,-2.024660110473633,-14.738204956054688,-10.560819625854492,-12.648395538330078,-16.08196258544922,-6.737987041473389,-6.987399101257324,-10.170975685119629,-6.371105670928955,-8.012290000915527,-7.070025444030762,-3.8682098388671875,-4.852207660675049,1.9313247203826904
7_lucas_12.wav,0.5086935758590698,0.03183472901582718,1090.33667558432,898.8103150755453,2219.534912109375,0.077880859375,-402.66925048828125,190.6749267578125,-49.569313049316406,26.93535804748535,52.155738830566406,-27.657556533813477,-5.211316108703613,5.8882060050964355,-31.78769874572754,-9.089483261108398,10.103896141052246,-5.725425720214844,-3.634983777999878,-4.693780422210693,-2.6325058937072754,9.116360664367676,-5.9114227294921875,-12.969465255737305,3.0967648029327393,-3.200864315032959,-10.934967994689941,-3.5707175731658936,-8.32776165008545,-8.503990173339844,-1.3399070501327515,-6.939369201660156,-6.517533302307129,-2.308501958847046,-7.34469747543335,-2.406337022781372
5_yweweler_15.wav,0.4532449245452881,0.006949067115783691,1242.293949846089,1009.8568418666084,2373.0568625710225,0.08234197443181818,-534.505126953125,188.38414001464844,-64.0528793334961,6.574853897094727,25.861406326293945,-36.955692291259766,4.808706760406494,7.070450305938721,-28.601682662963867,7.486000061035156,10.92772388458252,-13.064062118530273,8.64969539642334,4.192569732666016,-11.217696189880371,5.295125484466553,-4.484542369842529,-12.775069236755371,7.1680827140808105,-2.170999765396118,-10.52138900756836,6.9826459884643555,0.14371371269226074,-7.840799331665039,2.8019485473632812,-4.269150257110596,-8.50234317779541,1.8110698461532593,-2.199266195297241,-4.873085975646973
7_jackson_7.wav,0.3659419119358063,0.0642491951584816,818.8381232411172,794.7557418726599,1558.323910361842,0.04052734375,-328.5405578613281,223.22216796875,-48.86713409423828,3.737020492553711,29.44114875793457,-42.103145599365234,-27.185983657836914,-13.474530220031738,-30.284948348999023,-4.364847183227539,3.3765528202056885,-15.126749038696289,-13.343557357788086,-8.985204696655273,1.1296603679656982,3.4331696033477783,-17.572782516479492,-14.052687644958496,-2.118989944458008,-15.779142379760742,-9.731900215148926,1.6183911561965942,-14.225318908691406,-11.794466972351074,-0.4276657998561859,-11.548296928405762,-10.844515800476074,-3.4127278327941895,-8.952644348144531,-4.779272079467773
3_yweweler_43.wav,0.3294976055622101,0.011754123494029045,1262.3059202220609,1064.4865749025628,2536.611328125,0.06516927083333333,-518.2342529296875,156.09426879882812,-56.412776947021484,34.726173400878906,50.154170989990234,-37.86323165893555,-6.730088233947754,12.081408500671387,-27.84408187866211,-14.312106132507324,-7.809104919433594,-20.600147247314453,-1.4667327404022217,-5.652291774749756,-17.24753761291504,3.9265778064727783,1.1439486742019653,-10.597188949584961,3.5910439491271973,-0.7243517637252808,-10.062844276428223,-0.021082671359181404,-4.766917705535889,-10.573968887329102,-3.809314250946045,-10.536441802978516,-12.188232421875,-2.403308868408203,-7.2574005126953125,-8.679418563842773
7_lucas_38.wav,0.4610065519809723,0.044795550405979156,1250.4739242976389,912.661056205294,2320.9048063858695,0.08362347146739131,-375.1698303222656,177.44143676757812,-51.14189529418945,21.582361221313477,49.072505950927734,-27.562349319458008,-5.88254451751709,11.361074447631836,-22.51045036315918,-2.284696102142334,16.13132095336914,-1.925309419631958,-0.3134506046772003,0.018251419067382812,-3.064358949661255,7.364758491516113,-2.579296350479126,-11.461258888244629,3.50400447845459,0.5336536169052124,-9.678746223449707,-2.409515380859375,-3.162022829055786,-5.53030252456665,0.8259111642837524,-2.963385820388794,-4.923154830932617,0.7553183436393738,-2.598629951477051,-3.488844156265259
5_nicolas_45.wav,0.43771111965179443,0.06267347931861877,1026.6817569277166,924.5743351614949,1887.14599609375,0.06089952256944445,-313.5025634765625,225.03900146484375,-64.33126831054688,6.544776916503906,12.085808753967285,-44.49897384643555,14.129287719726562,6.930551528930664,-33.5339469909668,5.1810078620910645,0.7736298441886902,-16.276491165161133,13.57142162322998,-0.31848442554473877,-14.88290023803711,5.8845648765563965,-7.960527420043945,-12.622991561889648,7.21928596496582,-5.342337131500244,-8.333394050598145,3.0718140602111816,-9.778360366821289,-5.79088020324707,6.162220001220703,-6.065134525299072,-3.7752389907836914,3.9073305130004883,-3.9397506713867188,1.2824220657348633
6_george_15.wav,0.305926650762558,0.02214050479233265,1705.9771843685814,1070.7166603995363,2935.09521484375,0.12657335069444445,-434.6468811035156,139.47720336914062,-93.86125183105469,30.595760345458984,48.12117004394531,-46.78770065307617,-14.345999717712402,-14.004207611083984,-40.698123931884766,-0.6618156433105469,-18.450870513916016,-42.30412292480469,1.4625599384307861,-7.5262451171875,-32.19145584106445,-4.348168849945068,-6.715068817138672,-18.754844665527344,-3.1959986686706543,-8.968484878540039,-8.38038158416748,4.533353805541992,-11.260847091674805,-13.739951133728027,0.3843478262424469,-8.72389030456543,-9.054067611694336,0.19393430650234222,-7.32474422454834,-6.199220180511475
0_nicolas_9.wav,0.2839032709598541,0.038460712879896164,922.0947552112366,1099.561445599117,2338.4033203125,0.042294456845238096,-373.54583740234375,185.10198974609375,-44.19971466064453,50.070823669433594,48.52623748779297,-26.666263580322266,13.916621208190918,0.12465113401412964,-32.84649658203125,5.470775127410889,-12.148510932922363,-32.19185256958008,6.619636058807373,-0.985297441482544,-11.426793098449707,13.93934154510498,0.8689497709274292,-6.653478622436523,9.59410285949707,-4.209029197692871,-5.36763334274292,6.455228328704834,-8.037327766418457,-5.304803848266602,4.596865653991699,-8.27318000793457,-3.9341375827789307,3.134803056716919,-6.39599609375,0.33124515414237976
1_theo_16.wav,0.37675684690475464,0.005193689372390509,823.4795450962451,822.962581257673,1458.3851207386363,0.04323508522727273,-579.6328735351562,240.533935546875,-44.47758102416992,12.327750205993652,17.268573760986328,-49.47581481933594,5.379864692687988,13.037252426147461,-30.171974182128906,2.8139731884002686,11.08365535736084,-16.256956100463867,-5.377397537231445,-6.781008720397949,-10.357804298400879,5.821606159210205,-9.751343727111816,-20.026254653930664,-3.834280252456665,-13.342352867126465,-16.178192138671875,2.2421658039093018,-5.324170112609863,-10.19290828704834,2.0764944553375244,-5.856379508972168,-10.149346351623535,2.8928349018096924,1.820894718170166,-4.509088516235352
3_lucas_45.wav,0.4607101380825043,0.045323967933654785,1091.1639640529972,989.533462573349,2366.4990234375,0.06875,-393.4307556152344,184.26226806640625,-47.36947250366211,34.11200714111328,54.36763000488281,-35.735530853271484,-11.852530479431152,12.448660850524902,-18.90245819091797,-2.617746591567993,5.057525634765625,-14.154566764831543,-1.4708584547042847,0.6735755801200867,-9.9287748336792,1.8877943754196167,1.7686063051223755,-4.434108257293701,1.4784296751022339,-5.2335405349731445,-6.195606708526611,2.028240203857422,-8.756120681762695,-10.157514572143555,0.7732111215591431,-8.165434837341309,-9.669798851013184,1.7141598463058472,-4.777685642242432,-7.322262763977051
3_george_5.wav,0.26506125926971436,0.06934863328933716,1456.6529473013538,1137.6550992091732,2894.3158318014707,0.06985294117647059,-341.25738525390625,156.08624267578125,-90.46636962890625,31.03867530822754,43.60547637939453,-55.30625534057617,-19.775352478027344,-21.838464736938477,-52.59329605102539,-6.083048343658447,-20.441417694091797,-49.39015579223633,-3.545997142791748,-4.989892959594727,-27.939714431762695,-2.996694803237915,-7.811334133148193,-17.335325241088867,-0.07022961229085922,-13.757194519042969,-17.293315887451172,1.655189037322998,-14.741560935974121,-19.316726684570312,1.936889410018921,-7.390895843505859,-13.339607238769531,2.271930694580078,-0.7846398949623108,-5.695611000061035
9_jackson_44.wav,0.31958234310150146,0.07147468626499176,924.1593738577403,979.6606730769948,2069.9788411458335,0.033998842592592594,-329.0066223144531,209.26541137695312,-54.21525573730469,27.025854110717773,37.905235290527344,-37.03236770629883,3.7505204677581787,0.4810296297073364,-36.65974807739258,0.5191883444786072,1.5200341939926147,-20.869447708129883,-3.2074952125549316,-10.123313903808594,-17.918054580688477,-5.806005001068115,-16.598793029785156,-11.384604454040527,1.0963785648345947,-17.09946060180664,-13.310160636901855,-2.074552059173584,-17.43979835510254,-9.970318794250488,-1.7986096143722534,-19.207042694091797,-9.223869323730469,4.777124881744385,-9.075357437133789,-8.110355377197266
1_nicolas_9.wav,0.40912318229675293,0.04223157837986946,996.6449400692873,1044.998826485504,2011.81640625,0.05071149553571429,-340.97021484375,214.65322875976562,-48.43722915649414,18.45851707458496,15.87403392791748,-37.071319580078125,17.362855911254883,0.8420829176902771,-34.132564544677734,13.278295516967773,4.261948108673096,-20.314899444580078,8.096711158752441,-3.273216962814331,-13.169852256774902,11.014039993286133,-3.951306104660034,-11.405877113342285,8.023310661315918,-3.7931556701660156,-7.934790134429932,3.4792659282684326,-7.254493713378906,-5.804224967956543,2.1237494945526123,-6.24515438079834,1.2393722534179688,7.053472995758057,-3.9280688762664795,0.39490002393722534
5_george_13.wav,0.22526158392429352,0.04340400919318199,1100.0550780127455,884.5821249799193,2024.7940063476562,0.054168701171875,-371.18963623046875,187.13999938964844,-90.83662414550781,0.7332311868667603,31.851825714111328,-53.32516098022461,-27.53060531616211,-18.757354736328125,-42.32645797729492,-4.084218978881836,-7.626580238342285,-29.407474517822266,1.8514224290847778,-8.384714126586914,-34.04348373413086,-8.609169960021973,-7.117010593414307,-21.350452423095703,-7.6225738525390625,-10.34613037109375,-15.066376686096191,-5.497748374938965,-15.816810607910156,-16.29426383972168,-1.4359052181243896,-10.251299858093262,-13.459614753723145,-2.7567522525787354,-8.417012214660645,-8.578082084655762
1_theo_37.wav,0.3348066210746765,0.005980416666716337,770.1825971941377,794.676803731678,1298.14453125,0.03920200892857143,-571.8167114257812,233.6207733154297,-46.47986602783203,12.087828636169434,20.663488388061523,-44.011051177978516,8.329669952392578,10.15242862701416,-33.82115936279297,2.1848161220550537,3.8415794372558594,-26.955120086669922,-3.9190635681152344,-1.889280080795288,-17.469200134277344,-2.890237808227539,-8.267494201660156,-14.489161491394043,1.5397861003875732,-6.217249870300293,-12.331509590148926,-1.2002713680267334,-8.254667282104492,-8.2847900390625,1.6613982915878296,-7.957706928253174,-8.226349830627441,1.3588829040527344,-6.1592698097229,-7.827447414398193
9_jackson_40.wav,0.39494720101356506,0.07993558049201965,905.21795291389,877.8246826811682,1782.470703125,0.045826099537037035,-313.4164733886719,225.93817138671875,-63.63752746582031,18.533830642700195,38.02202606201172,-41.528343200683594,-3.041408061981201,2.4348058700561523,-34.058563232421875,-5.471008777618408,-1.5791900157928467,-17.127607345581055,-4.947404861450195,-14.706354141235352,-15.578606605529785,-1.5820086002349854,-15.479833602905273,-12.77922534942627,-2.5770721435546875,-17.67118263244629,-9.651610374450684,-0.7914066910743713,-17.292917251586914,-7.36118745803833,1.0399792194366455,-17.436965942382812,-11.063404083251953,0.6407568454742432,-7.456550121307373,-3.617415428161621
9_nicolas_42.wav,0.3433522582054138,0.03471890464425087,1010.7528943172683,1066.429001918029,2256.4530222039475,0.04320004111842105,-381.7965087890625,221.8326416015625,-71.48515319824219,32.27376937866211,44.09565734863281,-34.88706970214844,11.98692798614502,4.194960594177246,-30.10301399230957,14.371284484863281,0.4591025710105896,-26.089540481567383,7.538021564483643,-2.0053088665008545,-13.801128387451172,10.957633972167969,-3.4663519859313965,-9.810258865356445,8.884208679199219,-6.8878374099731445,-9.463225364685059,4.681483268737793,-8.324163436889648,-4.04263973236084,6.917764186859131,-7.786128044128418,-3.368107795715332,5.189188003540039,-6.008441925048828,-0.14224551618099213
0_lucas_33.wav,0.44571176171302795,0.04791238531470299,1110.9444525253455,851.689178629871,2073.2729704483695,0.07795516304347826,-377.392333984375,200.998046875,-49.671512603759766,6.589077949523926,44.07408905029297,-23.55792808532715,-13.12346076965332,0.9084315896034241,-22.28118324279785,-4.824369430541992,0.6705231666564941,-16.431049346923828,-3.3163504600524902,0.12943416833877563,-8.88525104522705,1.2265236377716064,-0.8455449938774109,-8.082555770874023,-0.9797371625900269,-4.881949424743652,-5.545462131500244,3.020411252975464,-7.092251777648926,-9.739360809326172,3.677250623703003,-3.2460477352142334,-10.197147369384766,-0.4040212333202362,-3.5601305961608887,-8.71035385131836
8_yweweler_13.wav,0.37396711111068726,0.0055574337020516396,1694.3502803185243,1166.3489636702059,3031.1150045955883,0.11727366727941177,-554.3671264648438,180.97125244140625,-78.36685943603516,48.53046417236328,47.313297271728516,-61.66795349121094,-1.5781885385513306,11.713499069213867,-36.179996490478516,-0.6587347984313965,-4.748264312744141,-26.906137466430664,11.319762229919434,3.2563395500183105,-16.754377365112305,9.807930946350098,2.3040826320648193,-7.723837375640869,9.105714797973633,-4.008337497711182,-5.324444770812988,11.100378036499023,-5.708459377288818,-7.971797466278076,4.569470405578613,-9.88814640045166,-7.006404876708984,4.844586372375488,-8.275221824645996,-4.164138317108154
1_theo_8.wav,0.2765483260154724,0.003842682810500264,769.6826051415042,865.7642662204115,1353.0029296875,0.031982421875,-612.1575317382812,236.0948028564453,-44.2985954284668,18.351959228515625,21.863733291625977,-44.37496566772461,8.478829383850098,18.050825119018555,-25.03795051574707,-1.4504166841506958,3.636902093887329,-14.663124084472656,-0.45310112833976746,-4.0637288093566895,-7.1659016609191895,6.6494975090026855,-10.389178276062012,-18.056177139282227,-3.64695143699646,-15.215537071228027,-16.44376564025879,1.4286166429519653,-4.156046390533447,-6.73528528213501,0.7870997786521912,-5.423292636871338,-4.004075527191162,1.7355217933654785,-3.0047292709350586,-1.1906675100326538
9_yweweler_39.wav,0.351128488779068,0.011649389751255512,1001.4047418128073,879.5093020995685,1949.3882123161766,0.04822495404411765,-506.4349670410156,221.91778564453125,-69.84783172607422,3.721985340118408,29.784162521362305,-37.945064544677734,7.991053104400635,11.199163436889648,-34.22908020019531,1.150864601135254,9.393180847167969,-19.31245994567871,-1.1333212852478027,-0.12094160914421082,-14.413911819458008,-1.9461115598678589,-8.848238945007324,-14.580341339111328,-0.23044443130493164,-10.210126876831055,-14.297614097595215,0.5603581070899963,-5.704848289489746,-5.755995750427246,5.049071788787842,-4.894599914550781,-5.793974876403809,2.861565113067627,-6.722333908081055,-7.548069477081299
4_george_7.wav,0.29160717129707336,0.05538459122180939,1120.0206395479845,843.5451406690098,1842.0676491477273,0.07239879261363637,-370.0814208984375,154.8142547607422,-57.688297271728516,-9.982287406921387,8.499935150146484,-43.507205963134766,-14.905817031860352,-13.28226089477539,-46.95599365234375,-17.43113136291504,-8.278913497924805,-32.78865432739258,-10.779751777648926,2.4706437587738037,-14.810439109802246,-6.523433208465576,-0.43113353848457336,-12.329030990600586,-11.607080459594727,-12.130326271057129,-15.495413780212402,-9.510180473327637,-9.565631866455078,-7.999621391296387,-0.9113227725028992,-6.973179817199707,-10.219381332397461,-1.065978765487671,0.07131313532590866,-2.3622045516967773
6_yweweler_35.wav,0.2793070375919342,0.0075709824450314045,1098.5381246740565,1112.386554730435,2410.7399680397725,0.05490944602272727,-555.3106079101562,175.75474548339844,-40.53852462768555,51.60385513305664,50.90458679199219,-47.45376205444336,-15.005594253540039,3.3698008060455322,-28.3187313079834,-11.145153045654297,-14.398995399475098,-25.20268440246582,2.204538106918335,-1.1894727945327759,-12.934017181396484,2.635693073272705,-0.5653429627418518,-3.165902614593506,3.938201665878296,-6.889567852020264,-4.059015274047852,2.217015504837036,-13.24851131439209,-9.5069580078125,-1.6599491834640503,-14.210532188415527,-6.345055103302002,3.4299631118774414,-9.143342018127441,-4.33287239074707
8_lucas_30.wav,0.42906996607780457,0.05875127390027046,1370.3522796964387,1020.3920041561987,2594.282863451087,0.08672299592391304,-376.3345642089844,149.5177459716797,-45.16326141357422,39.774234771728516,52.098697662353516,-41.40968704223633,-18.27490997314453,13.897010803222656,-12.437432289123535,-3.233588933944702,2.794945478439331,-10.40023422241211,2.2492127418518066,3.0133728981018066,-6.956658840179443,0.7896122336387634,-1.8284434080123901,-3.7694084644317627,3.2267818450927734,-7.816299915313721,-8.425418853759766,5.189387798309326,-5.313178539276123,-10.68960189819336,2.304083824157715,-2.6322219371795654,-8.292284965515137,-1.2606903314590454,-4.532520771026611,-5.5792646408081055
6_theo_18.wav,0.38252851366996765,0.003761623753234744,1856.1563910116558,1090.3495674503713,3055.92041015625,0.17637125651041666,-579.572509765625,150.6634063720703,-73.5654067993164,32.10702896118164,35.30490493774414,-41.370113372802734,8.52728271484375,5.686086654663086,-26.482873916625977,10.515335083007812,-3.38017201423645,-20.275466918945312,14.299457550048828,1.002496600151062,-9.711742401123047,14.4080810546875,-0.862635612487793,-6.1256537437438965,8.89765453338623,-9.994324684143066,-9.710259437561035,5.631923675537109,-8.92342758178711,-4.945666790008545,6.926113128662109,-5.397080898284912,-1.0150526762008667,4.210692405700684,-6.1386542320251465,2.490267515182495
6_nicolas_16.wav,0.4529934525489807,0.03799867630004883,1079.1224256476767,1087.2274980654065,2504.3115234375,0.060595703125,-361.7757873535156,217.4122314453125,-63.10429763793945,51.07219696044922,42.2537727355957,-54.073692321777344,4.107057571411133,0.2698991000652313,-41.595367431640625,2.922173023223877,-6.774804592132568,-28.1679744720459,11.270983695983887,1.3020555973052979,-15.198247909545898,11.317273139953613,2.0553202629089355,-8.113061904907227,6.287923336029053,-3.0146830081939697,-3.947701930999756,3.271406650543213,-7.9591569900512695,-1.2045091390609741,4.208583831787109,-8.114383697509766,1.6472632884979248,5.76918363571167,-6.6833038330078125,3.329721450805664
8_nicolas_34.wav,0.5388811826705933,0.027072979137301445,1164.5219152318143,1148.2844459763471,2641.40625,0.03846571180555555,-386.8802795410156,213.59451293945312,-73.74939727783203,37.99562072753906,43.086524963378906,-47.90397644042969,3.3385112285614014,6.514554977416992,-28.006752014160156,13.356250762939453,2.834409475326538,-20.94398307800293,10.999067306518555,-0.6591770648956299,-14.945186614990234,7.747514724731445,-3.645282745361328,-6.28609561920166,9.937691688537598,-6.798829078674316,-4.286117076873779,9.91533088684082,-9.440403938293457,-6.4461212158203125,8.219463348388672,-5.339541912078857,-0.9808918833732605,8.915830612182617,-3.3190507888793945,0.5256664752960205
2_jackson_43.wav,0.31369122862815857,0.0524308979511261,1054.9242153863086,886.2653975539772,1727.3373811141305,0.07069463315217392,-383.1665954589844,150.255615234375,-22.86969757080078,38.762752532958984,41.75798416137695,-20.370027542114258,-5.185756683349609,-6.926189422607422,-28.19367027282715,-12.766175270080566,-20.713682174682617,-24.80260467529297,-2.2734568119049072,-14.78038501739502,-20.638336181640625,2.4755289554595947,-4.479783535003662,-7.794355392456055,7.6561689376831055,-5.1945109367370605,-10.090731620788574,3.2878434658050537,-10.221057891845703,-18.492097854614258,-6.478893756866455,-8.872176170349121,-8.040802955627441,-0.04126289486885071,-6.68981409072876,-7.386010646820068
2_lucas_14.wav,0.4813291132450104,0.039038993418216705,1186.3113057222683,1000.5992391983339,2350.34912109375,0.0734619140625,-418.8681640625,166.8438262939453,-45.489723205566406,24.812410354614258,57.18925857543945,-19.224090576171875,-10.831342697143555,6.71673059463501,-19.300601959228516,-4.778158664703369,3.864994764328003,-16.85523796081543,-8.65466594696045,-0.42250657081604004,-7.026658058166504,2.105509042739868,1.432388186454773,-8.58937931060791,0.1599651277065277,2.3566231727600098,-7.513789176940918,-5.802764415740967,-3.0522255897521973,-4.488065719604492,-2.9200046062469482,-5.514096260070801,-7.039916038513184,-2.429884433746338,-2.7762489318847656,-5.591972827911377
8_george_36.wav,0.25897830724716187,0.042746055871248245,1610.0409634891853,1149.3901449154012,2950.048828125,0.0944552951388889,-369.4652404785156,148.5414276123047,-83.62933349609375,35.876441955566406,36.35894012451172,-60.18898010253906,-16.878490447998047,-12.50808334350586,-43.530120849609375,-5.533091068267822,-19.24920654296875,-35.226051330566406,10.898046493530273,-6.864123821258545,-36.14747619628906,-0.757585883140564,-4.3639397621154785,-27.83110809326172,-8.323909759521484,-2.593827486038208,-7.857212543487549,-4.115655899047852,-13.67172908782959,-10.036258697509766,-1.2139763832092285,-13.336020469665527,-9.148199081420898,1.8055014610290527,-6.5159196853637695,-2.268126964569092
1_theo_13.wav,0.43123140931129456,0.0031881616450846195,1018.9181948834172,943.1887460388639,1942.6986694335938,0.06048583984375,-622.1803588867188,207.26373291015625,-45.23642349243164,19.03110122680664,19.666378021240234,-44.95173263549805,8.931122779846191,15.81767749786377,-24.033445358276367,3.646543502807617,4.174315452575684,-15.5087308883667,2.9222211837768555,-3.728282928466797,-9.783060073852539,8.186058044433594,-7.876260280609131,-16.762317657470703,-0.4302031993865967,-11.393672943115234,-12.963542938232422,3.8545982837677,-5.054538726806641,-7.174407005310059,2.83247971534729,-5.813685894012451,-5.431044101715088,2.3547987937927246,-4.572834014892578,-3.899013042449951
3_yweweler_44.wav,0.2987314462661743,0.01162407174706459,999.4324164118076,983.6888306014898,2199.078369140625,0.038045247395833336,-504.4609069824219,196.3134765625,-54.12789535522461,35.21853256225586,47.73749923706055,-45.485260009765625,-9.197760581970215,7.457451343536377,-34.32822799682617,-14.525826454162598,-7.485568523406982,-20.101797103881836,-0.08348449319601059,-9.313414573669434,-18.001924514770508,9.8101806640625,1.631235122680664,-13.764144897460938,4.160633087158203,-0.48981431126594543,-10.974020957946777,-2.175215482711792,-9.813658714294434,-12.852943420410156,-2.729426383972168,-9.79840087890625,-8.741697311401367,1.437258243560791,-7.185836315155029,-7.81117057800293
6_nicolas_18.wav,0.4499719738960266,0.045613206923007965,1258.6057905444882,1171.6660003972524,2825.15625,0.064599609375,-337.98046875,200.23321533203125,-70.57088470458984,44.3963737487793,44.24570846557617,-51.107322692871094,3.4091262817382812,3.0561635494232178,-42.6912727355957,-3.375154495239258,-7.079621315002441,-25.35594940185547,11.05696964263916,-1.0671939849853516,-17.782794952392578,12.159568786621094,3.640334367752075,-10.778145790100098,5.785922050476074,-0.027108360081911087,-4.906682014465332,1.7705398797988892,-6.074888229370117,-0.23483002185821533,5.541018486022949,-5.7662506103515625,1.0995337963104248,4.052649974822998,-7.588042259216309,2.423170804977417
3_lucas_12.wav,0.45989590883255005,0.035427358001470566,1287.1090417581695,963.8481115019589,2437.09716796875,0.09050641741071429,-422.7315979003906,157.6678009033203,-44.194053649902344,25.950361251831055,50.27912521362305,-25.455385208129883,-7.925669193267822,12.816052436828613,-16.244430541992188,-2.8483002185821533,6.900516033172607,-11.97219181060791,-2.0190412998199463,5.68046236038208,-3.4306273460388184,2.6742441654205322,0.8986221551895142,-7.791502475738525,-1.959858775138855,-4.8638739585876465,-9.818428993225098,-0.008240913040935993,0.2502496838569641,-5.518795490264893,-2.3679986000061035,-4.0382304191589355,-5.549389839172363,-1.3694509267807007,-4.2455949783325195,-5.991054058074951
7_george_15.wav,0.24581937491893768,0.04429096356034279,1229.3667336796377,1001.088304731307,2354.949396306818,0.06569602272727272,-372.44891357421875,168.80572509765625,-88.93701934814453,7.201964855194092,37.23469543457031,-42.50723648071289,-23.30872344970703,-28.14227294921875,-44.624820709228516,4.408856391906738,-8.540733337402344,-40.029911041259766,-3.949479818344116,-5.908230304718018,-27.84840202331543,-5.573983192443848,-10.240856170654297,-25.1671085357666,-8.040547370910645,-8.169561386108398,-11.89270305633545,-3.869367837905884,-14.918076515197754,-13.754639625549316,-0.981902539730072,-13.772008895874023,-15.161632537841797,0.06249957159161568,-5.3917717933654785,-7.31397819519043
4_george_25.wav,0.27869513630867004,0.06416434049606323,1184.5552533543143,956.1030035391461,2432.1186266447367,0.06064967105263158,-346.16259765625,173.44471740722656,-77.80460357666016,-3.216067314147949,10.088160514831543,-57.289878845214844,-9.56406307220459,-7.9988484382629395,-52.711090087890625,-16.357627868652344,-7.959651947021484,-34.353912353515625,-11.05937385559082,-6.837337970733643,-22.73048210144043,-6.413311004638672,-2.7835395336151123,-10.97955322265625,-8.022034645080566,-15.851463317871094,-16.701496124267578,-10.066507339477539,-15.073634147644043,-6.627854347229004,0.33777689933776855,-12.121405601501465,-6.6025872230529785,2.100975751876831,-8.222786903381348,-4.504508018493652
2_theo_26.wav,0.22323215007781982,0.014510721899569035,940.8959581290221,891.9861709368028,1898.9095052083333,0.054633246527777776,-510.06011962890625,182.96580505371094,-52.24308776855469,28.336780548095703,43.00761032104492,-29.988561630249023,-4.497039318084717,-6.693654537200928,-27.933902740478516,-1.727757215499878,-21.418611526489258,-30.548986434936523,6.141873359680176,-13.35368537902832,-24.392223358154297,11.920679092407227,0.11997583508491516,-13.278193473815918,6.887173175811768,-7.326215744018555,-15.34648609161377,3.0803239345550537,-7.0019659996032715,-11.077701568603516,1.6342430114746094,-9.087615966796875,-10.71518611907959,0.1967678815126419,-7.922379016876221,-7.476797103881836
7_yweweler_11.wav,0.3559871315956116,0.0073577906005084515,1008.5935233014927,967.4075656476201,2262.5244140625,0.05210658482142857,-528.297119140625,217.95018005371094,-63.61810302734375,20.607196807861328,41.604759216308594,-38.52944564819336,1.0724666118621826,3.8094370365142822,-35.79628372192383,6.487461566925049,12.782855033874512,-22.032827377319336,-3.1977851390838623,5.070145130157471,-6.019961833953857,-0.10832170397043228,-10.371330261230469,-8.29283618927002,9.719965934753418,-5.083470821380615,-9.922021865844727,4.67117977142334,-7.111442565917969,-8.988188743591309,2.9261393547058105,-9.290995597839355,-9.289280891418457,5.085328578948975,-2.776648998260498,-6.190268516540527
9_yweweler_20.wav,0.4263765215873718,0.006731947418302298,970.3506337326102,878.6613473385147,1878.173828125,0.060791015625,-555.3667602539062,235.25851440429688,-67.62589263916016,8.252673149108887,22.589094161987305,-42.958595275878906,16.246774673461914,10.165374755859375,-38.572906494140625,5.818373203277588,7.972627639770508,-20.905231475830078,4.2881293296813965,-3.5375633239746094,-19.967748641967773,0.8867940306663513,-8.822895050048828,-15.140984535217285,4.151666641235352,-7.32308292388916,-11.026535987854004,3.2254786491394043,-7.136549949645996,-4.460618019104004,5.207159996032715,-10.673260688781738,-7.006252765655518,5.041215419769287,-7.479443073272705,-5.695282936096191
7_nicolas_10.wav,0.37937867641448975,0.0476674884557724,1172.9887367234699,1142.547394232294,2579.19921875,0.057942708333333336,-339.3837585449219,175.64889526367188,-47.812007904052734,36.38368225097656,37.05419921875,-35.939353942871094,2.9984796047210693,-5.094100475311279,-35.01503372192383,9.076377868652344,2.4581375122070312,-23.77362823486328,6.973104953765869,5.824872970581055,-8.846302032470703,6.195952415466309,-2.8129587173461914,-7.4902215003967285,5.03226375579834,-7.619368553161621,-7.650541305541992,4.194912433624268,-7.687228679656982,-3.9040768146514893,6.678534984588623,-5.400423526763916,-1.6524884700775146,6.0124592781066895,-5.24066686630249,-1.0401009321212769
3_nicolas_26.wav,0.39384207129478455,0.028015917167067528,1354.5321081767318,1176.7772417966917,2763.427734375,0.06588541666666667,-377.70068359375,191.69598388671875,-84.51673889160156,41.33179473876953,47.30549621582031,-36.932373046875,13.698582649230957,4.069296360015869,-31.579368591308594,10.397354125976562,-5.554231643676758,-25.731779098510742,11.774811744689941,0.11710873991250992,-9.792780876159668,14.147226333618164,-5.385513782501221,-10.302971839904785,12.037262916564941,-3.882071018218994,-7.8481340408325195,6.484847068786621,-3.6642792224884033,-0.32663336396217346,6.389183044433594,-6.159101486206055,-0.45366862416267395,2.4049875736236572,-10.622990608215332,-2.9147439002990723
4_theo_23.wav,0.3216337561607361,0.055302225053310394,886.530359214563,612.1085647394248,1218.5835404829545,0.06869229403409091,-395.8207092285156,166.39105224609375,-14.019181251525879,-25.50879669189453,-20.366981506347656,-36.20254135131836,-11.490111351013184,-6.9387006759643555,-16.255207061767578,-3.6788136959075928,-11.959515571594238,-16.609106063842773,3.4744064807891846,-2.4393577575683594,-9.175532341003418,6.8342366218566895,-1.5734367370605469,-13.568772315979004,-3.1334574222564697,-9.17361068725586,-17.685747146606445,-4.576751232147217,-1.2118775844573975,-5.7093987464904785,-2.387601613998413,-5.632455825805664,-8.417834281921387,-4.4669365882873535,-5.127784252166748,-1.5713963508605957
7_theo_29.wav,0.23902548849582672,0.00463370094075799,853.3662099131493,902.5524915149131,1808.7890625,0.036214192708333336,-575.9457397460938,209.89312744140625,-51.38014602661133,22.517831802368164,35.33197021484375,-38.483787536621094,-2.1593410968780518,2.460555076599121,-23.969179153442383,10.0836181640625,4.2559814453125,-20.409128189086914,-2.3155949115753174,-5.550243377685547,-8.892426490783691,2.185312032699585,-16.41391944885254,-14.68946361541748,4.090512275695801,-13.319241523742676,-14.374754905700684,2.8086891174316406,-6.829563140869141,-3.5993692874908447,6.425321578979492,-7.902367115020752,-6.337379455566406,3.5007545948028564,-4.992039680480957,-4.372517108917236
6_lucas_49.wav,0.5789309144020081,0.023594725877046585,1550.8744321670285,1014.3772192358791,2752.5050951086955,0.14153787364130435,-400.0745544433594,168.21060180664062,-71.1478271484375,25.10040855407715,45.02347946166992,-40.56427764892578,-4.903390407562256,8.295439720153809,-28.45660972595215,-0.037086717784404755,6.697611331939697,-16.539154052734375,-1.2053629159927368,0.20684993267059326,-6.22415018081665,5.55819845199585,-4.769825458526611,-7.1814799308776855,6.807224273681641,-6.735640048980713,-9.614707946777344,4.851388931274414,-5.92136287689209,-8.271995544433594,3.3354299068450928,-4.586500644683838,-4.82393217086792,2.7802023887634277,-5.2032294273376465,-4.567690372467041
7_george_18.wav,0.23669081926345825,0.04923352971673012,1180.6839785671546,970.1628813849891,2220.818622295673,0.05742938701923077,-369.8470458984375,152.36106872558594,-69.36366271972656,9.306134223937988,31.33626937866211,-37.605308532714844,-23.55702781677246,-33.302001953125,-45.74118423461914,3.4753341674804688,-9.146064758300781,-41.04532241821289,-5.631593704223633,-0.5817589163780212,-21.578386306762695,-9.28635025024414,-12.01327896118164,-16.657550811767578,-4.022544860839844,-13.708879470825195,-14.720597267150879,-2.139453411102295,-16.464754104614258,-16.65390396118164,0.9209442138671875,-10.199762344360352,-14.31037712097168,0.584980845451355,-3.6692607402801514,-5.38712739944458
6_george_43.wav,0.33252644538879395,0.03156740963459015,1713.4535268858976,1183.478391604101,3050.9857177734375,0.1153564453125,-385.5946350097656,141.3170166015625,-87.8802490234375,30.746986389160156,40.893428802490234,-45.17401123046875,-12.375247955322266,-23.98625946044922,-49.68232727050781,-4.251430988311768,-26.90530776977539,-51.7119255065918,-1.601257562637329,-6.415928840637207,-29.296987533569336,-3.803825855255127,-9.679030418395996,-19.76100730895996,-3.789966583251953,-12.459537506103516,-10.187582015991211,3.7307376861572266,-11.875627517700195,-8.335470199584961,4.788605690002441,-13.405290603637695,-10.927074432373047,4.177098274230957,-8.929710388183594,-7.696933746337891
9_jackson_29.wav,0.33916953206062317,0.08022445440292358,718.3085315194996,749.444618233691,1260.160495923913,0.035962975543478264,-313.98388671875,229.66258239746094,-34.96671676635742,2.8479790687561035,16.738941192626953,-35.143619537353516,-2.7079102993011475,-4.931897163391113,-32.833282470703125,-0.8741970658302307,-1.8550233840942383,-25.607179641723633,-4.808290004730225,2.312150239944458,-8.746820449829102,-8.816819190979004,-14.835197448730469,-8.641663551330566,-1.3247766494750977,-13.751877784729004,-8.110154151916504,-2.23262619972229,-19.363597869873047,-13.73969841003418,-3.113356113433838,-15.2947998046875,-9.349956512451172,0.7974193692207336,-8.768021583557129,-4.369550704956055
4_lucas_24.wav,0.5092913508415222,0.0472918376326561,1070.321603809548,785.3541553427458,1762.4098557692307,0.0902569110576923,-394.6943664550781,171.80618286132812,-14.196165084838867,15.372193336486816,14.028733253479004,-49.32724380493164,-14.195575714111328,19.74871063232422,-10.776891708374023,-5.0369062423706055,12.706256866455078,-4.747059345245361,-10.019804000854492,-4.116419315338135,-5.011700630187988,0.9306164979934692,-0.9662772417068481,-7.921735763549805,-1.5261846780776978,-3.0062382221221924,-11.929640769958496,-5.814089298248291,-0.6547555327415466,-5.119417190551758,-4.668689727783203,-3.4172351360321045,-4.29087495803833,-2.0389442443847656,-1.8223026990890503,-3.2144198417663574
9_lucas_26.wav,0.4661006033420563,0.061647284775972366,918.5177704707462,859.6993140465202,2102.8518676757812,0.05206298828125,-331.44183349609375,247.65924072265625,-61.50495147705078,19.851200103759766,52.592830657958984,-42.707733154296875,-12.064184188842773,14.994316101074219,-26.63653564453125,-9.34709644317627,11.147972106933594,-4.601581573486328,-2.2094972133636475,-2.846566677093506,-5.164211273193359,-0.5922865867614746,-14.132792472839355,-10.444965362548828,7.554074287414551,-6.00162410736084,-11.429854393005371,2.0812952518463135,-7.50834846496582,-12.497364044189453,-0.6172006726264954,-3.305572032928467,-7.27186918258667,-5.422941207885742,-8.181779861450195,-4.558681011199951
3_nicolas_11.wav,0.32442089915275574,0.044110748916864395,1295.8123352846853,1066.8825599765094,2484.931640625,0.09495442708333333,-340.4911804199219,193.4152069091797,-64.48091888427734,38.2234001159668,34.7453727722168,-44.37862014770508,11.917025566101074,-2.7369346618652344,-44.570335388183594,5.411337852478027,-0.3335021734237671,-21.353084564208984,11.504999160766602,-4.720673084259033,-16.38773536682129,14.203023910522461,-2.5805609226226807,-14.24843692779541,8.113714218139648,-2.6099090576171875,-6.478553295135498,6.1724653244018555,-7.415510654449463,-5.498858451843262,6.733016490936279,-4.484455585479736,-1.7375519275665283,4.997765064239502,-5.943548202514648,-2.7654976844787598
2_george_31.wav,0.2496981918811798,0.037550535053014755,1015.8465870854154,972.7898660947214,2162.548828125,0.04701450892857143,-394.1152648925781,171.64157104492188,-59.26697540283203,13.085118293762207,16.645893096923828,-51.88406753540039,-10.723736763000488,-10.315285682678223,-44.25896453857422,-20.083921432495117,-28.694271087646484,-38.21872329711914,-8.38352108001709,-22.14646339416504,-28.98539161682129,2.4837985038757324,-6.8627848625183105,-16.975854873657227,0.56708824634552,-9.07064437866211,-16.646926879882812,-7.8924384117126465,-13.2291259765625,-9.055888175964355,-3.5375688076019287,-10.611628532409668,-0.8485363125801086,1.699374794960022,-11.430562019348145,-2.3894710540771484
7_lucas_6.wav,0.48461711406707764,0.034361377358436584,1210.413570745309,972.4604067646459,2336.3525390625,0.08219401041666667,-410.3868713378906,172.7810821533203,-46.08893966674805,16.63950538635254,41.75566482543945,-28.896631240844727,-7.143422603607178,10.9547119140625,-24.081995010375977,-9.418944358825684,11.299641609191895,-3.577239990234375,-5.554684162139893,-3.0793704986572266,-3.4607083797454834,1.9352036714553833,-5.78259801864624,-8.307644844055176,2.113740921020508,-3.891529083251953,-9.264123916625977,-2.6058056354522705,-6.470527648925781,-7.33366584777832,-0.47951722145080566,-4.528670787811279,-5.377542495727539,-0.1332453340291977,-3.16796875,-2.4270777702331543
1_theo_10.wav,0.27551981806755066,0.005741511005908251,832.2943344562718,840.2599648570773,1507.32421875,0.037394205729166664,-574.316162109375,239.38673400878906,-55.88597106933594,9.609343528747559,18.738052368164062,-48.396427154541016,10.114289283752441,18.67838478088379,-28.768957138061523,2.229266881942749,9.730781555175781,-17.741334915161133,-5.595302104949951,-5.945044040679932,-10.292535781860352,3.8748466968536377,-10.604998588562012,-20.336793899536133,-7.517602920532227,-14.133936882019043,-11.816739082336426,2.5256259441375732,-6.319492340087891,-7.28271484375,1.8985196352005005,-5.653334140777588,-5.286325454711914,1.8216289281845093,-2.477259635925293,-2.762115478515625
8_yweweler_21.wav,0.4601738452911377,0.013377880677580833,1603.5569917345897,1097.1256332180035,2840.8447265625,0.07903180803571429,-477.4357604980469,188.49549865722656,-92.2815170288086,43.5897216796875,46.86956787109375,-71.20899200439453,-11.007295608520508,9.814992904663086,-35.577247619628906,-1.5897680521011353,-4.137579441070557,-24.4787654876709,8.698988914489746,-2.0766491889953613,-18.069869995117188,6.934570789337158,-4.5355753898620605,-14.434473991394043,1.2684764862060547,-8.691509246826172,-6.074313163757324,3.035682439804077,-15.86028003692627,-8.822548866271973,3.7985737323760986,-14.587264060974121,-8.195969581604004,4.489255905151367,-10.190744400024414,-6.273599147796631
4_nicolas_6.wav,0.29014840722084045,0.0738786906003952,845.256042578126,877.7725776855328,1569.7705078125,0.047688802083333336,-315.43048095703125,202.6080780029297,-22.638397216796875,23.663387298583984,2.1296048164367676,-58.03927230834961,-2.401207685470581,1.9433655738830566,-25.201276779174805,10.40599250793457,2.2893266677856445,-18.19350814819336,9.084160804748535,1.0521256923675537,-11.1669921875,8.290732383728027,-4.677931785583496,-13.944256782531738,2.1623826026916504,-8.146703720092773,-11.753664016723633,1.5611236095428467,-5.894135475158691,-3.758044481277466,6.259291172027588,-3.326831579208374,-2.025789976119995,4.153709411621094,-3.530740261077881,-0.334595263004303
8_lucas_28.wav,0.6245315670967102,0.020237110555171967,960.1977046054169,1041.5789887523688,1860.6645063920455,0.032781427556818184,-517.549560546875,106.001708984375,-27.392932891845703,35.5428581237793,41.810604095458984,-22.750072479248047,-3.026643991470337,14.100809097290039,-8.974404335021973,1.7014808654785156,6.5636887550354,-4.561777114868164,8.58910083770752,10.18125057220459,-1.4013783931732178,3.745431661605835,2.878330945968628,0.6559663414955139,8.639267921447754,3.2275619506835938,-0.8722963929176331,6.050988674163818,-0.4821537137031555,-4.273876190185547,4.037682056427002,0.5241702795028687,-2.120184898376465,4.242988109588623,0.43722864985466003,-2.1084845066070557
8_yweweler_31.wav,0.4079389274120331,0.011031288653612137,1642.455472795115,1177.8503554657282,2901.0009765625,0.0966525607638889,-503.0109558105469,172.5647735595703,-80.3153076171875,42.18964385986328,49.29001235961914,-59.85244369506836,-10.506210327148438,7.867936134338379,-35.97096252441406,-3.7916650772094727,-1.864290714263916,-25.09183120727539,5.710117816925049,4.023130893707275,-13.944856643676758,4.518342971801758,-1.482999324798584,-7.810032367706299,8.069828033447266,-5.235925674438477,-10.669655799865723,4.78669548034668,-6.759130954742432,-10.905588150024414,0.7083898186683655,-8.095385551452637,-7.064566135406494,3.405055284500122,-5.14804744720459,-5.451387405395508
7_yweweler_8.wav,0.3582767844200134,0.008248042315244675,997.4434887369048,908.6011120923041,2062.880859375,0.047591145833333334,-514.5479125976562,205.45191955566406,-56.89493179321289,12.802071571350098,39.24049377441406,-32.492164611816406,-3.1810338497161865,2.6081085205078125,-32.474788665771484,2.242039203643799,12.00256633758545,-18.971805572509766,-5.915546894073486,3.514256715774536,-5.869509696960449,-2.115272045135498,-10.47314167022705,-9.617292404174805,6.77292537689209,-4.88903284072876,-11.756026268005371,0.4719442129135132,-7.961700916290283,-8.349449157714844,5.739863872528076,-4.471183776855469,-8.250365257263184,4.547035217285156,-3.3084311485290527,-9.924595832824707
3_theo_14.wav,0.3434188663959503,0.00913327094167471,1079.3406765246266,1025.0545017068202,2247.528076171875,0.061726888020833336,-539.4269409179688,166.4627685546875,-39.46573257446289,36.34233093261719,47.82804489135742,-32.431793212890625,-13.9545259475708,-3.369229555130005,-27.461408615112305,-13.009947776794434,-17.04463768005371,-24.403526306152344,-3.726139783859253,-7.288146495819092,-7.248958587646484,8.247418403625488,-5.019236087799072,-7.379697322845459,4.837263584136963,-10.364779472351074,-12.267289161682129,0.3060293197631836,-9.395350456237793,-7.4927144050598145,0.48164239525794983,-12.89062786102295,-11.0748291015625,0.11509806662797928,-5.274896621704102,-2.7743663787841797
9_nicolas_36.wav,0.39963409304618835,0.0401313416659832,988.9076328285231,1003.1492686733361,2122.0458984375,0.05512927827380952,-366.5221252441406,228.5088653564453,-72.30354309082031,25.738065719604492,43.62089920043945,-32.214622497558594,12.348033905029297,2.0297117233276367,-35.02490997314453,10.683855056762695,4.269214630126953,-20.713191986083984,7.3271355628967285,-3.185109853744507,-14.433992385864258,7.681134223937988,-5.489014625549316,-8.811033248901367,7.930694580078125,-9.013066291809082,-8.826547622680664,5.2538275718688965,-10.046884536743164,-5.060025691986084,6.925328731536865,-8.164388656616211,-2.328155994415283,7.8498992919921875,-5.01093864440918,-1.333374261856079
1_george_18.wav,0.2463204562664032,0.039976369589567184,911.5356698770247,814.3949387808412,1620.8221435546875,0.039957682291666664,-405.544189453125,184.44187927246094,-59.94602966308594,-9.327210426330566,13.720799446105957,-39.814876556396484,-14.979962348937988,-15.744400978088379,-34.690860748291016,0.6263677477836609,-6.446225643157959,-31.2006893157959,-5.869178771972656,-10.415911674499512,-32.99178695678711,-15.52796459197998,-9.519633293151855,-17.770509719848633,-10.407593727111816,-9.079620361328125,-7.461948394775391,-6.966309070587158,-18.68496322631836,-11.37328815460205,-0.4053614139556885,-12.308311462402344,-9.210323333740234,2.0745813846588135,-8.14264965057373,-9.122700691223145
8_lucas_27.wav,0.5114718675613403,0.05328108370304108,1297.9209738608995,1011.4017821206447,2513.104248046875,0.08913167317708333,-393.1985168457031,164.99583435058594,-50.02657699584961,29.05805778503418,48.39077377319336,-38.755558013916016,-17.865663528442383,8.611083984375,-17.15862274169922,-5.080821514129639,-1.002699375152588,-14.992154121398926,1.222806692123413,3.597235679626465,-7.592278957366943,-0.9934541583061218,-4.437929153442383,-5.290192127227783,4.6895551681518555,-5.693353176116943,-9.246108055114746,1.9878038167953491,-7.154896259307861,-10.33295726776123,1.5923514366149902,-5.603366851806641,-10.388172149658203,-0.31765663623809814,-3.249765396118164,-7.214468002319336
5_lucas_43.wav,0.5497474074363708,0.06924121081829071,1343.9793563576186,892.1851442161247,2298.884765625,0.11181640625,-339.3152770996094,183.18563842773438,-63.203819274902344,3.7313854694366455,39.45481872558594,-33.98976135253906,-13.739031791687012,12.097380638122559,-13.503637313842773,1.2650333642959595,12.59760856628418,-5.316152572631836,-3.3800902366638184,-3.838555097579956,-6.216476917266846,4.149463653564453,-5.21541690826416,-11.11563491821289,3.8909921646118164,-1.7705491781234741,-9.822854995727539,1.204682469367981,-2.1838910579681396,-7.985227108001709,0.1518823802471161,-2.036221504211426,-4.754495620727539,0.3720337748527527,-3.9385833740234375,-4.542993545532227
1_yweweler_21.wav,0.37887340784072876,0.01112747099250555,993.3131814641724,911.0625185409885,1996.1279296875,0.05511067708333333,-518.524169921875,215.90992736816406,-56.68057632446289,11.12847900390625,16.151681900024414,-46.09854507446289,15.805718421936035,13.967589378356934,-35.041866302490234,5.545341968536377,9.389801025390625,-22.66497039794922,-1.1240111589431763,-1.0571609735488892,-15.832075119018555,-0.8395568132400513,-6.999640941619873,-12.07973575592041,3.3508520126342773,-4.38703727722168,-8.489992141723633,0.6404848694801331,-7.005500793457031,-6.4362616539001465,-1.854172945022583,-10.082159996032715,-2.538029909133911,3.914792776107788,-5.874886512756348,-1.1943477392196655
5_theo_17.wav,0.35515254735946655,0.005989609751850367,1143.9750100895374,926.1752800691322,2091.796875,0.06810360863095238,-548.5264892578125,220.4226837158203,-89.48471069335938,1.905711054801941,30.99142837524414,-41.77558898925781,-0.9863052368164062,1.9736522436141968,-27.292407989501953,9.296408653259277,5.1892523765563965,-14.266148567199707,2.5805599689483643,-9.816218376159668,-8.43596363067627,8.238519668579102,-18.63603973388672,-16.203853607177734,10.38418197631836,-7.603673934936523,-8.157915115356445,8.914100646972656,-6.59536600112915,-8.08364486694336,-2.46244215965271,-14.633190155029297,-4.837552547454834,2.4666101932525635,-7.557743549346924,1.4878785610198975
3_nicolas_6.wav,0.28542014956474304,0.029077107086777687,1203.1291682465458,1134.3544377709152,2634.9462890625,0.06432291666666666,-377.5271301269531,186.57351684570312,-67.61309051513672,45.302555084228516,47.47704315185547,-36.35947036743164,9.546982765197754,-0.6874509453773499,-33.66463851928711,11.356613159179688,-2.5439412593841553,-27.45808219909668,6.557999610900879,-2.099647283554077,-11.399868965148926,13.310029983520508,-4.583741188049316,-12.538299560546875,9.519498825073242,-3.4189250469207764,-8.536670684814453,4.543595790863037,-4.6015706062316895,-1.0039259195327759,5.836554527282715,-7.417714595794678,-0.8839660882949829,6.3460235595703125,-5.5828857421875,-0.32704833149909973
4_yweweler_48.wav,0.3790174126625061,0.015308124013245106,857.246473908121,697.7352651131481,1194.195556640625,0.055379231770833336,-493.0526428222656,234.3318328857422,-45.326080322265625,-10.62952709197998,-2.789898633956909,-58.22566604614258,1.5302408933639526,22.597990036010742,-22.444032669067383,-6.254795074462891,-0.04841483756899834,-18.632802963256836,3.4979422092437744,6.6850972175598145,-11.590888977050781,-2.4105236530303955,-3.9315593242645264,-12.216827392578125,-2.624969244003296,-5.848695755004883,-9.559849739074707,-2.087200880050659,-7.817136764526367,-6.719856262207031,2.0285680294036865,-7.702184677124023,-8.817829132080078,2.3656980991363525,-3.0022428035736084,-6.783840179443359
9_lucas_19.wav,0.5025807023048401,0.07405201345682144,988.5568842038006,844.1284910123167,1993.2568359375,0.04326171875,-318.81817626953125,243.49200439453125,-73.67182159423828,3.848973512649536,45.47945785522461,-40.22040557861328,-9.336627006530762,15.955498695373535,-26.470632553100586,-11.459610939025879,10.020560264587402,-2.028735399246216,-2.6670782566070557,-10.771544456481934,-11.641800880432129,1.7043402194976807,-10.837225914001465,-13.27514934539795,4.369767189025879,-6.392894268035889,-14.487237930297852,-2.2835123538970947,-6.3419575691223145,-9.397960662841797,-4.059257507324219,-9.709456443786621,-8.01042652130127,-4.231382846832275,-11.86023235321045,-7.45643949508667
2_yweweler_31.wav,0.33451271057128906,0.01072773803025484,950.6806267890635,778.6395605758771,1669.6514423076924,0.055326021634615384,-533.120361328125,178.29522705078125,-24.04829978942871,7.633151054382324,20.55720329284668,-27.668642044067383,1.2103140354156494,13.574655532836914,-20.514616012573242,-16.21114730834961,-12.000673294067383,-20.119905471801758,-5.544902324676514,-4.866112232208252,-10.433085441589355,2.2385458946228027,-2.3554606437683105,-8.045852661132812,5.595108985900879,1.6325980424880981,-5.247215270996094,3.320063352584839,-5.34577751159668,-15.889131546020508,-7.391361713409424,-7.089264869689941,-9.56752872467041,-2.60915207862854,-4.622364521026611,-7.7175140380859375
0_yweweler_38.wav,0.27883192896842957,0.010993673466145992,796.264085435534,756.6227473559746,1562.95166015625,0.033881293402777776,-518.8374633789062,220.41571044921875,-41.84330749511719,6.533895492553711,19.421762466430664,-41.95894241333008,-3.4639947414398193,1.890074372291565,-33.199012756347656,-7.416754722595215,-8.207780838012695,-26.87809944152832,0.9807736873626709,0.9204905033111572,-15.652118682861328,1.4402246475219727,-0.9049935936927795,-11.285764694213867,-0.07044734060764313,-6.5867085456848145,-13.013423919677734,-2.3313305377960205,-7.897617816925049,-11.751784324645996,-4.882230758666992,-11.122923851013184,-10.502856254577637,-2.0009665489196777,-6.3940815925598145,-5.118937969207764
8_theo_11.wav,0.2934826910495758,0.004215193912386894,1650.974380110563,1130.4571705332137,2967.782054227941,0.10635914522058823,-579.1905517578125,169.4803009033203,-68.87712097167969,52.747772216796875,45.258243560791016,-55.89581298828125,-2.201000690460205,9.491622924804688,-28.610734939575195,-1.561584234237671,-7.577212333679199,-17.684782028198242,10.269002914428711,-2.4909183979034424,-5.779623985290527,14.401562690734863,-5.072739124298096,-6.501211166381836,7.181631565093994,-14.591880798339844,-11.392829895019531,3.2959423065185547,-13.977639198303223,-8.090553283691406,4.637904167175293,-7.561726093292236,0.1550765037536621,6.847336769104004,-6.512731075286865,-1.1133116483688354
2_theo_38.wav,0.3335362374782562,0.005167549010366201,1294.0939745119663,914.2468848494528,2135.8245849609375,0.094085693359375,-579.40966796875,208.10659790039062,-67.23050689697266,40.88142395019531,41.31835174560547,-50.190704345703125,6.139860153198242,7.9495086669921875,-31.395870208740234,3.3163411617279053,-11.131165504455566,-26.549583435058594,9.938337326049805,-8.021803855895996,-17.03951072692871,14.305671691894531,-4.217368125915527,-12.414350509643555,7.287484645843506,-10.306909561157227,-8.842601776123047,8.450984954833984,-10.771175384521484,-10.161685943603516,3.185744524002075,-10.51188850402832,-6.718601703643799,0.8147932291030884,-11.43474292755127,-4.823634147644043
8_lucas_37.wav,0.5412014126777649,0.05394852161407471,1329.776114110721,1081.7603066402364,2624.603826349432,0.095947265625,-398.7381896972656,159.352294921875,-42.51274108886719,33.09574890136719,44.86795425415039,-46.09493637084961,-20.26683807373047,16.086671829223633,-14.327361106872559,-10.893610954284668,1.7648329734802246,-6.858489990234375,0.8106573224067688,1.539802074432373,-7.258661270141602,-1.4944170713424683,-0.9162088632583618,-4.202159404754639,-2.9574501514434814,-6.2388997077941895,-1.4625576734542847,0.7710220217704773,-11.910872459411621,-7.736263751983643,4.106080532073975,-4.930289268493652,-7.858706951141357,-0.26096680760383606,-5.068431377410889,-6.482583999633789
7_jackson_43.wav,0.3810267150402069,0.0649692565202713,978.7086470262942,947.0046713119381,1987.7838134765625,0.058247884114583336,-314.9958801269531,188.0500946044922,-43.99436950683594,17.96263313293457,36.3780632019043,-31.89873504638672,-11.863713264465332,-7.015745639801025,-31.906702041625977,-3.1267385482788086,5.6018195152282715,-16.23521614074707,-11.014826774597168,-3.797689199447632,-2.437340497970581,-7.428749084472656,-22.609914779663086,-10.900962829589844,1.6603798866271973,-16.02410316467285,-14.889060974121094,-4.198121547698975,-12.70240306854248,-5.194153308868408,0.21825484931468964,-16.848421096801758,-12.335267066955566,-0.5366715788841248,-8.838733673095703,-7.639976978302002
6_theo_22.wav,0.37501397728919983,0.008883712813258171,1802.4949851201247,1030.3078473886894,2903.214111328125,0.1632080078125,-510.97479248046875,150.94203186035156,-72.12165069580078,29.799610137939453,34.23566436767578,-47.83165740966797,-3.2053191661834717,1.0080710649490356,-30.341693878173828,2.733057737350464,-4.169469356536865,-17.774585723876953,13.387825012207031,3.1591806411743164,-7.515137672424316,10.421674728393555,-5.321407794952393,-8.90980339050293,4.9430131912231445,-13.314756393432617,-10.475667953491211,6.814189910888672,-7.766800880432129,-4.60769510269165,7.9706549644470215,-5.252329349517822,-3.1159844398498535,2.569519281387329,-8.442306518554688,-1.120650053024292
2_george_7.wav,0.19426541030406952,0.04590247571468353,926.2742883549083,913.5227064778884,1909.0530395507812,0.03778076171875,-400.5667419433594,161.99684143066406,-42.83354568481445,7.233108043670654,7.506617546081543,-43.713417053222656,2.0923171043395996,-2.180535078048706,-45.962486267089844,-17.33151626586914,-16.934097290039062,-45.038604736328125,-19.467090606689453,-9.350494384765625,-23.285362243652344,-7.768250465393066,-3.6711840629577637,-13.283367156982422,-7.714659214019775,-11.759928703308105,-15.365620613098145,-6.283742904663086,-8.901567459106445,-10.959041595458984,-6.371387958526611,-11.374554634094238,-11.161766052246094,-5.632807731628418,-7.715239524841309,-6.571184158325195
1_george_30.wav,0.3301590085029602,0.0310436449944973,1417.5206281234516,1124.036817860512,2739.3310546875,0.06727818080357142,-382.1477355957031,179.78492736816406,-102.59404754638672,6.610284328460693,31.886972427368164,-42.48526382446289,-6.0122151374816895,-17.416988372802734,-43.64030838012695,4.6876325607299805,-11.257028579711914,-35.29601287841797,0.977627158164978,-15.272260665893555,-30.912322998046875,2.495257616043091,-8.869586944580078,-24.062150955200195,-5.496028900146484,-11.284905433654785,-12.742085456848145,-4.362227439880371,-15.649042129516602,-5.916900634765625,3.4566733837127686,-15.669697761535645,-9.191977500915527,3.052753210067749,-10.625967025756836,-5.011824131011963
7_lucas_36.wav,0.482144296169281,0.04637536779046059,1049.979613882257,910.998672820347,2132.325439453125,0.0590576171875,-370.0270690917969,199.09507751464844,-43.54599380493164,32.160301208496094,53.25067138671875,-31.352951049804688,-7.297488212585449,7.883876800537109,-29.360910415649414,-7.145721435546875,11.816033363342285,-5.961563587188721,-4.134082317352295,-2.3775432109832764,0.7369074821472168,10.57276725769043,-6.026010513305664,-11.960101127624512,6.822547912597656,0.051347535103559494,-10.824649810791016,-3.0795493125915527,-6.121705055236816,-7.512570858001709,-0.27636808156967163,-4.836197853088379,-5.775915622711182,-0.9795866012573242,-4.779177188873291,-2.8652477264404297
7_yweweler_33.wav,0.4049972593784332,0.007706822361797094,1067.2589918016693,981.7750493356008,2138.96484375,0.06898716517857142,-538.66943359375,192.62088012695312,-49.94858932495117,22.317020416259766,31.717256546020508,-39.524192810058594,-0.9566185474395752,-1.252224326133728,-34.295692443847656,7.778339862823486,7.859225273132324,-26.164005279541016,-3.0761191844940186,5.415064334869385,-7.012792587280273,1.1970025300979614,-7.974719047546387,-12.02503776550293,3.2350215911865234,-5.60806941986084,-10.626179695129395,-2.2344536781311035,-11.025513648986816,-6.954046249389648,3.6600501537323,-8.466641426086426,-6.028241157531738,5.676522731781006,-2.710576295852661,-0.9007188677787781
1_theo_5.wav,0.31485360860824585,0.006656678859144449,829.8851061261312,816.4062479506939,1386.73828125,0.042236328125,-555.0272827148438,236.01303100585938,-42.79710388183594,9.003425598144531,12.00594711303711,-50.301307678222656,1.291393518447876,9.606657028198242,-31.72262954711914,-2.735475540161133,7.790208339691162,-12.928088188171387,-2.71744966506958,-5.992405414581299,-7.184169769287109,9.639714241027832,-6.340620994567871,-16.186107635498047,-3.6540095806121826,-16.801654815673828,-17.19281768798828,2.6926894187927246,-7.0352630615234375,-10.382821083068848,4.600693702697754,-4.140181541442871,-9.248411178588867,1.5820869207382202,-1.9613624811172485,-3.7856953144073486
6_theo_25.wav,0.3615649938583374,0.02657264471054077,1925.2065524580566,1039.8813049039532,3082.146747295673,0.17572490985576922,-424.05718994140625,102.89864349365234,-63.634578704833984,18.67756462097168,18.596569061279297,-45.543907165527344,-6.202097415924072,-2.6289384365081787,-27.522737503051758,2.040733814239502,-3.103715419769287,-15.12691879272461,12.253271102905273,3.407313346862793,-8.916675567626953,7.641668319702148,-3.385692834854126,-10.75192928314209,0.58534836769104,-9.237549781799316,-7.278846263885498,4.337484836578369,-6.018296241760254,-1.8507091999053955,6.6997785568237305,-6.094383716583252,-1.8485305309295654,8.228072166442871,0.7702684998512268,4.082479953765869
7_george_28.wav,0.27404165267944336,0.06885171681642532,1471.5832903538324,1069.4191994881749,2776.846976902174,0.09126613451086957,-322.88543701171875,167.88063049316406,-103.16948699951172,12.28475570678711,36.2673225402832,-51.574710845947266,-19.511316299438477,-26.802444458007812,-48.654964447021484,7.2806854248046875,-8.612860679626465,-42.47222137451172,0.1612875759601593,-2.095073938369751,-25.07708168029785,-2.7843058109283447,-11.576820373535156,-23.535717010498047,-4.4489240646362305,-13.648279190063477,-19.400012969970703,-4.4122700691223145,-12.281344413757324,-11.930694580078125,-3.669933557510376,-15.926029205322266,-8.774923324584961,4.351879119873047,-8.351428031921387,-6.083813190460205
4_jackson_5.wav,0.2665300965309143,0.09110178798437119,721.918043191765,654.7423407196429,1238.7258429276317,0.036646792763157895,-340.4024353027344,211.03756713867188,0.7603586912155151,-18.201337814331055,-5.850968837738037,-26.257801055908203,-16.12605094909668,-14.125470161437988,-13.699230194091797,0.805501401424408,-16.144962310791016,-23.140592575073242,4.630247116088867,1.4007039070129395,-10.944165229797363,2.623596429824829,-5.378065586090088,-18.3388729095459,-5.622418403625488,-9.193108558654785,-18.926681518554688,-6.599013328552246,-6.4284844398498535,-14.824812889099121,-7.572595119476318,-6.442017555236816,-9.344677925109863,-3.316683530807495,-5.3318772315979,-7.148098468780518
3_lucas_11.wav,0.5432889461517334,0.03292575478553772,1188.583023861596,998.8264767541788,2415.1640625,0.09314453125,-429.534912109375,157.56808471679688,-32.312416076660156,26.179529190063477,45.32394027709961,-24.6742000579834,-8.687248229980469,9.631426811218262,-17.306577682495117,-3.5968751907348633,6.470946788787842,-11.079314231872559,-1.9425609111785889,3.9667627811431885,-5.546737194061279,3.333482027053833,4.35164737701416,-6.665297985076904,-2.837794303894043,-3.1318249702453613,-7.5476179122924805,-0.13521046936511993,-0.3765840232372284,-5.0462260246276855,-0.32340380549430847,-2.329383611679077,-6.634974956512451,-1.6511809825897217,-1.4163565635681152,-4.293705940246582
2_theo_31.wav,0.29573628306388855,0.009816770441830158,1136.2426905814884,915.6028748495083,2040.6298828125,0.07884114583333333,-520.3255615234375,188.0956268310547,-54.63661193847656,27.95680046081543,37.70317077636719,-32.90864562988281,0.3143600523471832,-4.723410129547119,-32.78990936279297,-8.733396530151367,-21.48026466369629,-25.546558380126953,5.178971290588379,-11.53471851348877,-16.573911666870117,9.18614673614502,-4.07996940612793,-5.71904993057251,9.086828231811523,-12.26144790649414,-15.91858959197998,-2.1779487133026123,-14.493291854858398,-11.392794609069824,-1.5306288003921509,-11.050756454467773,-2.8068108558654785,4.36163330078125,-5.128932476043701,5.607259750366211
6_lucas_19.wav,0.6019880771636963,0.022089818492531776,1419.5377618920497,1055.9694270781197,2629.949481670673,0.11269906850961539,-438.9864807128906,140.1348114013672,-44.51430130004883,22.431455612182617,41.48971176147461,-25.796268463134766,-6.71843147277832,7.349425315856934,-17.054445266723633,0.8551873564720154,6.210893630981445,-11.672797203063965,-0.6003878116607666,4.043187618255615,-1.3336560726165771,5.380073070526123,-2.088223934173584,-6.016132831573486,5.491835594177246,-2.0526010990142822,-8.031107902526855,3.4250946044921875,1.38282310962677,-2.508833408355713,2.503041982650757,-1.7634533643722534,-2.031985282897949,2.547302484512329,-3.630624532699585,-2.4231836795806885
1_nicolas_8.wav,0.35496169328689575,0.0336848720908165,937.8659642932872,992.6904228440461,1909.603604403409,0.04918323863636364,-372.8376770019531,240.2041015625,-63.33393859863281,29.56224822998047,19.16536521911621,-46.22026062011719,23.111303329467773,6.312200546264648,-35.4935417175293,12.778409004211426,2.1767873764038086,-20.461576461791992,10.773380279541016,-5.776751518249512,-15.381028175354004,13.644116401672363,-2.035066604614258,-9.454032897949219,9.154864311218262,-4.699341297149658,-5.632453441619873,5.8156328201293945,-7.752013683319092,-2.9101202487945557,5.140020370483398,-8.555841445922852,-1.4324084520339966,5.620193958282471,-4.379179000854492,1.6917710304260254
0_nicolas_40.wav,0.3007320463657379,0.03077778033912182,1019.3869480160467,1125.1396108365475,2474.7802734375,0.04601469494047619,-394.1604309082031,205.5553436279297,-59.72321319580078,44.509639739990234,40.72890090942383,-38.75899887084961,20.401588439941406,6.505552768707275,-34.410648345947266,12.966130256652832,-2.369513988494873,-25.771432876586914,14.488105773925781,1.7126468420028687,-14.411792755126953,10.673347473144531,-3.214266538619995,-7.958116054534912,12.141631126403809,-3.0827128887176514,-5.417767524719238,6.527017593383789,-9.034944534301758,-7.104228973388672,2.6233272552490234,-7.976459503173828,-1.6109346151351929,3.745039701461792,-5.278165340423584,2.345243453979492
4_yweweler_13.wav,0.47089967131614685,0.01423362735658884,930.6217581506461,803.6096446713449,1408.271484375,0.05266927083333333,-516.4194946289062,209.19363403320312,-28.118844985961914,-1.6389988660812378,-14.222179412841797,-61.50474548339844,4.146365642547607,15.78176212310791,-23.271533966064453,7.32219934463501,9.730314254760742,-18.08956527709961,3.169990062713623,7.250598430633545,-7.633134841918945,3.1053285598754883,-4.6327805519104,-13.045480728149414,2.566396951675415,-4.6741719245910645,-12.351025581359863,0.9603502750396729,-4.735234260559082,-8.372641563415527,3.4003243446350098,-4.684264659881592,-10.096104621887207,0.2073933333158493,-4.133508205413818,-6.589261054992676
2_theo_15.wav,0.3324629068374634,0.006627917289733887,1366.454597016377,1015.5093500322943,2501.4404296875,0.09590657552083333,-537.5339965820312,189.56910705566406,-63.60476303100586,40.10527420043945,47.289066314697266,-42.1971549987793,-3.123654365539551,-3.040114402770996,-32.875919342041016,0.7694231867790222,-14.301445007324219,-27.56175994873047,9.440932273864746,-4.749002933502197,-12.236517906188965,14.713515281677246,-6.641552448272705,-12.91458511352539,8.590790748596191,-13.259711265563965,-15.169642448425293,7.4676055908203125,-9.46570873260498,-12.566166877746582,2.8721868991851807,-8.90489673614502,-8.554512023925781,-0.0004458824696484953,-8.62903118133545,-2.182236909866333
2_lucas_49.wav,0.3918232321739197,0.020719513297080994,1597.1879870297812,850.7496043633682,2481.1938015919814,0.1326190300707547,-507.318115234375,83.96539306640625,-34.8144416809082,21.781906127929688,46.92729187011719,-9.856912612915039,-12.021819114685059,4.131648063659668,-10.201360702514648,-3.364410877227783,5.518560409545898,-8.088464736938477,-6.863988876342773,2.2890186309814453,-0.3849995732307434,-0.22327005863189697,-0.7143010497093201,-4.150187015533447,-0.22085312008857727,0.3644157946109772,-3.8469455242156982,-1.5757561922073364,-0.8640154004096985,-3.5578792095184326,-1.6599663496017456,-1.5340251922607422,-3.9152822494506836,-2.133690118789673,-1.578845500946045,-3.9141969680786133
2_jackson_17.wav,0.3046773672103882,0.0554596446454525,1112.0246834025727,1001.6721083726584,2060.009765625,0.06724039713541667,-359.8059997558594,203.75172424316406,-49.72597122192383,29.97084617614746,46.30183029174805,-33.978885650634766,-18.07716941833496,-15.205721855163574,-24.191390991210938,10.3583402633667,-9.601597785949707,-31.465490341186523,-1.9491395950317383,-11.605908393859863,-17.474557876586914,11.082135200500488,-6.91018533706665,-17.381105422973633,11.893959045410156,-0.9172819256782532,-17.5062313079834,1.7893410921096802,-2.862781524658203,-13.5384521484375,-3.5828895568847656,-7.724693775177002,-10.851628303527832,-3.0884273052215576,-8.227766990661621,-7.750173568725586
6_george_41.wav,0.3479757606983185,0.034678421914577484,1686.601944645299,1177.4823602954204,3047.5815716911766,0.11115579044117647,-387.5562744140625,143.90338134765625,-92.52874755859375,27.32880973815918,39.25814437866211,-46.135345458984375,-13.8260498046875,-28.10415267944336,-51.79087448120117,-3.413705587387085,-28.923242568969727,-54.41743087768555,-2.481092691421509,-8.923544883728027,-31.293493270874023,-3.051398277282715,-8.127453804016113,-15.535929679870605,2.113694667816162,-9.83371353149414,-9.500643730163574,4.500002861022949,-12.189789772033691,-8.292072296142578,5.995199203491211,-11.552811622619629,-7.593952178955078,6.9303669929504395,-8.821951866149902,-8.119256019592285
0_nicolas_45.wav,0.24250490963459015,0.044755905866622925,828.7000957164657,1012.1343939643673,1961.572265625,0.037853422619047616,-379.30718994140625,210.6256103515625,-50.746337890625,42.838539123535156,36.11650848388672,-40.23125076293945,17.244050979614258,6.654427528381348,-33.272010803222656,7.9772419929504395,-7.668076515197754,-29.1049861907959,9.501561164855957,-0.9209322333335876,-11.41709041595459,15.96728515625,0.029182570055127144,-9.848153114318848,7.731836795806885,-4.363044738769531,-4.006229400634766,7.026419639587402,-9.129903793334961,-6.121324062347412,3.1251089572906494,-10.348929405212402,-4.091929912567139,5.182941913604736,-2.9940474033355713,2.8180339336395264
0_jackson_46.wav,0.3261535167694092,0.11782119423151016,703.0422644198676,782.3774992401707,1368.076171875,0.031722005208333334,-305.95220947265625,178.84075927734375,3.2047083377838135,14.956059455871582,22.941530227661133,-10.48663330078125,-7.368248462677002,-20.062715530395508,-27.636707305908203,-8.817106246948242,-19.619998931884766,-15.884018898010254,12.683701515197754,-3.797121524810791,-18.646467208862305,-2.076657295227051,-9.589761734008789,-13.912049293518066,-0.980487585067749,-11.934635162353516,-14.368511199951172,-1.7753772735595703,-13.372818946838379,-15.375946044921875,-0.35874131321907043,-7.145974159240723,-9.80546760559082,1.6645785570144653,-3.7996861934661865,-8.654749870300293
5_yweweler_36.wav,0.4884908199310303,0.006594656500965357,1514.249364354222,896.8639653375463,2396.8505859375,0.12941778273809523,-535.014404296875,188.52330017089844,-85.92404174804688,1.3645817041397095,22.373428344726562,-47.399166107177734,2.6085779666900635,5.1549224853515625,-33.21089172363281,8.295792579650879,9.970617294311523,-18.047874450683594,4.230404376983643,0.4800540506839752,-10.934232711791992,5.772567272186279,-6.625162124633789,-9.426753997802734,9.232842445373535,-7.626254081726074,-10.60404109954834,8.171435356140137,-6.401857852935791,-8.624229431152344,7.5625386238098145,-4.990510940551758,-7.526088714599609,4.390101432800293,-5.0880608558654785,-6.411962509155273
6_yweweler_33.wav,0.3731742203235626,0.014805838465690613,1310.4477028926435,1051.1382240470582,2518.30810546875,0.064599609375,-487.09375,176.1462860107422,-64.32444763183594,32.823787689208984,54.04888153076172,-41.10097122192383,-14.243448257446289,9.151704788208008,-21.708642959594727,-10.079504013061523,-10.567577362060547,-18.479101181030273,2.5135746002197266,-4.699126720428467,-11.25240707397461,6.474374294281006,-2.1464874744415283,-4.649145126342773,7.602973937988281,-5.930760860443115,-4.40654993057251,8.41984748840332,-8.795425415039062,-9.787467956542969,3.8168892860412598,-9.009482383728027,-10.267942428588867,0.9942021369934082,-6.366732120513916,-4.812259197235107
2_jackson_22.wav,0.2580198347568512,0.05136473849415779,961.0287858490459,852.2510064986362,1753.41796875,0.06057012648809524,-388.92120361328125,177.64451599121094,-29.44034767150879,33.07718276977539,43.53468322753906,-36.05702590942383,-29.57583999633789,-11.051908493041992,-15.362534523010254,-7.319582939147949,-25.202835083007812,-28.721012115478516,-5.6612396240234375,-15.000784873962402,-13.146645545959473,5.306527614593506,-13.346607208251953,-12.918990135192871,11.020280838012695,-5.62368631362915,-13.481528282165527,5.38372802734375,-3.2515628337860107,-11.154478073120117,-4.6053290367126465,-11.867149353027344,-8.543407440185547,-1.8529891967773438,-12.662287712097168,-6.624234199523926
0_jackson_17.wav,0.22183941304683685,0.1429184228181839,756.4470459166963,712.6397518853244,1430.5536684782608,0.03587805706521739,-284.30291748046875,192.7672576904297,-19.696823120117188,-6.178435802459717,10.493413925170898,-28.74559783935547,-16.494003295898438,-14.31317138671875,-28.06303596496582,-12.390278816223145,-17.3577880859375,-23.774198532104492,-2.7230172157287598,-7.09291410446167,-13.172810554504395,3.723007917404175,-4.722418308258057,-11.672599792480469,3.5851149559020996,-9.239133834838867,-21.599355697631836,-1.7335352897644043,0.2179957926273346,-11.416361808776855,-6.5364789962768555,-8.806139945983887,-13.306297302246094,-4.140345096588135,-3.165933609008789,-9.082385063171387
2_theo_39.wav,0.28673145174980164,0.006138064432889223,1294.222389294631,956.1394014721695,2303.155517578125,0.09232584635416667,-555.9418334960938,203.25848388671875,-73.7203369140625,41.920108795166016,48.69498825073242,-41.82129669189453,9.82712459564209,4.656430721282959,-35.34675979614258,2.434593439102173,-10.631863594055176,-25.72895050048828,7.573571681976318,-12.24100399017334,-16.8443546295166,15.282470703125,-5.703832626342773,-11.636637687683105,8.010419845581055,-11.538037300109863,-7.576563358306885,8.575886726379395,-13.827742576599121,-10.272700309753418,3.871485710144043,-11.861037254333496,-4.955502986907959,4.475576400756836,-9.65581226348877,-2.952228307723999
3_jackson_45.wav,0.2515205442905426,0.07885133475065231,866.6464067273029,998.7345412206773,2047.376953125,0.03478515625,-343.4398193359375,183.04705810546875,-37.350345611572266,42.50625991821289,49.89726257324219,-28.254589080810547,-7.714146614074707,-9.36108112335205,-30.49924087524414,-3.680457830429077,-17.79418182373047,-32.51396560668945,-4.084489822387695,-12.086775779724121,-16.996826171875,7.29095458984375,-4.49370813369751,-11.477834701538086,2.764355421066284,-10.112269401550293,-10.561575889587402,-0.5916532874107361,-19.706260681152344,-17.394390106201172,0.2245270162820816,-13.270878791809082,-14.728116035461426,-1.078108549118042,-9.672478675842285,-12.199398040771484
0_lucas_28.wav,0.5054576396942139,0.04468819126486778,1100.0227868962447,960.396379633657,2157.626953125,0.0612109375,-386.20147705078125,190.47923278808594,-46.217872619628906,15.424896240234375,48.01808166503906,-20.255468368530273,-4.447317600250244,8.371132850646973,-19.27429962158203,0.6441429257392883,7.455488204956055,-14.560314178466797,-2.134174108505249,4.282407760620117,-6.016505718231201,3.4527575969696045,2.8072099685668945,-6.44063663482666,-0.15947264432907104,-2.971931219100952,-6.7247748374938965,1.465518832206726,-4.916027069091797,-10.812756538391113,-0.0663125291466713,-1.2627613544464111,-8.810554504394531,-4.244429588317871,-2.748323678970337,-4.479931354522705
6_theo_35.wav,0.3448362946510315,0.004442880861461163,1761.6119833972687,1060.2858859381129,2877.91259765625,0.1555908203125,-558.175537109375,152.6332244873047,-72.02529907226562,30.917591094970703,34.91183853149414,-42.127952575683594,3.4114112854003906,0.8129234313964844,-27.466787338256836,11.089590072631836,-4.248745918273926,-24.688100814819336,12.570230484008789,6.444119453430176,-7.167645454406738,9.978053092956543,-4.133862495422363,-6.2175421714782715,8.774547576904297,-11.977807998657227,-12.456064224243164,6.882082939147949,-5.382332801818848,-5.65961217880249,4.269498825073242,-6.578282833099365,-2.7054030895233154,3.1373534202575684,-7.8066606521606445,-3.1710214614868164
0_theo_24.wav,0.29210755228996277,0.00420383270829916,910.9368880597045,943.1584074347671,1994.0879420230262,0.037674753289473686,-594.2098999023438,202.79592895507812,-43.9041748046875,34.66450500488281,48.61412048339844,-25.819442749023438,-0.4395778179168701,-6.5788984298706055,-30.538227081298828,3.630328416824341,-9.056008338928223,-24.4648380279541,9.546520233154297,-0.055449873208999634,-13.535555839538574,7.254337310791016,-4.3827033042907715,-11.480030059814453,3.5410914421081543,-7.5321149826049805,-8.123332977294922,0.6106756925582886,-15.07141399383545,-9.849672317504883,5.31125020980835,-5.8699116706848145,-4.62680721282959,1.751670479774475,-8.533169746398926,-4.473160743713379
2_jackson_8.wav,0.3146451711654663,0.04402311518788338,1131.3483483514472,953.5246578284995,1939.5263671875,0.07247488839285714,-378.9313659667969,185.53709411621094,-45.44270324707031,39.68152618408203,54.77564239501953,-30.068382263183594,-17.038862228393555,-11.146775245666504,-23.93009376525879,4.8386969566345215,-12.696416854858398,-32.28756332397461,-0.48250812292099,-7.143519878387451,-18.782493591308594,4.234102249145508,-8.36616039276123,-13.419593811035156,13.320697784423828,-4.609799385070801,-19.25688934326172,6.770342826843262,-1.2067315578460693,-17.07190704345703,0.1737116128206253,-1.2245627641677856,-11.04826831817627,-2.8775854110717773,-6.18625020980835,-7.7375712394714355
4_george_18.wav,0.31352946162223816,0.05997762829065323,1045.4290606901686,820.5721582989436,1795.0078125,0.0640234375,-358.4246826171875,143.89283752441406,-49.853668212890625,-10.206936836242676,12.321210861206055,-36.069305419921875,-19.199661254882812,-12.446907043457031,-37.351531982421875,-19.13030242919922,-10.211875915527344,-23.549135208129883,-10.30278205871582,-7.9078450202941895,-18.608407974243164,-5.630257606506348,-2.313363790512085,-13.586055755615234,-9.715727806091309,-8.272976875305176,-12.675459861755371,-10.029350280761719,-11.114962577819824,-9.21240234375,-1.5156638622283936,-3.964526414871216,-6.160599231719971,-2.013498306274414,-2.239626407623291,-0.11051040887832642
4_lucas_28.wav,0.47300925850868225,0.049435894936323166,1070.4850364636497,734.5911203368262,1691.5987454927886,0.08199368990384616,-389.6633605957031,188.15817260742188,-16.436267852783203,22.000064849853516,13.40904426574707,-54.13166809082031,-8.291534423828125,18.006452560424805,-16.625913619995117,1.62823486328125,15.111993789672852,-8.028301239013672,-3.867513418197632,0.3201845586299896,-6.267032146453857,2.5450658798217773,-3.151956081390381,-11.541102409362793,0.5449376702308655,-3.778778314590454,-13.318700790405273,-1.9521241188049316,-1.1789283752441406,-8.074636459350586,-2.215404748916626,-2.837648868560791,-6.025010108947754,-0.8459810018539429,-3.138685464859009,-6.537336349487305
6_nicolas_37.wav,0.40873146057128906,0.034738168120384216,949.785894292017,1086.8376008019322,2454.78515625,0.043294270833333336,-378.0970458984375,231.33050537109375,-59.37261199951172,61.91481018066406,46.60405731201172,-55.578250885009766,4.7821574211120605,-4.007999897003174,-48.23919677734375,0.24796713888645172,-6.935730934143066,-25.747379302978516,12.08529281616211,-1.5371325016021729,-16.182636260986328,10.487367630004883,0.27333492040634155,-7.0139594078063965,4.713601112365723,-8.296932220458984,-4.943530082702637,3.2918829917907715,-10.13360595703125,-0.04722682759165764,6.244112014770508,-9.03676986694336,1.6729378700256348,7.5146484375,-6.904871463775635,-0.6588606834411621
0_jackson_45.wav,0.313466340303421,0.1203688532114029,695.019815404988,761.1142888077441,1311.297817887931,0.041318696120689655,-300.6888427734375,189.12925720214844,2.556029796600342,21.426437377929688,20.412622451782227,-23.081111907958984,-8.126325607299805,-14.037137031555176,-26.732315063476562,-7.647440433502197,-18.339031219482422,-17.31245231628418,11.834551811218262,-4.398082256317139,-18.27512550354004,0.5181416869163513,-8.533580780029297,-13.334218978881836,1.1637017726898193,-12.434165954589844,-17.108985900878906,-4.079290390014648,-16.921192169189453,-18.165040969848633,-0.5749170780181885,-7.844890117645264,-10.07332992553711,2.6612679958343506,-5.205989360809326,-10.963345527648926
6_lucas_30.wav,0.5150120258331299,0.02563684619963169,1687.1778798798614,1005.5401970563448,2819.05517578125,0.15073649088541666,-399.9080810546875,167.0064697265625,-78.79059600830078,26.36365509033203,46.734771728515625,-44.07194137573242,-2.6994922161102295,14.368492126464844,-26.672866821289062,0.8201578259468079,7.9240570068359375,-15.588462829589844,3.064995765686035,3.433314561843872,-8.002422332763672,6.665124416351318,-0.04652750492095947,-6.106960773468018,7.746148586273193,-2.2715113162994385,-7.7991509437561035,2.9998557567596436,-6.246952056884766,-6.525350093841553,4.985854625701904,-3.924239158630371,-4.31026029586792,4.48365592956543,-4.003036975860596,-5.0767340660095215
7_george_24.wav,0.3203777074813843,0.03885408863425255,1643.2894910338212,1073.8502424604085,2930.82275390625,0.11181640625,-388.89453125,152.4350128173828,-97.52591705322266,12.657598495483398,32.76229476928711,-44.7595100402832,-11.102202415466309,-27.38838005065918,-50.689449310302734,9.157204627990723,-7.559068202972412,-42.604976654052734,0.6472033262252808,-2.4979493618011475,-25.85764503479004,-3.128509759902954,-11.83605670928955,-23.47513198852539,-4.172648906707764,-11.374994277954102,-15.769766807556152,-4.549499034881592,-13.351553916931152,-7.887322902679443,0.38079848885536194,-15.358390808105469,-6.417407035827637,7.041054725646973,-10.01906681060791,-8.296082496643066
1_jackson_19.wav,0.26012250781059265,0.05878440663218498,680.559320768024,741.5898133612096,1109.9853515625,0.03329613095238095,-369.2134704589844,211.09768676757812,-8.814865112304688,13.803112030029297,9.990323066711426,-50.13164520263672,-11.912205696105957,10.28297233581543,-26.34994125366211,-15.862939834594727,-1.2971689701080322,-16.824222564697266,-8.356736183166504,-0.7438794374465942,-10.182989120483398,-4.907123565673828,-3.2132139205932617,-11.401056289672852,-9.015604019165039,-9.694722175598145,-13.771635055541992,-8.027740478515625,-5.0598835945129395,-7.686336517333984,-8.801129341125488,-10.059944152832031,-8.074790000915527,-5.940118789672852,-7.8097615242004395,-5.174437046051025
1_jackson_31.wav,0.2566055357456207,0.07963872700929642,659.2056564164825,720.9599412231958,974.1433848505435,0.03451936141304348,-346.04071044921875,201.4622039794922,-3.0276753902435303,11.85387134552002,5.413127899169922,-50.04649353027344,-13.422242164611816,8.957230567932129,-25.7281551361084,-19.742355346679688,-3.8338663578033447,-13.618812561035156,-12.388995170593262,-9.547270774841309,-8.808052062988281,-1.7233645915985107,-7.686895847320557,-12.08260440826416,-4.959430694580078,-10.470218658447266,-14.15302562713623,-6.072397708892822,-9.593464851379395,-12.661844253540039,-5.492164134979248,-8.069835662841797,-10.33263874053955,-2.1743083000183105,-2.544764757156372,-8.2495698928833
5_theo_32.wav,0.2916710078716278,0.00436021201312542,1081.6877881729035,859.4985422855933,1909.0884560032894,0.06494140625,-571.0615234375,235.9699249267578,-80.19720458984375,3.2654550075531006,28.779251098632812,-42.32390213012695,-1.8396457433700562,-1.1634280681610107,-26.294092178344727,14.359230041503906,9.790382385253906,-6.206552028656006,10.330521583557129,-11.959707260131836,-9.827001571655273,15.982400894165039,-17.581375122070312,-25.810470581054688,4.1389479637146,-10.317573547363281,-11.556297302246094,7.2125091552734375,-8.99865436553955,-7.8803887367248535,5.807656288146973,-8.5746431350708,-6.236916542053223,1.0480133295059204,-9.415581703186035,0.6191043853759766
6_yweweler_9.wav,0.3952617645263672,0.007914416491985321,1696.7140157790675,1106.8793585528927,2890.234375,0.12491861979166667,-541.3642578125,156.38873291015625,-77.45951080322266,35.299110412597656,50.88243103027344,-43.63898468017578,-4.95328426361084,10.048300743103027,-24.242717742919922,0.8085610866546631,-5.4041876792907715,-23.092451095581055,9.09958267211914,4.884467124938965,-12.655268669128418,5.581274032592773,2.367401599884033,-2.7813329696655273,7.155363082885742,-5.9305291175842285,-6.196624755859375,5.765965461730957,-8.197427749633789,-6.826358795166016,5.661444664001465,-6.558351993560791,-5.906777858734131,2.932164192199707,-6.782782554626465,-2.3902363777160645
6_jackson_48.wav,0.3580484986305237,0.0862928256392479,1611.0814957014245,1085.9516767749403,2702.4169921875,0.13789876302083334,-334.07171630859375,122.20684051513672,-39.66822814941406,24.67877960205078,26.20902442932129,-36.00413131713867,-14.156280517578125,-12.53526782989502,-27.46435546875,1.1776303052902222,-4.058238983154297,-17.853330612182617,4.013939380645752,4.091577053070068,-2.5637457370758057,-2.0662500858306885,-17.3331298828125,-5.663511276245117,10.353804588317871,-15.186009407043457,-18.59568214416504,-0.4837869703769684,-12.489184379577637,-12.321701049804688,1.8571847677230835,-7.161102294921875,-6.347650051116943,3.0050840377807617,-4.327023983001709,-2.437023639678955
2_george_34.wav,0.2364320158958435,0.03863735869526863,812.8527504409694,842.1977816319838,1580.89599609375,0.03209092881944445,-411.2194519042969,168.44126892089844,-43.042022705078125,2.724013328552246,13.251803398132324,-38.989105224609375,-6.918717861175537,-4.433593273162842,-37.19159698486328,-19.764738082885742,-23.662879943847656,-39.355106353759766,-16.005828857421875,-16.77409553527832,-26.750953674316406,-5.777242660522461,-6.4738993644714355,-18.078187942504883,-8.339885711669922,-12.045231819152832,-19.73328399658203,-10.40965461730957,-6.821089267730713,-5.399240493774414,-2.5766563415527344,-8.151909828186035,-7.7738823890686035,-4.8285932540893555,-7.851199626922607,-3.8173625469207764
3_yweweler_22.wav,0.299603670835495,0.0118520837277174,1127.4816316149527,1013.1125641139316,2363.683143028846,0.04300631009615385,-509.8014221191406,192.7646484375,-60.137081146240234,35.57078552246094,51.66637420654297,-44.26525115966797,-10.02033519744873,5.8382720947265625,-35.475135803222656,-12.835444450378418,-6.633602619171143,-24.654041290283203,-4.107251167297363,-7.527318954467773,-17.979341506958008,4.192580699920654,-0.6174364686012268,-10.306716918945312,6.300790786743164,0.8808467388153076,-7.133116722106934,1.2417628765106201,-7.625060558319092,-10.993760108947754,-2.9068543910980225,-10.69325065612793,-8.350156784057617,1.6285159587860107,-7.1852569580078125,-7.235560894012451
6_lucas_33.wav,0.5123688578605652,0.009754898026585579,1677.2540633965305,1095.6202493928874,2911.739757449128,0.1568404796511628,-539.2505493164062,118.1385269165039,-44.74916076660156,20.254209518432617,29.3708438873291,-28.10367202758789,1.0446679592132568,7.220065593719482,-20.919696807861328,2.537325859069824,6.999633312225342,-13.079734802246094,-0.5294411182403564,2.8143672943115234,-3.945594549179077,4.198559284210205,-2.204679250717163,-7.007752895355225,2.908573865890503,-1.9892563819885254,-4.75137996673584,1.8177332878112793,-3.2026045322418213,-1.767903208732605,2.9695239067077637,-5.797734260559082,-3.953794240951538,2.6469452381134033,-4.28530216217041,-2.6329870223999023
1_jackson_48.wav,0.25009340047836304,0.07588426768779755,703.4214313392632,851.5102307503984,1316.424091045673,0.03318434495192308,-361.1789855957031,201.62432861328125,-12.511943817138672,29.688039779663086,14.240751266479492,-35.39592742919922,12.867677688598633,-0.6328728795051575,-36.234004974365234,0.5265073776245117,-4.164916515350342,-22.868635177612305,2.3904244899749756,-7.276493549346924,-19.40008544921875,-1.9713187217712402,-13.763070106506348,-18.25189971923828,-2.797682523727417,-14.240707397460938,-13.035832405090332,-0.16560810804367065,-15.61128044128418,-15.831052780151367,-4.253205299377441,-17.091060638427734,-15.257627487182617,-1.0000274181365967,-6.579483509063721,-5.96319055557251
9_yweweler_12.wav,0.3816547691822052,0.00680986512452364,1059.401787898418,882.6338693695164,1953.8215188419117,0.06002987132352941,-537.9282836914062,229.34698486328125,-74.33810424804688,-1.9330731630325317,23.361204147338867,-40.47170639038086,10.288217544555664,10.505631446838379,-33.787452697753906,4.4366583824157715,8.096325874328613,-19.523237228393555,2.360780715942383,-1.3595616817474365,-15.185894966125488,1.633684754371643,-10.17822551727295,-17.661609649658203,2.6546807289123535,-6.213343620300293,-11.671175003051758,2.8778421878814697,-5.466603755950928,-6.209780693054199,3.799891233444214,-8.473481178283691,-7.937872409820557,3.1895008087158203,-6.223639011383057,-6.011013031005859
1_jackson_7.wav,0.29428496956825256,0.060260213911533356,703.4771210393602,779.384455632699,1161.931640625,0.0350390625,-349.95343017578125,212.37103271484375,-9.654521942138672,12.479475975036621,13.54826545715332,-36.33077621459961,-2.8786826133728027,3.564095973968506,-25.045726776123047,-1.5278234481811523,-0.10923358052968979,-22.097394943237305,-2.269185781478882,1.5742628574371338,-16.357036590576172,-8.660726547241211,-8.950961112976074,-13.524687767028809,-0.10584181547164917,-4.419440746307373,-11.860989570617676,-2.180171251296997,-9.519075393676758,-15.59752082824707,-2.70090389251709,-8.23597240447998,-16.073375701904297,-3.500990390777588,-3.498075485229492,-8.661787986755371
6_theo_49.wav,0.339425265789032,0.004634391982108355,1662.1219868550204,1076.8814859867668,2828.7451171875,0.14905598958333333,-563.2058715820312,167.0292205810547,-70.9386215209961,33.90496826171875,39.591758728027344,-42.49933624267578,-2.501641273498535,-3.146124839782715,-26.662208557128906,9.633587837219238,-6.991823196411133,-23.88248634338379,11.07706356048584,2.236872911453247,-5.819040775299072,13.413084030151367,-4.007584095001221,-5.816558361053467,8.33139419555664,-15.624746322631836,-17.16014862060547,1.1772160530090332,-10.078432083129883,-5.786284923553467,6.591773986816406,-4.228138446807861,-0.01710919477045536,5.691860675811768,-4.210693836212158,1.3278082609176636
3_george_35.wav,0.3356195390224457,0.035655077546834946,1306.3726455785536,1117.3454842139986,2663.3880615234375,0.059478759765625,-391.84295654296875,173.63690185546875,-87.10385131835938,34.49875259399414,46.8437385559082,-53.230472564697266,-16.749536514282227,-16.40251922607422,-50.05950164794922,-10.745394706726074,-22.347631454467773,-42.49451446533203,-1.0901856422424316,-11.942678451538086,-32.64384841918945,-2.9770326614379883,-9.70970344543457,-21.26961898803711,-1.3132929801940918,-11.493866920471191,-19.27061653137207,-7.707637310028076,-18.47940444946289,-13.40804672241211,2.8608410358428955,-10.901055335998535,-9.27311897277832,6.406133651733398,-3.931781053543091,-6.5405426025390625
6_yweweler_31.wav,0.3402644097805023,0.011031059548258781,1148.9812942872823,1011.6223288189849,2427.86865234375,0.049267578125,-510.0599060058594,188.95852661132812,-59.72101974487305,36.564842224121094,55.75334548950195,-45.19553756713867,-18.342721939086914,8.175043106079102,-23.97836685180664,-13.393264770507812,-13.196708679199219,-21.844112396240234,0.34854117035865784,-5.477933406829834,-14.07280445098877,4.137251853942871,-1.3383724689483643,-3.850339889526367,7.844422340393066,-4.9807868003845215,-3.7860591411590576,8.147331237792969,-10.824707984924316,-12.635403633117676,2.7852494716644287,-10.466211318969727,-12.703653335571289,1.7071540355682373,-5.691618919372559,-8.146818161010742
8_yweweler_39.wav,0.34001660346984863,0.00930315162986517,1279.000314631874,1174.7058080909487,2653.2943725585938,0.07086181640625,-542.982421875,183.9964599609375,-60.643089294433594,50.90657043457031,42.288307189941406,-58.15949630737305,-4.458297252655029,9.319196701049805,-29.970870971679688,-1.743039608001709,-8.371191024780273,-24.48187255859375,8.495906829833984,-1.0379397869110107,-15.323184967041016,8.21722412109375,-1.0985900163650513,-9.69467830657959,4.4576239585876465,-5.5103888511657715,-6.735657215118408,-0.1201837956905365,-14.482795715332031,-8.679643630981445,-1.010991096496582,-16.652362823486328,-8.056321144104004,2.478971481323242,-11.655174255371094,-6.440884590148926
2_nicolas_27.wav,0.2305779606103897,0.04468821734189987,879.2039176506249,1110.8255657214447,2039.7816051136363,0.03599964488636364,-377.52081298828125,179.4960479736328,-37.49729919433594,46.60032653808594,37.983680725097656,-26.615406036376953,20.313928604125977,3.422276496887207,-36.825279235839844,-2.3009226322174072,-11.954303741455078,-26.35441780090332,6.809539318084717,-4.040842056274414,-14.667611122131348,9.213960647583008,-3.275597333908081,-11.448081016540527,5.867060661315918,-2.336010217666626,-2.426985025405884,9.036014556884766,-2.2145440578460693,-0.9006259441375732,5.1456146240234375,-7.536302089691162,-2.5818634033203125,4.911287307739258,-5.5814900398254395,-2.255215644836426
7_yweweler_36.wav,0.3034968078136444,0.007194975856691599,858.0994960410369,872.3069545997247,1768.71337890625,0.03835720486111111,-560.9182739257812,209.7529296875,-51.947059631347656,20.28825569152832,36.716590881347656,-36.52234649658203,-1.8283329010009766,-1.1152065992355347,-33.98482131958008,7.292083740234375,10.190184593200684,-22.716108322143555,-4.03059720993042,2.5292680263519287,-7.725798606872559,-0.25736838579177856,-10.471674919128418,-11.841389656066895,4.256089687347412,-5.633405685424805,-8.960470199584961,-0.7124664783477783,-13.705591201782227,-11.344414710998535,0.2958934009075165,-12.028386116027832,-8.762428283691406,4.86307954788208,-4.919424057006836,-5.762821197509766
7_lucas_25.wav,0.5233851671218872,0.038959961384534836,1218.4242519249924,970.1457129051093,2379.4189453125,0.08898344494047619,-390.6515197753906,180.7124786376953,-49.04425811767578,23.29952049255371,48.646820068359375,-30.3900089263916,-7.808959007263184,10.270118713378906,-26.8798885345459,-7.991451263427734,14.435182571411133,-3.31011700630188,-4.822245121002197,-0.8825908899307251,-0.778870701789856,5.007557392120361,-4.55944299697876,-7.870906829833984,4.898039817810059,-0.7172192335128784,-7.8882155418396,-2.448352575302124,-7.275532245635986,-7.496075630187988,1.3789271116256714,-2.8780343532562256,-5.787095546722412,-1.2709195613861084,-3.577296257019043,-2.65214204788208
1_lucas_36.wav,0.6649205088615417,0.02366659790277481,747.7953353068201,1009.1936872744465,1825.9483337402344,0.0177001953125,-525.7481079101562,114.7713623046875,-7.9193620681762695,12.993178367614746,24.55136489868164,-11.899148941040039,-0.2961808443069458,15.25566291809082,-4.456654071807861,-5.486390113830566,8.10650634765625,7.426540851593018,3.506904125213623,-0.32841718196868896,-1.3350324630737305,2.6421425342559814,0.375712513923645,-0.7047182321548462,3.7167344093322754,0.25029975175857544,-2.4083149433135986,2.052274227142334,0.02392275631427765,-2.692089080810547,0.33656513690948486,-0.5735079050064087,-0.7748891115188599,2.454558849334717,0.4627372622489929,-0.32886558771133423
8_george_39.wav,0.2207934856414795,0.02474369667470455,1339.7498386356524,1134.670106012981,2799.31640625,0.049967447916666664,-439.3092041015625,151.25648498535156,-67.60517883300781,46.46327209472656,41.03110885620117,-50.91487503051758,-13.0668363571167,-9.453441619873047,-40.65480422973633,-10.88761043548584,-21.409177780151367,-35.857696533203125,2.8149216175079346,-10.050858497619629,-32.1080207824707,0.7466239929199219,-1.0685652494430542,-21.853120803833008,-6.680114269256592,-4.624143123626709,-10.022027015686035,-3.438556671142578,-7.912068843841553,-3.3646700382232666,3.822801351547241,-7.599281311035156,-0.9357813000679016,10.602972984313965,-4.087373733520508,-5.5680623054504395
1_theo_6.wav,0.32149389386177063,0.005184778943657875,843.8347494071406,803.3287090561216,1424.42138671875,0.043212890625,-566.3494873046875,248.5969696044922,-49.24329376220703,7.4545578956604,15.313603401184082,-50.13224411010742,4.89818811416626,12.445104598999023,-31.661426544189453,-0.3957914412021637,8.04336166381836,-13.531575202941895,1.6946442127227783,-3.146390438079834,-9.837483406066895,6.2737531661987305,-7.595719337463379,-14.547430038452148,-0.5225353240966797,-15.11890983581543,-16.56142807006836,2.7040886878967285,-6.9889397621154785,-8.045379638671875,6.486002445220947,-5.963911533355713,-11.600909233093262,2.059863567352295,0.037698231637477875,-3.2040011882781982
3_george_31.wav,0.2748575508594513,0.04111499711871147,1615.0111620756186,1168.3583673168323,3011.956787109375,0.08894856770833333,-392.2617492675781,152.61329650878906,-93.23687744140625,52.49234390258789,54.89812088012695,-54.801395416259766,-11.287325859069824,-5.2850494384765625,-41.714019775390625,-7.023593425750732,-21.340368270874023,-38.647884368896484,6.225879192352295,-8.577981948852539,-33.68867492675781,-1.3771629333496094,-6.259947299957275,-21.9671630859375,-4.839375019073486,-10.726994514465332,-12.266142845153809,-1.0746320486068726,-17.580968856811523,-15.0979642868042,2.2705700397491455,-12.39434814453125,-12.5186185836792,3.668416976928711,-6.977790355682373,-11.16379451751709
9_lucas_33.wav,0.4654370844364166,0.04466773942112923,863.8560120404998,833.569336471036,1949.139404296875,0.056431361607142856,-380.4330139160156,208.7294921875,-32.69812774658203,16.0460262298584,48.68109893798828,-25.58319091796875,-14.079071998596191,14.19929027557373,-17.150007247924805,-13.38176441192627,10.883683204650879,-0.9147536158561707,-11.135465621948242,-3.11206316947937,2.7893226146698,-3.6308789253234863,-14.966519355773926,-6.7956109046936035,5.057830333709717,-6.412548065185547,-10.985610961914062,-1.1528044939041138,-5.234194278717041,-7.780354976654053,-1.3193737268447876,-6.415234088897705,-9.638100624084473,-4.069642543792725,-5.895402431488037,-6.064184665679932
3_theo_25.wav,0.21232785284519196,0.04674158990383148,1426.560850635416,1116.5027553398656,2749.7900390625,0.06546875,-406.4453125,138.0415496826172,-84.32452392578125,46.640586853027344,41.45560073852539,-67.46438598632812,-14.906059265136719,0.8742563128471375,-37.113197326660156,-8.97370433807373,-16.231523513793945,-29.681028366088867,-1.4541913270950317,-16.129064559936523,-18.20903778076172,9.899191856384277,-12.694252967834473,-20.16765785217285,2.3504209518432617,-14.018381118774414,-15.224936485290527,4.4197306632995605,-2.8774611949920654,4.076509952545166,10.277968406677246,-8.858277320861816,1.9894932508468628,20.92525863647461,16.795591354370117,25.8386287689209
2_lucas_48.wav,0.3933676481246948,0.038403306156396866,1061.5227952254897,917.726558373169,2108.5975060096152,0.0654296875,-414.2334289550781,171.46420288085938,-41.04756546020508,23.693199157714844,59.21968460083008,-14.774065017700195,-13.599786758422852,1.1481140851974487,-19.633739471435547,-1.7803796529769897,5.709589004516602,-17.813676834106445,-10.10538101196289,-0.2103271782398224,-6.86806058883667,2.499148368835449,2.1685526371002197,-11.028118133544922,-2.835146427154541,3.662569522857666,-6.169067859649658,-8.459860801696777,-7.131746292114258,-7.549338340759277,-2.9941089153289795,-3.1881420612335205,-7.4183268547058105,-5.268799781799316,-2.5026583671569824,-3.673731803894043
5_lucas_22.wav,0.5153321623802185,0.06290680170059204,1265.4449141216044,899.2542153673961,2368.2216796875,0.10693359375,-338.11639404296875,190.5637664794922,-62.55683517456055,6.822168350219727,38.29798126220703,-37.44611358642578,-12.820735931396484,7.963005542755127,-22.850601196289062,-2.555861234664917,9.87255573272705,-8.376272201538086,0.49783751368522644,-1.9799606800079346,-12.096632957458496,2.8552310466766357,-2.1332783699035645,-12.319548606872559,2.941744327545166,-2.025954246520996,-14.617568016052246,-1.90384840965271,0.05240578576922417,-7.253735542297363,-2.5005218982696533,-4.671689987182617,-5.103043079376221,2.1505136489868164,-4.638296127319336,-8.58917236328125
4_yweweler_7.wav,0.4475073218345642,0.011576334945857525,850.4229573312172,636.510786856443,1258.795166015625,0.058064778645833336,-507.5614318847656,223.1348114013672,-29.655075073242188,-19.718185424804688,-9.972171783447266,-45.189849853515625,-1.4356075525283813,6.077968597412109,-24.436073303222656,0.19257771968841553,1.4422496557235718,-22.05956268310547,0.5455484390258789,9.560884475708008,-9.293414115905762,-6.248982906341553,-4.955745220184326,-7.648705959320068,0.20845840871334076,-7.346025466918945,-14.032549858093262,-5.148118495941162,-7.220458984375,-7.623464107513428,0.2699744403362274,-5.637843608856201,-8.1597900390625,-2.0298616886138916,-6.6169114112854,-5.980006694793701
8_theo_48.wav,0.4707476794719696,0.003732504555955529,1516.6234066219947,1210.1473559783121,2990.0390625,0.1112060546875,-601.4348754882812,133.8657989501953,-46.109561920166016,32.89002227783203,33.02295684814453,-33.76701354980469,3.105297803878784,7.083980083465576,-20.58760643005371,2.8874075412750244,-6.39523458480835,-19.954195022583008,7.917840003967285,0.4307086169719696,-9.892539024353027,11.766908645629883,3.700995683670044,-7.401616096496582,2.5121006965637207,-4.7542266845703125,-5.156096458435059,2.5883138179779053,-8.02485179901123,-4.3796820640563965,5.058054447174072,-4.1989665031433105,0.32433655858039856,7.198105335235596,-3.670869827270508,-2.5992350578308105
9_yweweler_44.wav,0.356798380613327,0.01243564672768116,1030.1810355794419,889.6301483746759,2028.427734375,0.05263671875,-511.41290283203125,219.91175842285156,-67.82361602783203,4.229275226593018,27.572872161865234,-39.24945831298828,11.129481315612793,16.373369216918945,-33.50455093383789,-1.4219231605529785,9.51817798614502,-17.3767032623291,-0.39450910687446594,-1.1792187690734863,-18.34891128540039,-5.1536545753479,-6.390384197235107,-10.608884811401367,0.7883975505828857,-9.510750770568848,-13.01409912109375,1.7062398195266724,-3.9123291969299316,-5.984803199768066,1.3125969171524048,-7.942112922668457,-6.361567497253418,3.6934025287628174,-3.886164903640747,-4.391720771789551
4_nicolas_13.wav,0.38179516792297363,0.04711449518799782,844.0221425105567,919.252807967954,1570.48828125,0.046484375,-346.9563293457031,230.14273071289062,-34.793453216552734,31.010398864746094,6.260586738586426,-64.19625091552734,0.8511118292808533,1.4943642616271973,-28.168243408203125,16.79443359375,3.440450429916382,-22.47867774963379,9.228663444519043,-1.2649562358856201,-13.349248886108398,11.116745948791504,-2.428453207015991,-11.343430519104004,2.959561347961426,-11.88778305053711,-12.371808052062988,2.498997688293457,-8.534175872802734,-5.173530578613281,5.0682373046875,-5.221887588500977,0.2921864092350006,6.2988810539245605,-4.5117998123168945,0.4081381857395172
3_yweweler_34.wav,0.3726731240749359,0.00706708338111639,1204.564085117788,964.3270013509837,2412.985409007353,0.07186351102941177,-566.5059204101562,173.77047729492188,-59.3902473449707,23.918251037597656,51.4380989074707,-35.481834411621094,-15.5892333984375,9.101845741271973,-19.85796546936035,-9.932732582092285,-5.025149345397949,-16.17877197265625,-2.787569046020508,-5.4680094718933105,-9.102932929992676,8.925518989562988,2.0226051807403564,-7.140941143035889,4.654889106750488,-1.134753942489624,-5.726791858673096,2.111111640930176,-7.931363105773926,-10.2463960647583,0.5322808623313904,-7.281610012054443,-9.1759033203125,1.4054633378982544,-3.7419140338897705,-6.789346218109131
8_jackson_45.wav,0.2795222997665405,0.08587010204792023,1375.6873617599565,1188.9252938512584,2867.8826583059213,0.07591488486842106,-319.7704772949219,139.46987915039062,-39.91913986206055,65.2354507446289,43.624942779541016,-56.028968811035156,-5.564325332641602,4.8619608879089355,-42.864501953125,-21.872840881347656,-17.275028228759766,-26.269685745239258,-3.23209285736084,-12.8617582321167,-18.856990814208984,3.5404410362243652,-7.972949981689453,-14.852956771850586,2.128471851348877,-4.456897735595703,-5.72055196762085,2.377626895904541,-8.119592666625977,-7.753884792327881,-5.847226619720459,-14.798495292663574,-3.291841983795166,-0.10204199701547623,-15.909006118774414,-7.833128452301025
7_george_19.wav,0.26061415672302246,0.048139795660972595,1113.2559168406756,917.5893016229749,2036.9581956129807,0.05491286057692308,-379.2344055175781,162.45474243164062,-74.30516052246094,3.9174933433532715,35.3282470703125,-34.71369934082031,-27.29575538635254,-34.933921813964844,-45.36643600463867,-0.5181044340133667,-12.922029495239258,-38.929405212402344,-2.7346410751342773,-2.867003917694092,-24.589853286743164,-7.152073383331299,-11.214192390441895,-22.33424186706543,-6.176682472229004,-8.661675453186035,-12.696943283081055,-3.5522313117980957,-14.440649032592773,-14.28377914428711,-0.41016915440559387,-12.418068885803223,-14.442412376403809,2.8583552837371826,-2.191192626953125,-7.498508930206299
2_jackson_21.wav,0.323326051235199,0.042621199041604996,973.8148179347829,860.670145592486,1810.8078002929688,0.0642852783203125,-419.7294006347656,140.32296752929688,-3.716689109802246,20.953746795654297,21.003753662109375,-24.73889923095703,-11.423011779785156,-4.568908214569092,-20.89642333984375,-11.72144889831543,-11.73455810546875,-18.45630645751953,-6.937909126281738,-7.581103324890137,-9.118963241577148,1.0508219003677368,-7.45036506652832,-11.8685941696167,2.992739200592041,-0.38118067383766174,-9.252573013305664,-2.7837915420532227,-5.160799980163574,-10.564105987548828,-5.912445068359375,-6.510992527008057,-7.581149101257324,-4.763631343841553,-7.438963890075684,-5.50562047958374
5_nicolas_11.wav,0.43438488245010376,0.03283245116472244,1200.8380689804324,1032.712357231798,2328.662109375,0.07042875744047619,-367.0982971191406,231.07962036132812,-90.17015838623047,23.93949317932129,33.16477966308594,-49.1793098449707,15.4232816696167,6.626170635223389,-36.04402542114258,14.853053092956543,3.335073947906494,-22.546464920043945,12.414259910583496,-4.393400192260742,-18.02353286743164,12.350135803222656,-1.6364835500717163,-8.515195846557617,9.513468742370605,-8.334047317504883,-8.844985961914062,6.848874568939209,-7.856650352478027,-4.277071952819824,7.405473232269287,-4.132627964019775,0.9544549584388733,5.931386470794678,-4.671611785888672,0.925951361656189
9_jackson_23.wav,0.36807647347450256,0.040869444608688354,657.9351438331776,717.5557871661271,1189.111328125,0.035825376157407406,-391.4447937011719,242.63357543945312,-27.812862396240234,17.18021011352539,37.892642974853516,-26.80419921875,-12.107714653015137,-8.440340995788574,-22.02706527709961,6.916189670562744,-4.3262810707092285,-24.93272590637207,2.5221588611602783,1.8495888710021973,-15.714942932128906,-7.674868583679199,-13.45470142364502,-13.677532196044922,1.671519160270691,-8.055922508239746,-12.522822380065918,-2.9381392002105713,-12.968649864196777,-12.685855865478516,-2.7363297939300537,-13.734171867370605,-12.42409896850586,-0.4035753011703491,-7.388492107391357,-4.732272624969482
4_yweweler_34.wav,0.34926116466522217,0.009579680860042572,665.1546795703061,618.0409611747175,1006.3605813419117,0.03644875919117647,-549.21142578125,224.4161834716797,0.28890520334243774,2.0089690685272217,-11.977595329284668,-53.341835021972656,-2.231097459793091,9.50658130645752,-25.285879135131836,-6.139421463012695,-1.8115724325180054,-20.129898071289062,-1.5291787385940552,2.928809404373169,-10.81566333770752,-2.0843961238861084,-2.5495617389678955,-8.603567123413086,-0.09210953861474991,-4.640491008758545,-10.170377731323242,-3.145632266998291,-7.728250026702881,-9.448250770568848,-0.5086373686790466,-4.343241214752197,-7.47527551651001,-1.2109137773513794,-1.9482505321502686,-2.370387554168701
6_george_45.wav,0.30430638790130615,0.03500465676188469,1850.1839131810584,1102.4050059701422,3163.8427734375,0.13344029017857142,-392.56756591796875,132.03564453125,-98.62957763671875,29.872119903564453,45.05023956298828,-50.027366638183594,-18.092056274414062,-23.116525650024414,-46.57114791870117,-2.310695171356201,-27.950422286987305,-52.07953643798828,2.808483600616455,-3.9679477214813232,-31.52876853942871,-3.555135726928711,-6.701784610748291,-17.176694869995117,-0.9866335988044739,-10.475847244262695,-8.231282234191895,7.46954870223999,-10.227598190307617,-9.375588417053223,6.647000789642334,-9.227627754211426,-9.156617164611816,5.344775199890137,-5.735300064086914,-5.739235877990723
6_nicolas_24.wav,0.48713138699531555,0.02668360434472561,1246.3417371426565,1216.8529028538485,2761.63330078125,0.05894252232142857,-385.4684143066406,197.1073455810547,-62.791282653808594,51.68706512451172,43.400611877441406,-43.38610076904297,9.422049522399902,-0.13722848892211914,-38.73413848876953,6.217601299285889,-4.620998382568359,-25.827035903930664,12.80726432800293,4.59183406829834,-9.9630126953125,12.610529899597168,-0.16934524476528168,-7.4487624168396,7.9972686767578125,-5.4282965660095215,-7.103772163391113,2.530141830444336,-9.051867485046387,-1.4573984146118164,7.262106895446777,-5.987362384796143,0.5650476217269897,5.244469165802002,-5.71722936630249,3.244325637817383
6_george_35.wav,0.3036349415779114,0.02333417907357216,1871.8153194970494,1114.1228494203147,3163.976520040761,0.14357591711956522,-416.0749816894531,132.6270751953125,-99.58338165283203,29.0767822265625,45.63241958618164,-47.570655822753906,-15.32992935180664,-21.36472511291504,-46.208534240722656,-1.9026031494140625,-22.601882934570312,-44.827335357666016,1.8766064643859863,-7.960549831390381,-27.10760498046875,2.124542474746704,-7.991835117340088,-16.654634475708008,3.74927020072937,-12.375158309936523,-15.67859172821045,5.016563892364502,-9.707141876220703,-12.524560928344727,3.907364845275879,-7.203701019287109,-7.043083667755127,4.169098854064941,-6.9379801750183105,-5.479660511016846
1_lucas_23.wav,0.5210286974906921,0.03344873711466789,1140.4417717235483,875.4052465633628,2087.0207134046054,0.062088815789473686,-455.1159973144531,176.59889221191406,-35.828861236572266,15.70849609375,33.65048599243164,-34.1024169921875,-6.018215656280518,20.645118713378906,-12.926509857177734,-5.389776706695557,11.021356582641602,-3.404548168182373,-3.1234774589538574,0.1748696118593216,-4.248197078704834,-0.9824061393737793,-6.534465789794922,-9.299975395202637,2.1274826526641846,-1.3769967555999756,-10.28640079498291,-5.380691051483154,-4.734655857086182,-6.211137294769287,-3.3467276096343994,-6.887696266174316,-7.551095485687256,-3.630510091781616,-6.659137725830078,-6.265066146850586
3_jackson_31.wav,0.2616253197193146,0.06955159455537796,874.0642639701549,937.6491860321538,1895.4345703125,0.03766741071428571,-348.5664367675781,202.94403076171875,-28.323720932006836,38.791831970214844,44.00453567504883,-39.18355178833008,-26.469511032104492,-18.74199104309082,-21.01302719116211,10.496736526489258,-14.218183517456055,-36.74753952026367,-3.8625690937042236,-6.946308135986328,-15.508814811706543,3.7004332542419434,-9.114892959594727,-11.638199806213379,7.790242671966553,-8.77104377746582,-11.213716506958008,7.1265740394592285,-12.735746383666992,-20.360258102416992,-2.497462272644043,-14.479791641235352,-19.449384689331055,-1.9407310485839844,-5.214588642120361,-7.101950645446777
1_theo_28.wav,0.3558315634727478,0.02264430932700634,920.6408564144597,829.925208363103,1714.04296875,0.05744140625,-485.3110656738281,155.54786682128906,-17.114534378051758,2.7102084159851074,4.454629421234131,-33.33611297607422,-1.3525630235671997,8.419490814208984,-17.62840461730957,-5.471388339996338,-1.895043969154358,-15.77767562866211,-7.883990287780762,-6.280624866485596,-8.163681983947754,-0.7406774163246155,-9.870861053466797,-13.28563117980957,-1.2088457345962524,-7.607741832733154,-11.30870246887207,0.8303355574607849,-2.8410744667053223,-7.642563343048096,-0.8516095876693726,-6.212181568145752,-10.894426345825195,-2.9155993461608887,-3.3269083499908447,-8.756115913391113
9_jackson_24.wav,0.2919955253601074,0.05772218480706215,786.2890096509708,884.223068222234,1434.2010498046875,0.037272135416666664,-347.5270690917969,220.85943603515625,-33.61549758911133,21.069063186645508,21.197187423706055,-47.199371337890625,-2.6651248931884766,3.744288444519043,-33.257755279541016,-2.8167192935943604,1.7771697044372559,-23.727392196655273,-9.389534950256348,-4.820126056671143,-10.72277545928955,-4.597559452056885,-12.331275939941406,-9.497864723205566,-0.4667305052280426,-12.413691520690918,-8.433722496032715,-1.7396515607833862,-17.66834259033203,-11.626566886901855,-0.6823800206184387,-14.986058235168457,-12.327285766601562,-3.026254653930664,-11.546277046203613,-6.47479248046875
6_yweweler_32.wav,0.35910478234291077,0.009428169578313828,1206.4891175771563,1038.5507249056345,2387.79296875,0.04660373263888889,-522.6393432617188,185.95932006835938,-58.15561294555664,34.93370056152344,56.06890106201172,-38.18409729003906,-12.484100341796875,11.276348114013672,-17.76349449157715,-7.331696510314941,-9.954147338867188,-16.991539001464844,3.921170473098755,-6.220026969909668,-12.059219360351562,8.980844497680664,-2.0744030475616455,-8.412969589233398,6.871655464172363,-2.9279961585998535,-2.6785998344421387,9.573823928833008,-5.1575422286987305,-5.339107990264893,5.202062606811523,-11.050213813781738,-11.504815101623535,2.421868324279785,-5.682613372802734,-6.214125633239746
8_jackson_13.wav,0.403634637594223,0.04495927691459656,1038.3090864110995,1013.2939303925659,2312.286017922794,0.05899586397058824,-379.65008544921875,173.10708618164062,-21.0614070892334,41.98032760620117,20.024396896362305,-66.13288879394531,-18.583072662353516,14.232017517089844,-20.985902786254883,-21.028175354003906,-18.282028198242188,-17.826217651367188,-1.083531141281128,-8.035325050354004,-7.798137187957764,6.71367073059082,-7.675506591796875,-10.777473449707031,2.5703043937683105,-8.552858352661133,-9.19746208190918,-0.7842256426811218,-14.016111373901367,-11.950629234313965,-2.3310670852661133,-14.714695930480957,-13.383954048156738,-2.6386260986328125,-8.201749801635742,-6.027425765991211
4_lucas_9.wav,0.49624794721603394,0.06061283126473427,1214.8103205116831,810.6962943236286,1804.873934659091,0.09550337357954546,-413.4019775390625,162.3529052734375,-14.541739463806152,21.351213455200195,12.44949722290039,-51.153873443603516,-11.754451751708984,14.516687393188477,-15.484421730041504,-0.08803430944681168,15.519471168518066,-1.9177823066711426,-0.2982977628707886,1.5246795415878296,-5.286766529083252,0.34705889225006104,-3.406792640686035,-6.986396312713623,2.8831911087036133,-2.593197822570801,-8.140928268432617,1.1357498168945312,-3.783384084701538,-8.215039253234863,2.4297256469726562,-0.8150241374969482,-6.894094944000244,1.2081595659255981,0.7957203388214111,-3.0666654109954834
5_lucas_6.wav,0.5154142379760742,0.05754055827856064,1308.127655336284,882.1643008813735,2248.9774263822114,0.10541240985576923,-378.0827941894531,171.03427124023438,-51.131187438964844,2.6993460655212402,36.621334075927734,-27.460506439208984,-11.487253189086914,11.578973770141602,-14.078598022460938,-1.5089644193649292,13.886873245239258,-2.445709228515625,-3.4152467250823975,-3.764129877090454,-9.109403610229492,1.6562856435775757,-1.6763145923614502,-11.59060287475586,1.0827062129974365,2.9259188175201416,-9.551939964294434,-5.364042282104492,-0.7036587595939636,-3.8853683471679688,-1.627265214920044,-3.017648220062256,-4.584810733795166,0.6314760446548462,-2.5142102241516113,-7.515517234802246
4_lucas_33.wav,0.4880279302597046,0.055696431547403336,1191.3210033752805,836.6358238159333,1981.0546875,0.09885475852272728,-385.8603210449219,165.96034240722656,-19.549579620361328,12.28887939453125,11.945755958557129,-46.45303726196289,-7.331693649291992,23.54045867919922,-8.390613555908203,-2.3346288204193115,13.27719783782959,-2.252161979675293,-5.193397045135498,-1.1999318599700928,-1.647195816040039,2.2971086502075195,-3.884518623352051,-5.550954341888428,3.2167251110076904,-5.502940654754639,-10.36429214477539,2.2801828384399414,-1.3059251308441162,-7.429281234741211,2.4132440090179443,1.1371735334396362,-4.375199794769287,0.8210629820823669,-2.27718448638916,-6.477271556854248
4_lucas_29.wav,0.41295933723449707,0.04081052541732788,1350.0489407911061,814.362625573931,2096.4111328125,0.11186872209821429,-446.215576171875,141.04330444335938,-21.877004623413086,15.377840042114258,17.162778854370117,-40.234867095947266,-7.8861918449401855,18.647741317749023,-11.765297889709473,-4.065212249755859,14.261237144470215,0.20877143740653992,-5.199039936065674,-2.9151108264923096,-3.1901133060455322,0.9043793082237244,-5.024724006652832,-6.393118381500244,4.657047748565674,-2.2058730125427246,-10.922059059143066,-0.9134740829467773,-0.8498885035514832,-5.681931495666504,2.707064151763916,2.093252658843994,-4.678849220275879,0.002861925633624196,0.9661744832992554,-2.6813766956329346
9_jackson_16.wav,0.3452616035938263,0.06808054447174072,820.6840941856095,867.9123042498888,1543.7255859375,0.039829799107142856,-318.84283447265625,228.00350952148438,-42.97552490234375,12.134251594543457,21.447063446044922,-45.388607025146484,-5.725897789001465,-0.5582693219184875,-31.195579528808594,2.1897730827331543,-2.093363046646118,-29.197925567626953,-0.5691388249397278,5.50856876373291,-13.281895637512207,-5.169676780700684,-5.002971172332764,-7.455723285675049,-1.4628801345825195,-9.893580436706543,-7.887134552001953,-2.382302761077881,-15.382777214050293,-10.261588096618652,-2.2342944145202637,-17.65932273864746,-11.962576866149902,4.300481796264648,-5.217960357666016,-7.777101039886475
8_jackson_42.wav,0.32885417342185974,0.07915729284286499,1334.5783575694234,1187.9402415171007,2810.0830078125,0.0805407072368421,-325.5743408203125,159.1259307861328,-44.85023498535156,58.56096267700195,39.721954345703125,-59.59543991088867,-8.704745292663574,2.977719783782959,-38.18037414550781,-16.48374366760254,-18.855945587158203,-24.60425567626953,4.664339542388916,-8.838408470153809,-18.707509994506836,2.597100019454956,-8.948325157165527,-13.452519416809082,-0.5629842877388,-11.309821128845215,-6.607251167297363,0.8921866416931152,-14.555492401123047,-5.4724860191345215,-0.1191071942448616,-19.778610229492188,-7.822110652923584,3.4289298057556152,-14.681849479675293,-8.968520164489746
3_jackson_41.wav,0.20942188799381256,0.1056898832321167,931.7866921544136,1018.3119475692063,2169.9596058238635,0.04137073863636364,-316.7477111816406,163.12562561035156,-40.880367279052734,44.346229553222656,49.284420013427734,-29.70824432373047,-7.720390319824219,-14.815603256225586,-37.52547836303711,-2.4296958446502686,-17.806943893432617,-41.38046646118164,-7.847468376159668,-4.257941722869873,-9.904274940490723,6.121551036834717,-6.413846969604492,-6.763004779815674,6.930273056030273,-13.918280601501465,-13.091327667236328,4.231235980987549,-17.63446807861328,-21.610410690307617,-2.611382007598877,-13.885764122009277,-16.565509796142578,-2.254193067550659,-7.402390003204346,-8.438423156738281
6_lucas_38.wav,0.4920252561569214,0.028449581936001778,1674.5321863119045,1009.3084897981352,2767.0166015625,0.15895774147727273,-377.3386535644531,153.67816162109375,-72.47735595703125,19.493703842163086,43.84248352050781,-38.012962341308594,-6.8022613525390625,10.984383583068848,-23.356725692749023,-0.6217060089111328,8.644347190856934,-11.429673194885254,1.4430278539657593,3.979753017425537,-3.2560338973999023,6.498393535614014,-0.5856821537017822,-4.545237064361572,5.845117092132568,-3.8820443153381348,-6.523627758026123,3.797053337097168,-5.030304431915283,-5.1647419929504395,5.455733776092529,-2.331857442855835,-3.573774576187134,3.011005401611328,-4.097482204437256,-3.6593122482299805
8_yweweler_8.wav,0.3690635561943054,0.005653452128171921,1405.243456262699,1098.812152616069,2798.54736328125,0.092529296875,-570.8450927734375,186.1306915283203,-72.74092102050781,35.34651565551758,42.569419860839844,-53.30988311767578,-2.275381326675415,10.380463600158691,-33.2563591003418,-3.8636748790740967,-4.591423511505127,-22.732358932495117,5.482254505157471,-3.8439953327178955,-16.33321189880371,8.377893447875977,-1.44105064868927,-9.809774398803711,6.947542667388916,-4.2110419273376465,-6.321831226348877,4.7018818855285645,-9.565999031066895,-5.118109703063965,6.120731830596924,-12.04748821258545,-8.69068431854248,4.928393840789795,-7.925714015960693,-5.614157676696777
4_yweweler_42.wav,0.3998657464981079,0.014466995373368263,751.9644293294442,609.1227674192403,1089.0831580528845,0.044771634615384616,-489.6291809082031,225.64622497558594,-19.58738136291504,-11.441489219665527,-9.925342559814453,-53.33668899536133,-8.038955688476562,10.17941665649414,-19.431062698364258,-5.190887451171875,-5.836545944213867,-24.578012466430664,-3.4347267150878906,6.4428300857543945,-4.651979446411133,-0.25756555795669556,-4.328451633453369,-8.39860725402832,0.16951821744441986,-7.809359073638916,-11.886115074157715,-0.7684328556060791,-6.937191486358643,-11.827494621276855,-2.740051746368408,-5.623929023742676,-6.049643516540527,2.1167678833007812,-3.2898974418640137,-7.349939346313477
2_jackson_48.wav,0.30719488859176636,0.0696410983800888,986.0182873341741,947.6258968232055,1884.1552734375,0.05288973721590909,-342.5258483886719,165.5614776611328,-31.558305740356445,33.49923324584961,45.02738571166992,-20.35230255126953,-8.306950569152832,-10.427745819091797,-28.747648239135742,-9.917255401611328,-20.794269561767578,-30.140220642089844,-8.085121154785156,-16.865232467651367,-17.822450637817383,5.439632892608643,-7.29916524887085,-11.500235557556152,8.838671684265137,-5.906137466430664,-16.9404354095459,-1.5204590559005737,-8.867403984069824,-16.97016716003418,-6.927953720092773,-7.730278491973877,-5.538991928100586,1.4706329107284546,-6.567201614379883,-8.209707260131836
7_lucas_42.wav,0.4708114266395569,0.033107105642557144,1212.2075138484981,978.4523659292466,2487.0849609375,0.08156331380208333,-397.3243713378906,163.4888153076172,-42.26049041748047,25.0380916595459,49.07294845581055,-22.281381607055664,-4.866881847381592,8.165055274963379,-23.230348587036133,-2.9686238765716553,14.882137298583984,-4.513484954833984,-5.024693965911865,2.2177164554595947,4.979538917541504,6.562981128692627,-8.160351753234863,-8.82433032989502,7.816476345062256,-0.16579216718673706,-9.417330741882324,-1.025363802909851,-3.9564266204833984,-6.233251094818115,0.016259193420410156,-5.571341037750244,-7.57415246963501,-1.0218487977981567,-2.929741859436035,-1.7662559747695923
7_nicolas_42.wav,0.3244301974773407,0.034352097660303116,1113.5543177124239,1142.9564718850434,2519.384765625,0.05612521701388889,-363.12115478515625,192.6445770263672,-51.58375930786133,42.429054260253906,38.244873046875,-38.993534088134766,4.658858299255371,-6.022752285003662,-36.01851272583008,11.611408233642578,0.5698544383049011,-25.343175888061523,9.762487411499023,5.609097480773926,-9.735770225524902,7.86381196975708,-1.9416040182113647,-5.124040603637695,8.300033569335938,-7.916041851043701,-8.211490631103516,4.721659183502197,-8.540230751037598,-4.292905807495117,7.026313304901123,-4.993720054626465,-0.5274390578269958,6.361117839813232,-4.08858585357666,2.1868975162506104
0_jackson_29.wav,0.32478415966033936,0.07158343493938446,802.1128760614433,830.7427597143737,1517.2294921875,0.0412890625,-336.2181396484375,213.9144287109375,-27.20960235595703,15.341094970703125,32.0241584777832,-31.1739501953125,-22.086084365844727,-17.58733367919922,-19.918352127075195,6.430873870849609,-13.142861366271973,-25.237394332885742,5.982038974761963,-7.3815131187438965,-19.607101440429688,5.979976654052734,-8.023538589477539,-19.46817398071289,5.863124370574951,-4.515106201171875,-18.533544540405273,-0.3666786253452301,-8.531871795654297,-21.07530975341797,-5.515003204345703,-6.248142242431641,-13.132390975952148,-3.4260315895080566,-4.132747650146484,-6.044957160949707
1_yweweler_26.wav,0.3579648733139038,0.01162366196513176,825.9086332572563,762.8275257235725,1416.7580997242646,0.05144186580882353,-517.212646484375,208.2218017578125,-32.17764663696289,3.883169651031494,7.4534993171691895,-43.02316665649414,9.581235885620117,16.298200607299805,-31.446134567260742,-3.929917335510254,13.667043685913086,-10.931282043457031,-4.136712074279785,-2.091775417327881,-11.50658893585205,-1.4619063138961792,-6.010446071624756,-11.53124713897705,0.005373113323003054,-7.410621643066406,-12.914505004882812,-1.9717254638671875,-7.608875274658203,-9.482379913330078,-0.17639508843421936,-7.878533840179443,-8.308513641357422,1.729091763496399,-6.115327835083008,-7.095877170562744
5_george_38.wav,0.2588810324668884,0.056191567331552505,1212.134680425669,877.6489776901121,2122.4560546875,0.06689453125,-352.41619873046875,188.94166564941406,-103.83065032958984,-12.236522674560547,25.223215103149414,-52.6750373840332,-25.46500587463379,-19.07402229309082,-39.81044006347656,-4.491876125335693,-13.48304271697998,-28.616783142089844,2.5754554271698,-15.705717086791992,-33.9039421081543,-3.5545403957366943,-10.531549453735352,-21.323802947998047,-1.1724164485931396,-10.723969459533691,-17.50761604309082,-2.947615146636963,-12.35677433013916,-13.166136741638184,0.0012640317436307669,-9.525029182434082,-10.755743026733398,-3.674855947494507,-11.81992244720459,-5.660520553588867
2_yweweler_23.wav,0.337909460067749,0.012421395629644394,1043.0760937370696,932.7892518731613,2015.839092548077,0.05254657451923077,-502.3646240234375,182.45301818847656,-50.45957565307617,17.709453582763672,39.19723129272461,-28.99053192138672,-6.288416385650635,-3.6606802940368652,-31.116647720336914,-5.579300403594971,-8.94064998626709,-25.15121841430664,-0.5752575993537903,-6.244515419006348,-16.97309112548828,5.606259822845459,-2.5386874675750732,-11.955656051635742,8.915986061096191,-0.4793967604637146,-14.561124801635742,0.04995102062821388,-4.208159923553467,-14.07868766784668,-5.506200790405273,-7.177895545959473,-8.331914901733398,-1.7662110328674316,-7.2409162521362305,-7.069591045379639
7_jackson_32.wav,0.392341285943985,0.03443699702620506,1112.3596555154998,942.1784065992341,1957.72705078125,0.0869140625,-388.7183532714844,213.7172088623047,-47.04252243041992,16.374067306518555,29.39693260192871,-38.45390701293945,-13.129054069519043,-7.4965081214904785,-22.706954956054688,8.83083438873291,4.513508319854736,-11.550529479980469,0.18900983035564423,-10.124126434326172,-4.898069381713867,10.707846641540527,-15.849899291992188,-17.26034927368164,5.9092535972595215,-11.246078491210938,-14.891307830810547,1.6114407777786255,-11.590225219726562,-12.222831726074219,1.0697826147079468,-8.861468315124512,-8.109753608703613,-0.8904973864555359,-11.02022933959961,-7.533077239990234
6_lucas_16.wav,0.5762003064155579,0.020598025992512703,1551.2617209615391,1069.3693172247204,2792.9361979166665,0.12727864583333334,-419.747314453125,157.67092895507812,-66.93839263916016,27.959558486938477,48.56098937988281,-32.428924560546875,1.0344042778015137,11.97266960144043,-23.24977684020996,5.19517707824707,10.715378761291504,-12.88998031616211,2.7738940715789795,2.9606730937957764,-5.759321212768555,8.147950172424316,-0.10099104046821594,-6.4808831214904785,7.518725395202637,-1.8873445987701416,-8.117511749267578,4.230000972747803,-1.2745771408081055,-4.411223411560059,2.5646910667419434,-4.2587995529174805,-4.029232501983643,3.1999828815460205,-1.995180368423462,-1.296189785003662
1_yweweler_23.wav,0.3775053322315216,0.010408056899905205,912.3828215767389,840.7097439746241,1636.5234375,0.05286458333333333,-541.7953491210938,211.55934143066406,-42.45360565185547,3.934951066970825,8.390689849853516,-44.250614166259766,10.30494213104248,12.666324615478516,-30.001039505004883,2.602099657058716,7.247679710388184,-19.67274284362793,-1.887636423110962,-2.1236369609832764,-14.712285995483398,-0.8035405874252319,-7.404748916625977,-13.168346405029297,3.139927387237549,-3.3761067390441895,-9.106706619262695,1.8788878917694092,-4.104459762573242,-6.280540943145752,-0.03501657024025917,-7.975931644439697,-5.466048240661621,2.7270665168762207,-5.106527805328369,-4.172425270080566
3_jackson_9.wav,0.23768258094787598,0.06727118790149689,773.7900698970382,887.4540016825154,1723.1456409801137,0.03761985085227273,-358.3122253417969,178.1228790283203,-18.71415138244629,37.78574752807617,37.88905334472656,-40.56000518798828,-20.973848342895508,-6.5673828125,-27.836149215698242,-9.052547454833984,-11.473166465759277,-29.53520393371582,-10.855230331420898,-8.857162475585938,-17.259279251098633,-1.2397440671920776,-1.183824062347412,-7.4942522048950195,1.3477190732955933,-3.258998155593872,-7.122003555297852,-1.556167483329773,-9.912323951721191,-12.01418399810791,-5.168757915496826,-11.5689115524292,-11.480460166931152,-4.6817402839660645,-9.167120933532715,-8.945659637451172
1_yweweler_47.wav,0.3222293555736542,0.011708427220582962,873.6325524830243,807.8434441698728,1795.330810546875,0.045440673828125,-519.7587890625,210.08554077148438,-39.406394958496094,5.2506256103515625,14.861286163330078,-42.13977813720703,5.373752593994141,14.576644897460938,-30.985023498535156,-6.341924667358398,8.267118453979492,-16.294475555419922,-8.251814842224121,-3.018277645111084,-10.6646728515625,-3.2201356887817383,-6.909239292144775,-8.949493408203125,1.0885868072509766,-6.316071510314941,-9.68136215209961,-1.7930763959884644,-8.6065034866333,-8.50614070892334,-1.1162571907043457,-8.598587036132812,-7.243035793304443,0.6013168692588806,-5.77868127822876,-5.016529560089111
0_lucas_11.wav,0.4762941896915436,0.047557491809129715,1071.7486506847483,886.2503162534094,2054.62646484375,0.06514485677083333,-370.076416015625,205.50181579589844,-52.61845016479492,10.478751182556152,45.98190689086914,-17.331275939941406,2.2784922122955322,5.388899326324463,-24.453033447265625,3.6226041316986084,8.104057312011719,-14.77165699005127,3.2795932292938232,5.428884029388428,-9.460127830505371,3.0723817348480225,3.5856943130493164,-2.9576523303985596,5.522531986236572,-3.8562076091766357,-11.924931526184082,-0.12241294234991074,-3.4582931995391846,-8.722228050231934,0.09662260860204697,-2.8406982421875,-6.7625250816345215,-0.14174087345600128,-1.983404517173767,-4.91796875
4_lucas_11.wav,0.5067051649093628,0.047757551074028015,930.2388878540283,706.0475462147447,1445.71533203125,0.06993272569444445,-384.7730407714844,209.70896911621094,-8.881695747375488,24.25031280517578,12.498445510864258,-57.14198684692383,-8.752553939819336,16.940505981445312,-22.271089553833008,-2.0923304557800293,17.296192169189453,-5.369828224182129,-3.68337345123291,-0.48404449224472046,-7.456845760345459,2.0605876445770264,-2.0501773357391357,-9.870512962341309,1.9245766401290894,-3.473383665084839,-14.65233325958252,-4.269403457641602,-4.2761383056640625,-10.931339263916016,-2.8070907592773438,-3.4567322731018066,-9.705013275146484,-3.553278923034668,-1.0345712900161743,-3.543386697769165
4_theo_46.wav,0.2868655025959015,0.004307928495109081,785.3132438852462,693.352906097189,1257.5390625,0.04501953125,-606.0509643554688,232.4268035888672,-34.01622772216797,9.620896339416504,11.47455883026123,-46.00849914550781,2.9764692783355713,8.274752616882324,-22.84273338317871,4.582520008087158,-3.6619246006011963,-20.92448616027832,6.608435153961182,-0.9927358031272888,-12.42490291595459,7.700308799743652,-3.6904728412628174,-13.343120574951172,0.48325780034065247,-11.262059211730957,-14.566405296325684,0.10350772738456726,-10.462689399719238,-14.49532413482666,-2.6310577392578125,-5.305960655212402,-2.230210065841675,3.775334119796753,-2.725482702255249,1.1496273279190063
8_lucas_38.wav,0.469553679227829,0.049906231462955475,1196.8235764888382,991.6084511636252,2424.5361328125,0.08444940476190477,-384.90228271484375,187.1615753173828,-49.760311126708984,30.466976165771484,50.39289093017578,-46.5323486328125,-22.411800384521484,13.696449279785156,-16.62822914123535,-8.783390998840332,0.05630261451005936,-14.975492477416992,-0.7214227914810181,5.659498691558838,-7.505344390869141,-3.8184497356414795,-1.7170740365982056,-2.3915820121765137,1.4645134210586548,-5.935769081115723,-3.0304112434387207,6.966283798217773,-6.142305850982666,-10.948612213134766,2.5256571769714355,-0.876755952835083,-5.972009658813477,-1.1257866621017456,-6.34821081161499,-7.7095818519592285
0_jackson_24.wav,0.27289360761642456,0.086725153028965,747.6392684879229,805.3658267302859,1427.34375,0.03632463727678571,-340.2009582519531,182.2606658935547,-3.125656843185425,21.111066818237305,23.301713943481445,-31.72686195373535,-20.94281578063965,-13.402148246765137,-22.101165771484375,-4.793659687042236,-12.745257377624512,-22.091718673706055,-1.1489938497543335,-5.465572357177734,-13.444880485534668,2.042462110519409,-3.8097634315490723,-8.60904312133789,5.501651287078857,-4.328614711761475,-13.906256675720215,-2.1636719703674316,-7.017142295837402,-14.272333145141602,-6.423835754394531,-8.963189125061035,-10.678735733032227,-2.9121203422546387,-6.1903839111328125,-9.46761417388916
7_nicolas_44.wav,0.36168423295021057,0.025061002001166344,1158.7569497471281,1199.44363661855,2715.875244140625,0.05657958984375,-391.598876953125,194.868896484375,-59.05586242675781,50.80683898925781,42.51110076904297,-40.371307373046875,15.515144348144531,3.641477584838867,-38.48662567138672,5.782479286193848,-3.3901777267456055,-24.59059715270996,8.83436107635498,-2.7398738861083984,-12.999176025390625,12.236282348632812,-1.5822842121124268,-7.134519577026367,8.310243606567383,-7.181232452392578,-6.882596015930176,3.941235065460205,-9.650884628295898,-2.528218984603882,6.267120838165283,-6.793560028076172,1.1408488750457764,5.224775791168213,-7.396648406982422,2.700417995452881
7_lucas_31.wav,0.47714361548423767,0.027758250012993813,1193.9237247144563,862.0237804099655,2226.89208984375,0.08909098307291667,-419.3331604003906,192.89215087890625,-53.60078811645508,25.2922420501709,51.83148193359375,-32.33684158325195,-6.9011054039001465,10.657076835632324,-29.985626220703125,-8.974848747253418,13.52367115020752,-6.066603183746338,-6.483890533447266,-3.009058713912964,-2.7958762645721436,5.4126667976379395,-5.196498394012451,-10.303004264831543,3.2920329570770264,-2.439146041870117,-9.579216003417969,-2.83408260345459,-7.581840991973877,-8.807174682617188,-1.709039330482483,-5.921041488647461,-5.375621318817139,-1.1165504455566406,-6.8284430503845215,-3.151601552963257
9_lucas_30.wav,0.45806238055229187,0.06660163402557373,1075.1704237844342,875.0793126011046,2205.8074951171875,0.06614176432291667,-374.9468688964844,202.09144592285156,-53.96200942993164,14.490765571594238,49.69004440307617,-31.34615135192871,-11.6300048828125,15.445808410644531,-22.204492568969727,-15.264488220214844,8.18425464630127,-1.7931431531906128,-6.157718658447266,-5.9912543296813965,-5.214378356933594,-1.8500257730484009,-11.563250541687012,-10.090063095092773,1.9239202737808228,-7.567612171173096,-10.9815673828125,0.14128892123699188,-6.478926181793213,-11.110079765319824,-3.153916120529175,-6.52411413192749,-8.62366771697998,-4.290878772735596,-7.2501702308654785,-4.27797269821167
7_jackson_13.wav,0.304203599691391,0.0665200725197792,808.5609164988712,779.1255227000072,1531.549072265625,0.045556640625,-327.4778137207031,206.5673370361328,-33.92255783081055,5.356120586395264,22.31754493713379,-44.88584518432617,-26.99788475036621,-9.730401992797852,-30.390857696533203,-8.04002571105957,6.9368085861206055,-11.703709602355957,-14.215672492980957,-6.850630283355713,-0.25659725069999695,-1.1361963748931885,-15.237505912780762,-11.121068000793457,-1.5955498218536377,-12.271845817565918,-8.63469123840332,-0.6483463644981384,-15.472391128540039,-13.785337448120117,0.46739378571510315,-8.503218650817871,-14.058389663696289,-6.784554481506348,-7.4410552978515625,-5.271735191345215
4_george_20.wav,0.29486212134361267,0.05124519020318985,1103.359431232234,862.9740524548392,1979.8583984375,0.06391059027777778,-367.72540283203125,164.8849334716797,-67.19815826416016,-4.503360271453857,9.11150074005127,-52.4316520690918,-13.571432113647461,-8.656005859375,-44.69047546386719,-18.914932250976562,-15.665451049804688,-30.015254974365234,-4.519465923309326,-9.070357322692871,-24.273427963256836,-2.34633731842041,-2.751638889312744,-15.287074089050293,-6.050782680511475,-12.528186798095703,-20.730615615844727,-10.09469985961914,-8.338744163513184,-7.911510944366455,-4.634504318237305,-9.770244598388672,-6.195624828338623,-2.4535937309265137,-7.56636905670166,-0.2887466847896576
7_nicolas_34.wav,0.37371960282325745,0.04613858461380005,1055.6519329343503,1120.2632622177357,2349.42626953125,0.04851422991071429,-341.6637268066406,202.82594299316406,-53.756927490234375,36.9927978515625,36.22868728637695,-39.86780548095703,1.2289706468582153,-10.219175338745117,-37.26708984375,13.602020263671875,1.7978514432907104,-26.430004119873047,8.387300491333008,4.408768653869629,-10.669928550720215,7.107460975646973,-4.520589351654053,-9.579928398132324,4.591928958892822,-10.735420227050781,-10.0859375,5.971882343292236,-6.699551105499268,-4.977490425109863,7.389898777008057,-3.696364641189575,-2.8893978595733643,2.716193437576294,-6.252198219299316,-0.6136413216590881
6_nicolas_11.wav,0.3854333758354187,0.03283315151929855,1308.8311258173392,1159.5481384194932,2881.8603515625,0.0734375,-363.7464599609375,184.95347595214844,-64.782958984375,45.22972106933594,44.00271987915039,-46.94020462036133,3.167482852935791,0.4730212092399597,-35.4258918762207,6.35246467590332,-6.711709499359131,-27.4521484375,12.841828346252441,0.9699533581733704,-17.228778839111328,11.35767936706543,2.696136474609375,-8.86366081237793,7.94171142578125,0.09057995676994324,-1.8558865785598755,7.276149272918701,-5.26993989944458,-3.093973398208618,4.610339164733887,-4.998381614685059,1.6367124319076538,4.960306644439697,-6.396130561828613,1.9005430936813354
7_theo_9.wav,0.3644207715988159,0.0031608932185918093,1365.262478967318,977.6171132026874,2387.19482421875,0.1108669704861111,-602.4239501953125,213.60411071777344,-77.26248168945312,31.514047622680664,34.82359313964844,-49.81146240234375,5.049468994140625,1.5050245523452759,-31.646162033081055,14.730085372924805,5.414522171020508,-20.9174861907959,8.435574531555176,4.458639144897461,-1.9530205726623535,9.435575485229492,-15.926023483276367,-15.225224494934082,5.453825950622559,-15.125433921813965,-12.721552848815918,6.75398063659668,-7.810703754425049,-5.057053089141846,3.996770143508911,-11.586645126342773,-4.520322799682617,5.957752704620361,-5.6253275871276855,-3.065035820007324
3_nicolas_28.wav,0.332067608833313,0.029032040387392044,1009.315156920897,1150.1235149107517,2600.13427734375,0.039306640625,-398.26849365234375,209.05276489257812,-67.22269439697266,55.839683532714844,55.08361053466797,-38.569175720214844,18.09609603881836,8.563593864440918,-34.87093734741211,6.279172897338867,-8.603818893432617,-28.8812198638916,9.10477066040039,-1.8836053609848022,-10.800546646118164,13.673565864562988,-5.657977104187012,-10.321321487426758,12.1407470703125,-4.026575088500977,-8.000399589538574,5.8832902908325195,-6.203512668609619,-4.532795429229736,2.4682114124298096,-7.978451728820801,0.27387911081314087,4.468698024749756,-8.214914321899414,-1.9324109554290771
1_lucas_37.wav,0.47156044840812683,0.03955506533384323,966.8407677833003,994.9325167140506,2028.6543996710527,0.025082236842105265,-459.4519348144531,156.7677001953125,-12.137920379638672,17.117788314819336,23.0692195892334,-30.552133560180664,-3.0501716136932373,24.791217803955078,-3.2484090328216553,-3.4609861373901367,11.15834903717041,1.5921754837036133,-4.300261497497559,-3.684267044067383,-1.9162671566009521,2.020336389541626,-4.078365802764893,-5.874921798706055,1.0373008251190186,-4.936590671539307,-8.783538818359375,-0.3434886932373047,-0.6319594383239746,-2.882126808166504,-0.9853445291519165,-6.067657947540283,-4.6218485832214355,2.8432748317718506,-1.9498625993728638,-4.016299247741699
2_lucas_31.wav,0.4367230236530304,0.03353947773575783,1155.8816910234918,876.049357144418,2087.9231770833335,0.07535807291666667,-430.03948974609375,142.8415069580078,-25.130191802978516,19.12126922607422,43.426700592041016,-9.578217506408691,-0.3643195927143097,11.003069877624512,-18.177379608154297,-13.32586669921875,2.624122142791748,-3.1871001720428467,-3.473055124282837,-6.441183090209961,-7.983493804931641,3.743215560913086,-0.4477907121181488,-8.866758346557617,2.0460546016693115,1.8122307062149048,-7.567040920257568,-1.2537424564361572,0.3587826192378998,-5.341809272766113,-1.4302037954330444,-2.025534152984619,-6.889617443084717,-3.1345295906066895,-3.0248606204986572,-5.732729911804199
1_george_40.wav,0.3803040087223053,0.049478720873594284,1196.895401946243,995.6242918077562,2409.027099609375,0.07440185546875,-353.4297180175781,208.01046752929688,-86.62386322021484,-8.696733474731445,0.8170912265777588,-56.46966552734375,1.0227723121643066,-19.853675842285156,-53.8292236328125,4.368135452270508,-14.471940040588379,-43.127891540527344,4.877865791320801,-11.553339958190918,-39.25851058959961,-2.9881956577301025,-7.575395584106445,-24.151268005371094,-5.0005035400390625,-9.701700210571289,-11.710212707519531,-2.403820037841797,-15.918893814086914,-7.759216785430908,5.449538707733154,-13.377049446105957,-9.495868682861328,3.711974620819092,-11.25274658203125,-8.83224868774414
3_jackson_37.wav,0.2531666159629822,0.0944136306643486,962.6598938936298,1032.6457259538709,2183.173162286932,0.04112659801136364,-320.6228332519531,170.23631286621094,-41.917171478271484,49.33427429199219,52.896644592285156,-32.952213287353516,-11.446320533752441,-14.500133514404297,-35.57404327392578,-0.1267993003129959,-14.119521141052246,-38.358238220214844,-8.112911224365234,-6.127012729644775,-12.362231254577637,3.504432439804077,-7.006338596343994,-8.18157958984375,3.904341697692871,-10.900951385498047,-7.313261032104492,2.539914846420288,-20.14199447631836,-18.920915603637695,-3.41135573387146,-17.260190963745117,-15.43094253540039,-1.6143767833709717,-8.78280258178711,-6.654119968414307
2_lucas_45.wav,0.3403834104537964,0.04796810448169708,852.4573714410418,727.4834527740511,1592.9676402698863,0.04714133522727273,-382.3536376953125,212.4568328857422,-43.68098831176758,24.63652801513672,68.24822235107422,-6.718897819519043,-5.195968151092529,-0.05005008354783058,-27.407869338989258,-5.811872482299805,1.5552066564559937,-16.914480209350586,-3.6950600147247314,-4.132551193237305,-13.484856605529785,5.805182456970215,1.7500762939453125,-16.22486114501953,-1.0213603973388672,6.494161605834961,-3.737478494644165,-1.4493489265441895,-3.845012903213501,-9.019103050231934,-3.00345778465271,-6.056210517883301,-11.183928489685059,-4.55137825012207,-5.078567028045654,-9.573357582092285
2_george_16.wav,0.21234676241874695,0.04140455275774002,801.5102597176361,826.8607352266367,1596.44775390625,0.031928168402777776,-411.8193359375,170.53826904296875,-46.1108512878418,5.038504123687744,16.269868850708008,-42.518943786621094,-11.533491134643555,-7.598641395568848,-40.3770751953125,-17.562652587890625,-17.337635040283203,-38.333072662353516,-18.313093185424805,-16.466440200805664,-27.38994789123535,-8.34149169921875,-6.419297695159912,-16.17732048034668,-7.6233344078063965,-10.928451538085938,-16.04596710205078,-8.076107025146484,-10.955282211303711,-11.21391773223877,-3.6930923461914062,-8.854806900024414,-10.401859283447266,-4.639856815338135,-6.070746421813965,-3.5123226642608643
2_yweweler_33.wav,0.30954816937446594,0.011652881279587746,995.3398581708406,938.743087943225,1816.2428635817307,0.055513822115384616,-525.3458251953125,184.44979858398438,-31.071176528930664,17.543615341186523,20.366981506347656,-38.88664245605469,2.4744889736175537,11.394481658935547,-27.363605499267578,-11.603104591369629,-10.639352798461914,-24.79203987121582,-2.955878734588623,-5.01141357421875,-15.007393836975098,3.2632803916931152,-3.9862775802612305,-12.42030143737793,7.258084774017334,-0.5573595762252808,-14.487196922302246,-0.6230169534683228,-3.113344430923462,-11.821701049804688,-2.2231500148773193,-5.104678153991699,-11.037059783935547,-2.9879679679870605,-3.227694511413574,-5.6679534912109375
2_theo_49.wav,0.3517025411128998,0.006710585672408342,1246.693354706462,1007.2740297951095,2488.0637428977275,0.08873401988636363,-520.0859985351562,195.15274047851562,-64.79009246826172,35.28239822387695,43.83308410644531,-47.99064636230469,-10.098613739013672,-3.6505606174468994,-31.809911727905273,-1.5939315557479858,-15.075662612915039,-28.387178421020508,7.433074951171875,-2.7134809494018555,-12.524462699890137,10.287308692932129,-3.1951348781585693,-7.52337646484375,5.673196792602539,-13.912582397460938,-13.752679824829102,0.6372168064117432,-14.992053031921387,-10.52811336517334,3.8969461917877197,-8.878384590148926,-7.3035807609558105,0.5393334031105042,-6.912820816040039,-0.7170200943946838
1_lucas_19.wav,0.41466018557548523,0.04555856063961983,1017.4328611601627,855.3651594769966,1897.8582208806818,0.05823863636363636,-424.1768493652344,167.89273071289062,-12.877127647399902,31.214031219482422,30.28948402404785,-38.23351287841797,-8.757144927978516,14.807886123657227,-16.91980743408203,-9.788594245910645,3.8609201908111572,-5.090734004974365,-1.5170204639434814,-4.6666789054870605,-10.071359634399414,0.23654261231422424,-2.6375463008880615,-7.518998622894287,1.5183731317520142,-4.094855785369873,-12.715567588806152,-4.861648082733154,-2.203054666519165,-5.7419209480285645,-6.977859973907471,-9.866381645202637,-5.833086967468262,-1.0695607662200928,-6.300293445587158,-6.062203884124756
2_theo_34.wav,0.2123255729675293,0.012055997736752033,1337.107992010044,1011.8588353068875,2430.17578125,0.0791015625,-497.5970153808594,188.29541015625,-78.37347412109375,40.31244659423828,49.87575149536133,-41.17021560668945,3.1422245502471924,-2.2168524265289307,-33.88564682006836,2.6646480560302734,-18.72492027282715,-31.18418312072754,8.180451393127441,-16.636098861694336,-24.490068435668945,14.623419761657715,-3.397996187210083,-11.608992576599121,9.286767959594727,-11.506742477416992,-11.792373657226562,5.99328088760376,-13.763421058654785,-11.304789543151855,4.710835933685303,-8.38872241973877,-5.655869007110596,-2.23358154296875,-16.48811912536621,-5.815926551818848
6_yweweler_19.wav,0.3683517873287201,0.015330568887293339,1246.5920896836692,1051.815099346205,2578.60107421875,0.05517578125,-450.0311279296875,213.17636108398438,-82.66677856445312,36.50692367553711,51.153076171875,-59.555233001708984,-14.731419563293457,0.4884471893310547,-39.57093811035156,-6.165327548980713,-9.53006649017334,-29.840293884277344,5.157378196716309,1.4518349170684814,-12.953927993774414,7.6336259841918945,-1.0396196842193604,-4.07448673248291,9.430573463439941,-9.07025146484375,-5.322959899902344,12.013321876525879,-10.815614700317383,-12.065814971923828,3.5939438343048096,-14.19136905670166,-11.976400375366211,5.059198379516602,-7.279634475708008,-6.829270839691162
1_lucas_29.wav,0.47704026103019714,0.0503915436565876,1184.9116475914443,957.3581301304182,2191.286749588816,0.07391036184210527,-420.13262939453125,148.1820831298828,-20.248201370239258,8.88741397857666,21.618911743164062,-27.300939559936523,-8.202853202819824,15.44931697845459,-12.835304260253906,-16.50782585144043,4.259049892425537,5.344852447509766,-0.7196206450462341,-5.445392608642578,-8.135531425476074,-4.196708679199219,-4.63608455657959,-6.5242743492126465,-2.8411636352539062,-4.534686088562012,-7.316908359527588,-3.6223366260528564,-3.268075704574585,-5.238855838775635,-5.531877040863037,-7.630357265472412,-5.819660186767578,-2.265601396560669,-5.527841567993164,-6.769869327545166
0_jackson_48.wav,0.3258334994316101,0.11231473833322525,654.5208347647451,729.1322764031045,1220.47119140625,0.03294154575892857,-306.3637390136719,194.5821990966797,-0.6840811967849731,20.597909927368164,25.676546096801758,-20.605592727661133,-12.572349548339844,-17.904293060302734,-26.29963493347168,-8.197159767150879,-20.408477783203125,-17.507938385009766,11.432324409484863,-5.132899761199951,-16.439373016357422,1.2765262126922607,-11.438523292541504,-15.198317527770996,1.7806215286254883,-11.936685562133789,-16.5836181640625,-2.416273593902588,-14.243448257446289,-16.621030807495117,-1.9699429273605347,-8.769632339477539,-8.642712593078613,2.772874355316162,-5.314659118652344,-8.392199516296387
3_yweweler_40.wav,0.33477210998535156,0.007162734866142273,1281.8548005480582,1034.421050735663,2568.4326171875,0.07660590277777778,-584.0630493164062,155.97540283203125,-58.84388732910156,43.47043228149414,46.74699020385742,-46.99399948120117,-3.8716769218444824,10.641974449157715,-31.536563873291016,-7.430827617645264,-4.5028605461120605,-22.406415939331055,1.4718894958496094,-4.173125267028809,-16.58099937438965,6.637497425079346,-0.8825026750564575,-13.916033744812012,3.7006053924560547,-0.2761556804180145,-9.430566787719727,-1.670686960220337,-7.480311870574951,-8.678857803344727,-2.978320598602295,-10.877824783325195,-6.327870845794678,1.4264456033706665,-7.5507588386535645,-4.231747150421143
3_lucas_33.wav,0.45828384160995483,0.044929858297109604,1129.9814857249949,983.4567969783348,2348.016357421875,0.068359375,-383.369384765625,193.81874084472656,-56.27789306640625,34.5445671081543,63.00372314453125,-34.71162033081055,-15.246916770935059,10.316049575805664,-20.545175552368164,-1.8705101013183594,6.518614292144775,-14.880157470703125,-1.7881258726119995,0.17048215866088867,-11.21728229522705,2.7721331119537354,-0.13197386264801025,-10.438285827636719,1.9065513610839844,-1.8636013269424438,-10.39649486541748,-0.563511073589325,-5.388655185699463,-12.005497932434082,-1.7762619256973267,-3.8165245056152344,-9.042407989501953,-2.766040086746216,-5.004829406738281,-7.624495029449463
2_theo_5.wav,0.289581835269928,0.006073452532291412,1372.0033087159964,984.7391649537179,2377.62451171875,0.08732096354166667,-575.3082275390625,192.70037841796875,-77.18424224853516,47.99515914916992,54.30363464355469,-42.67875289916992,6.969259262084961,0.8202667236328125,-38.47109603881836,3.2411534786224365,-13.00743579864502,-31.216123580932617,10.263351440429688,-7.499639511108398,-17.42740821838379,19.466461181640625,0.009605963714420795,-12.52436351776123,9.602925300598145,-11.507109642028809,-17.155214309692383,5.731662750244141,-7.475932598114014,-11.095375061035156,0.4415692090988159,-12.259605407714844,-9.623172760009766,1.1522427797317505,-7.601058483123779,-3.8505096435546875
8_jackson_36.wav,0.39740118384361267,0.09720609337091446,1624.6288178897119,1218.6953034906041,3000.29296875,0.11149088541666667,-302.9386291503906,148.5321044921875,-53.72696304321289,74.43002319335938,45.64822769165039,-70.89583587646484,-5.866615295410156,11.607346534729004,-40.95524978637695,-18.5562801361084,-15.788966178894043,-24.186681747436523,0.5535082221031189,-13.99415111541748,-18.241474151611328,4.541644096374512,-16.23657989501953,-21.049720764160156,2.954143762588501,-7.998851299285889,-11.59792709350586,-1.1714633703231812,-10.256285667419434,-6.047187805175781,-4.61104679107666,-16.67905616760254,-2.1028404235839844,1.8897367715835571,-16.332748413085938,-5.859563827514648
3_theo_26.wav,0.2610418498516083,0.005070661660283804,1112.4770026279812,1080.509766537745,2540.91796875,0.048746744791666664,-595.1845092773438,181.0044708251953,-56.54573059082031,56.055240631103516,51.098182678222656,-51.117183685302734,0.0175187848508358,13.54422378540039,-26.95134735107422,-0.6452376842498779,-5.944662094116211,-22.587451934814453,0.40769922733306885,-12.731228828430176,-15.356197357177734,12.150367736816406,-3.551252841949463,-10.256916999816895,6.668567180633545,-7.62725830078125,-8.038078308105469,3.826181173324585,-9.806951522827148,-5.234445571899414,3.2168588638305664,-10.168107986450195,-2.717590093612671,3.4399213790893555,-9.630853652954102,-2.345698833465576
2_theo_36.wav,0.30521848797798157,0.006514860782772303,1259.4541802334052,976.7212107788986,2230.48095703125,0.08622233072916667,-558.1876220703125,195.87652587890625,-69.47403717041016,43.75123977661133,47.68853759765625,-45.33790969848633,3.4889042377471924,3.343097686767578,-31.428747177124023,3.5870656967163086,-14.51406192779541,-31.286788940429688,6.267190933227539,-9.157193183898926,-16.903263092041016,12.349602699279785,-6.150291919708252,-11.57040786743164,7.092626094818115,-11.862462043762207,-7.445049285888672,10.459794044494629,-11.879912376403809,-12.640143394470215,0.7415943145751953,-11.810175895690918,-5.8740668296813965,1.2002488374710083,-11.504576683044434,-2.490452527999878
3_lucas_6.wav,0.4933258295059204,0.021929560229182243,1317.0780232001591,1064.6219071407882,2584.3316847278224,0.08806388608870967,-487.4855651855469,128.17144775390625,-31.72527313232422,29.528230667114258,47.05354309082031,-19.812440872192383,-6.5205912590026855,12.435121536254883,-11.27685260772705,-1.847584843635559,7.496264934539795,-6.354465484619141,-1.5242652893066406,1.949592113494873,-3.6939499378204346,2.386051893234253,1.2765229940414429,-3.5181329250335693,2.116391181945801,-0.24210777878761292,-4.302365779876709,-0.6902718544006348,-4.157702922821045,-5.428469657897949,-0.2117660939693451,-3.7529208660125732,-5.814264297485352,-1.4629181623458862,-2.6229119300842285,-2.1199779510498047
3_theo_43.wav,0.3153562545776367,0.010273794643580914,956.7412672461087,907.7322902473537,2007.97119140625,0.055419921875,-536.8325805664062,183.7359619140625,-45.47471237182617,26.10846710205078,48.43305587768555,-19.8721923828125,-11.136894226074219,-12.082615852355957,-27.576017379760742,-6.8497700691223145,-17.413862228393555,-25.35835838317871,-1.8197075128555298,-9.171049118041992,-9.987203598022461,9.541454315185547,-5.219568729400635,-10.942832946777344,4.054076671600342,-7.444568634033203,-9.693175315856934,0.5497066974639893,-11.389415740966797,-9.62043285369873,-0.6609892845153809,-13.907086372375488,-10.036184310913086,3.22119140625,-6.073598384857178,-7.914125442504883
8_lucas_44.wav,0.48112350702285767,0.07672730833292007,1389.7882370972084,1043.0892231672851,2613.347833806818,0.09315074573863637,-352.3999328613281,163.94261169433594,-54.01393127441406,36.01533508300781,50.92034912109375,-41.57217788696289,-13.233695030212402,11.673872947692871,-20.488924026489258,-6.072263717651367,-0.27427777647972107,-14.025984764099121,3.385434627532959,3.792437791824341,-7.942129135131836,-0.05676581710577011,-4.322872638702393,-5.941084384918213,1.8211417198181152,-8.704436302185059,-5.897976398468018,6.4035234451293945,-7.8586955070495605,-9.802234649658203,4.323866844177246,-4.436005115509033,-8.464427947998047,0.2651689350605011,-5.471494674682617,-6.623248100280762
3_nicolas_38.wav,0.4154825508594513,0.014383063651621342,1373.4921370581142,1273.7667077860594,3107.632723721591,0.04971590909090909,-420.64080810546875,203.78590393066406,-89.06216430664062,41.6804313659668,36.68702697753906,-42.670692443847656,22.306907653808594,8.222558975219727,-29.97425079345703,19.6715087890625,1.9805667400360107,-22.234569549560547,17.09141731262207,2.8445160388946533,-8.121804237365723,18.78474998474121,-0.026372171938419342,-5.673820972442627,12.125280380249023,-8.075157165527344,-7.1197590827941895,9.011472702026367,-7.457695007324219,-5.72068452835083,3.0109758377075195,-9.474124908447266,-3.531670331954956,0.9264675378799438,-8.369917869567871,1.1277034282684326
2_theo_28.wav,0.25358763337135315,0.005982009693980217,1262.6997130867628,1004.173738945644,2260.986328125,0.07852711397058823,-580.3306274414062,184.4808349609375,-68.07460021972656,39.626548767089844,43.679805755615234,-34.333404541015625,9.820687294006348,0.499767541885376,-32.192039489746094,1.8286306858062744,-16.620925903320312,-28.42669105529785,9.056448936462402,-10.358384132385254,-17.96897315979004,13.307121276855469,-5.251559734344482,-8.267848014831543,15.4578857421875,-8.854729652404785,-16.02528953552246,3.825732946395874,-10.920707702636719,-12.441882133483887,1.026172399520874,-10.504045486450195,-7.271785259246826,2.48374080657959,-7.036874771118164,-2.4996583461761475
4_lucas_40.wav,0.4496612548828125,0.049299582839012146,1125.4208509801874,850.6405796047266,1730.8388671875,0.08306640625,-386.0573425292969,186.96702575683594,-26.513294219970703,23.194847106933594,18.49018669128418,-54.28330993652344,-7.626743793487549,19.413616180419922,-18.256027221679688,-1.1348223686218262,15.270081520080566,-4.688775539398193,-3.314835786819458,-1.2118281126022339,-3.8973987102508545,3.362828254699707,-4.679513931274414,-6.6247076988220215,4.479903697967529,-6.792783737182617,-11.5274076461792,1.410132884979248,-6.287541389465332,-10.365518569946289,3.1337368488311768,-1.4018763303756714,-8.43945598602295,-0.9386153221130371,-2.060633897781372,-4.855469226837158
8_lucas_24.wav,0.49754878878593445,0.04380587488412857,1318.321000501187,1008.8671474584709,2528.35693359375,0.0967068142361111,-371.5589599609375,192.0633087158203,-59.47940444946289,36.78300476074219,55.65419006347656,-48.76694869995117,-19.737220764160156,14.979188919067383,-15.642996788024902,-5.748297214508057,-1.2569700479507446,-12.519165992736816,4.750663757324219,4.936736106872559,-4.407984256744385,0.33925649523735046,-7.762237548828125,-4.995637893676758,4.801198482513428,-9.05510425567627,-5.751501560211182,7.76478910446167,-7.657752990722656,-10.342365264892578,2.7083580493927,-5.398927688598633,-7.796468734741211,0.12089312076568604,-4.34770393371582,-3.044074535369873
2_lucas_33.wav,0.49648913741111755,0.04484463483095169,1088.7936425258156,830.7310985006372,1948.1215533088234,0.08200252757352941,-395.5107116699219,193.73805236816406,-46.272335052490234,21.652450561523438,55.39459228515625,-18.71826934814453,-5.180738925933838,7.2165985107421875,-25.97153663635254,-11.601482391357422,1.6786985397338867,-9.771103858947754,-3.887025833129883,-8.749682426452637,-10.816566467285156,7.034716606140137,-1.6246217489242554,-11.077116966247559,5.302888870239258,0.9187089204788208,-9.117825508117676,-0.0898873433470726,-4.600091457366943,-9.394537925720215,-1.2759253978729248,-8.083822250366211,-11.313553810119629,0.24154974520206451,-2.770028591156006,-6.692166805267334
8_nicolas_45.wav,0.46673133969306946,0.04751740023493767,1185.776897776402,1118.6010188372475,2673.917164522059,0.03946461397058824,-341.96002197265625,192.4495086669922,-66.0146255493164,34.02088165283203,38.89155578613281,-49.154361724853516,-3.913541793823242,4.288064956665039,-28.087322235107422,7.8631134033203125,2.3710227012634277,-18.194116592407227,11.267091751098633,2.0752859115600586,-13.506739616394043,5.385046482086182,-5.4477434158325195,-9.160646438598633,8.330301284790039,-5.710697174072266,-6.071079254150391,9.248270034790039,-6.0425944328308105,-6.174383163452148,6.744095802307129,-4.240588665008545,0.2524060308933258,10.214765548706055,-1.906950831413269,0.5786150693893433
5_george_46.wav,0.2675324082374573,0.06674723327159882,1309.8483159050556,989.0490507694171,2494.4515830592104,0.07087787828947369,-343.0570983886719,172.4243927001953,-101.39067077636719,-5.935030460357666,22.511093139648438,-52.158966064453125,-14.325176239013672,-14.651820182800293,-45.022945404052734,-2.48823618888855,-9.554192543029785,-34.81454849243164,-1.7497153282165527,-13.283344268798828,-35.54193878173828,-4.625849723815918,-4.815283298492432,-17.6709041595459,-1.173304557800293,-9.120100975036621,-15.839439392089844,-1.9110840559005737,-11.491280555725098,-11.833335876464844,5.079898357391357,-5.6741251945495605,-13.030745506286621,-2.8870511054992676,-6.444688320159912,-5.052037715911865
3_theo_41.wav,0.30991655588150024,0.004953306633979082,1028.3559171971983,999.3896593697749,2250.2197265625,0.04146634615384615,-572.3327026367188,205.29563903808594,-57.11155319213867,37.021114349365234,53.75172805786133,-35.240028381347656,-4.3714094161987305,3.498342752456665,-25.585796356201172,-0.5224900841712952,-10.458931922912598,-25.36697006225586,3.027940511703491,-3.4391098022460938,-9.729535102844238,8.635038375854492,-6.151787281036377,-11.063202857971191,1.563515305519104,-13.235783576965332,-10.681852340698242,2.82332444190979,-10.366692543029785,-6.811354637145996,1.7287113666534424,-11.435993194580078,-6.378150939941406,-0.23641683161258698,-10.633136749267578,-2.245232582092285
6_nicolas_31.wav,0.3927575945854187,0.03590402379631996,1087.0552568009794,1122.8410252137746,2537.002840909091,0.051802201704545456,-369.3158874511719,204.98446655273438,-56.69007873535156,51.72649002075195,42.15547561645508,-49.56308364868164,3.7817022800445557,-0.7899311184883118,-40.52973937988281,1.2642742395401,-5.564982891082764,-24.454669952392578,10.598427772521973,0.6344055533409119,-13.10927963256836,10.836691856384277,-0.3925507366657257,-8.538214683532715,5.630141258239746,-5.383692741394043,-4.6463751792907715,3.8007421493530273,-8.481281280517578,0.048680998384952545,5.975332736968994,-12.225173950195312,-3.513922929763794,6.726278781890869,-6.507763862609863,-0.6975783705711365
3_lucas_9.wav,0.46802082657814026,0.01535508781671524,1481.756522165681,1132.7159178048578,2866.852361505682,0.13419744318181817,-539.2914428710938,77.39745330810547,-13.765027046203613,14.280725479125977,24.308582305908203,-8.115765571594238,-2.311415910720825,3.5689730644226074,-7.84617805480957,1.3398041725158691,5.041626930236816,-5.210484027862549,-1.6983842849731445,0.941552460193634,-1.4767844676971436,3.8476524353027344,1.9611172676086426,-3.7118117809295654,-0.1822240799665451,-0.7284111976623535,-3.0091352462768555,0.9179402589797974,-0.7540373802185059,-3.3615379333496094,0.10681178420782089,-0.8023413419723511,-1.9031524658203125,1.3434666395187378,-0.48387256264686584,-2.540968418121338
7_lucas_40.wav,0.47020086646080017,0.03236077353358269,1415.9707988482835,958.4249532123009,2482.086181640625,0.11753627232142858,-411.7939147949219,156.0865936279297,-48.61092758178711,20.922971725463867,46.50383758544922,-26.353940963745117,-5.122809410095215,13.92244815826416,-23.766698837280273,-9.673789024353027,15.399807929992676,-1.5499210357666016,-8.147011756896973,-0.3627263605594635,3.5026047229766846,3.567565441131592,-6.170274257659912,-5.103888988494873,6.060248374938965,-0.2703823149204254,-5.911595344543457,-1.0006134510040283,-3.655684232711792,-2.158884048461914,1.9232746362686157,-5.5356621742248535,-5.5227203369140625,0.5747968554496765,-3.4498724937438965,-2.5852439403533936
7_yweweler_13.wav,0.4089983403682709,0.006360914092510939,1018.2653859277947,923.7641198350691,2086.029052734375,0.04278564453125,-541.1722412109375,221.61802673339844,-65.27342987060547,15.254473686218262,37.83843994140625,-37.93970489501953,1.5089237689971924,4.150051116943359,-33.659629821777344,4.528168678283691,8.846664428710938,-21.000507354736328,-4.4490251541137695,-1.5854840278625488,-7.591240882873535,1.5241193771362305,-15.110766410827637,-13.741523742675781,9.62702751159668,-5.913390159606934,-13.656221389770508,1.4152607917785645,-9.838384628295898,-9.840559005737305,6.209235191345215,-5.283260345458984,-8.966599464416504,3.413477897644043,-2.380849599838257,-4.423001766204834
3_george_25.wav,0.3441281318664551,0.03892703726887703,1821.3713910080187,1182.6979699197766,3184.429462139423,0.10866135817307693,-386.4876708984375,168.32891845703125,-110.71320343017578,53.95347213745117,54.195865631103516,-69.15267181396484,-7.335256099700928,-10.986552238464355,-56.250003814697266,4.581853866577148,-13.026399612426758,-52.28962707519531,-0.8518693447113037,-7.972958564758301,-34.31127166748047,-1.7244603633880615,-9.050914764404297,-20.305593490600586,-0.6311445832252502,-15.60512924194336,-16.84725570678711,0.22814638912677765,-17.34711456298828,-13.901973724365234,1.324804425239563,-16.506996154785156,-11.386247634887695,3.9493155479431152,-9.627873420715332,-7.594193458557129
2_yweweler_29.wav,0.3067094385623932,0.010552915744483471,1123.1832108867718,901.0658585350727,2022.7752685546875,0.067962646484375,-525.2991333007812,181.1880340576172,-43.478790283203125,17.640277862548828,26.346555709838867,-40.1272087097168,-0.4857316017150879,9.439679145812988,-30.84286880493164,-13.6273832321167,-10.6924467086792,-24.308626174926758,-0.8580783605575562,-2.449821949005127,-13.542251586914062,4.20034122467041,-2.215358257293701,-9.096281051635742,9.365945816040039,0.4311310648918152,-10.052061080932617,3.0659871101379395,-5.960461616516113,-14.459077835083008,-1.158266544342041,-6.1775288581848145,-12.707826614379883,-1.9166603088378906,-4.109778881072998,-8.643938064575195
7_jackson_27.wav,0.3663838505744934,0.05605600029230118,1123.7448350276916,969.2390464804356,1952.1806196732955,0.07515092329545454,-345.5664367675781,203.96514892578125,-49.7014274597168,12.43019962310791,17.82478141784668,-49.566139221191406,-11.736281394958496,-6.3701701164245605,-34.737144470214844,-4.74043083190918,1.8763996362686157,-12.1815185546875,-5.579557418823242,-11.825583457946777,-2.8450911045074463,7.933487415313721,-16.675264358520508,-14.157849311828613,1.728329062461853,-15.486929893493652,-8.897485733032227,4.936341762542725,-15.104114532470703,-12.451181411743164,0.7838838696479797,-12.412524223327637,-10.480939865112305,-3.6535608768463135,-11.758145332336426,-4.080677032470703
2_yweweler_20.wav,0.29442283511161804,0.007347885053604841,1044.5884935756708,868.3726253369368,1858.4810697115386,0.06328876201923077,-542.9174194335938,193.30313110351562,-48.17972946166992,13.226984977722168,30.08460807800293,-29.445390701293945,9.43484878540039,10.979227066040039,-30.838693618774414,-10.673589706420898,-12.304741859436035,-27.695676803588867,0.4945216774940491,-2.580349922180176,-16.449926376342773,4.628175258636475,-1.6119649410247803,-11.518146514892578,8.683256149291992,1.805317997932434,-9.578453063964844,6.216725826263428,1.3832125663757324,-10.758722305297852,-3.0736899375915527,-5.1281819343566895,-9.998658180236816,-5.915778160095215,-8.832236289978027,-7.5325798988342285
1_lucas_44.wav,0.4380173683166504,0.029296081513166428,1292.3270059403992,955.4536390990143,2332.6076341711955,0.08385699728260869,-444.04815673828125,149.0006866455078,-38.247764587402344,23.920373916625977,38.335636138916016,-30.540546417236328,-2.121401309967041,20.12961196899414,-17.220138549804688,-9.436060905456543,10.330105781555176,-1.3943489789962769,-3.448366641998291,-0.5743743777275085,-0.12822644412517548,3.628300905227661,-4.1660685539245605,-6.4338483810424805,1.8109971284866333,-4.511467933654785,-8.593021392822266,-1.886566162109375,-5.020971775054932,-5.230458736419678,-0.1841009110212326,-6.89628791809082,-8.357732772827148,-1.0488035678863525,-3.4369592666625977,-4.5926947593688965
4_george_39.wav,0.26684948801994324,0.054211653769016266,895.8377529646253,770.8230296587442,1535.77880859375,0.050258091517857144,-365.5068664550781,203.66317749023438,-68.64139556884766,-17.89838981628418,7.692002773284912,-50.41465377807617,-19.090471267700195,-13.977890014648438,-45.1678581237793,-22.428335189819336,-22.318002700805664,-32.42470932006836,-5.5424580574035645,-12.005722999572754,-21.74409294128418,3.4999992847442627,-7.047225475311279,-26.71255111694336,-11.405556678771973,-13.143667221069336,-20.874492645263672,-6.776541233062744,-4.829525947570801,-8.346272468566895,-5.153332710266113,-10.38518238067627,-8.720073699951172,-2.4495694637298584,-5.497271537780762,-0.1901899129152298
5_theo_47.wav,0.4220285713672638,0.0056830644607543945,1129.6900095607025,836.6230897542654,1998.40087890625,0.07603624131944445,-531.1918334960938,241.6730194091797,-91.90079498291016,-11.667163848876953,23.957504272460938,-43.29118347167969,4.057712554931641,12.149605751037598,-21.06833839416504,12.957813262939453,9.067350387573242,-16.20939064025879,-2.4128050804138184,-13.235831260681152,-10.393824577331543,11.322612762451172,-15.423405647277832,-20.307552337646484,5.039122581481934,-12.867618560791016,-13.50102710723877,11.135420799255371,-4.673010349273682,-12.432671546936035,1.223522663116455,-5.493197441101074,-1.6259026527404785,6.15670108795166,-7.134071350097656,-5.298807621002197
9_george_33.wav,0.3232525587081909,0.03722219169139862,1376.984056459505,1051.0395812321167,2649.2568969726562,0.076629638671875,-387.5317687988281,186.44927978515625,-112.6871109008789,14.22132682800293,38.365013122558594,-51.869224548339844,-9.827091217041016,-16.985694885253906,-47.472557067871094,2.628410816192627,-15.245357513427734,-39.242340087890625,5.322225570678711,-11.823287963867188,-32.94731521606445,0.32026147842407227,-12.2144775390625,-22.73569107055664,1.9767935276031494,-10.7997465133667,-16.220624923706055,-2.84159517288208,-17.03336524963379,-9.927508354187012,3.9656805992126465,-14.541831970214844,-7.101579666137695,7.2374725341796875,-11.157780647277832,-9.336695671081543
5_lucas_33.wav,0.5363153219223022,0.043311718851327896,1404.728177770901,883.2459507688387,2343.9290364583335,0.12076822916666667,-365.8099060058594,163.75489807128906,-60.184539794921875,2.0288686752319336,34.373931884765625,-30.658098220825195,-10.763910293579102,7.991217613220215,-18.70823097229004,-1.728357195854187,11.22101879119873,-4.414936542510986,-1.1797903776168823,-3.9562602043151855,-9.279830932617188,1.8376017808914185,-5.469614028930664,-10.779219627380371,4.707429885864258,-1.8494634628295898,-12.077702522277832,-0.632614016532898,-2.224519729614258,-7.90833044052124,-1.2069236040115356,-5.132033348083496,-6.272911548614502,1.9794154167175293,-4.22883939743042,-7.169414520263672
7_nicolas_18.wav,0.3869743049144745,0.03454868867993355,1203.9711852788573,1109.3631889025899,2530.1513671875,0.060601128472222224,-363.4832763671875,204.4387969970703,-71.74044036865234,33.141624450683594,39.68000793457031,-40.84404373168945,9.7056245803833,-1.3893961906433105,-35.49991226196289,15.494600296020508,3.3821492195129395,-24.533933639526367,10.204751968383789,3.6192753314971924,-8.552978515625,8.274431228637695,-9.746562004089355,-9.895394325256348,9.105724334716797,-10.466458320617676,-9.196308135986328,8.327631950378418,-5.821340560913086,-2.116666555404663,8.640520095825195,-5.449478626251221,-1.725792407989502,4.706639289855957,-5.166937828063965,0.7795470356941223
8_george_38.wav,0.24378985166549683,0.05436578765511513,1421.3959590336804,1207.4567455728106,2819.3115234375,0.05852399553571429,-355.4090881347656,115.01203918457031,-51.87015151977539,30.325809478759766,29.890865325927734,-43.397117614746094,-18.57926368713379,-14.559144020080566,-39.267147064208984,-15.281280517578125,-22.138031005859375,-32.6424446105957,3.674158811569214,-3.4699199199676514,-26.34798812866211,1.0849922895431519,4.638733386993408,-16.367273330688477,-5.252906322479248,0.9926745295524597,-8.104649543762207,-8.168992042541504,-10.688111305236816,-6.655778408050537,1.156978726387024,-8.110217094421387,-9.383048057556152,0.6970643997192383,-3.4957311153411865,-4.412143707275391
5_lucas_5.wav,0.5232733488082886,0.04956628382205963,1320.295200919076,907.2783582083392,2299.9117337740386,0.10216346153846154,-385.43438720703125,160.2923126220703,-44.98319625854492,1.4571489095687866,28.83474349975586,-30.832866668701172,-12.977924346923828,10.64752197265625,-13.886341094970703,-3.229562997817993,11.624410629272461,-3.419874429702759,-3.8691890239715576,-1.2733412981033325,-5.375391006469727,0.6970347762107849,-3.8296823501586914,-9.937854766845703,1.1995950937271118,-0.4416041672229767,-10.225525856018066,-3.880361318588257,-2.0396196842193604,-6.481700420379639,-3.0007829666137695,-4.063144683837891,-5.367494583129883,-0.3218699097633362,-3.602979898452759,-6.473057270050049
7_nicolas_48.wav,0.36122313141822815,0.024324093014001846,1177.6654227853041,1180.9470195542026,2611.5737915039062,0.0531005859375,-389.28875732421875,209.42715454101562,-65.30947875976562,42.70588684082031,37.038116455078125,-43.57831573486328,12.854292869567871,-2.2567665576934814,-37.792442321777344,15.920269966125488,1.3293354511260986,-25.269472122192383,12.47547435760498,2.007848024368286,-10.606528282165527,12.651036262512207,-3.726314067840576,-8.375787734985352,8.847163200378418,-7.957268714904785,-7.635225296020508,3.7646632194519043,-10.812464714050293,-2.944822072982788,6.612573623657227,-7.721816539764404,0.45866283774375916,7.389979839324951,-3.8888449668884277,2.5560126304626465
9_yweweler_45.wav,0.39418521523475647,0.007238870486617088,919.109412391388,899.183727225212,1882.4552837171052,0.04677220394736842,-537.24072265625,227.66552734375,-58.370361328125,11.576332092285156,26.59015464782715,-38.40935134887695,13.889793395996094,10.799145698547363,-37.556331634521484,0.04544122517108917,6.233885288238525,-19.1309871673584,2.785051107406616,-1.7504985332489014,-17.752161026000977,-1.4263041019439697,-7.752928256988525,-13.017129898071289,1.3776957988739014,-9.30962085723877,-12.51225757598877,0.11779137700796127,-7.825994491577148,-6.81196928024292,-0.836958110332489,-12.745560646057129,-6.34386682510376,3.636216878890991,-7.571758270263672,-4.156113624572754
9_george_46.wav,0.3088815212249756,0.053555067628622055,1463.2356469811432,1018.2016313143591,2571.5177837171054,0.09935238486842106,-353.5599365234375,180.55479431152344,-114.1197280883789,7.503303050994873,38.769630432128906,-43.82404708862305,-4.769407272338867,-17.98845863342285,-47.66422653198242,6.106359958648682,-14.244967460632324,-45.71852493286133,1.7187901735305786,-5.252025604248047,-30.486652374267578,-5.858992099761963,-13.884378433227539,-23.664148330688477,-4.902774810791016,-12.217370986938477,-12.114885330200195,-3.3519272804260254,-16.782407760620117,-6.600988864898682,1.0926676988601685,-22.05503273010254,-11.25725269317627,7.087774753570557,-9.852676391601562,-8.805276870727539
9_jackson_14.wav,0.29196006059646606,0.059502989053726196,747.7039283654938,808.7938479424421,1349.0152994791667,0.03842954282407408,-344.8106689453125,222.3318634033203,-28.050769805908203,15.164310455322266,16.67145538330078,-42.69992446899414,-0.2966170608997345,1.6380810737609863,-34.030399322509766,-2.1548097133636475,-1.5618208646774292,-29.166593551635742,-4.922729969024658,4.927684307098389,-11.469618797302246,-6.415986061096191,-4.629647254943848,-6.734809398651123,-5.05983304977417,-13.064350128173828,-9.927115440368652,-5.767364501953125,-16.534902572631836,-10.891277313232422,-5.040915489196777,-17.253707885742188,-10.57804012298584,-0.19016103446483612,-9.705748558044434,-7.626552104949951
0_lucas_21.wav,0.46960440278053284,0.03604668751358986,1097.6844282417303,846.5007124468797,2002.203369140625,0.09144810267857142,-406.95208740234375,199.6444549560547,-46.13047409057617,12.719473838806152,43.14928436279297,-27.9564266204834,-9.382715225219727,8.362554550170898,-21.222692489624023,-7.206162452697754,0.035655077546834946,-15.093043327331543,1.8655039072036743,5.728771209716797,-11.07191276550293,-3.8308112621307373,0.19286952912807465,-6.244922637939453,-1.116422176361084,-2.2878973484039307,-6.311800479888916,-2.6371283531188965,-6.863701820373535,-8.294622421264648,-0.6276012063026428,-1.8327375650405884,-4.854273319244385,-3.4293017387390137,-5.520255088806152,-4.820570945739746
2_george_9.wav,0.24314741790294647,0.04324425756931305,857.5604191849895,887.4519867886986,1800.714111328125,0.033111572265625,-405.256103515625,180.41836547851562,-49.79738998413086,9.089363098144531,14.94520092010498,-45.484867095947266,-1.2827033996582031,-2.1294989585876465,-45.978355407714844,-18.299135208129883,-16.91335678100586,-41.23616409301758,-15.106945037841797,-7.804375171661377,-20.340024948120117,-5.879448890686035,-8.266783714294434,-18.12390899658203,-9.262910842895508,-12.15018081665039,-11.829591751098633,-2.2372591495513916,-9.569127082824707,-10.556304931640625,-4.060179233551025,-11.841865539550781,-10.864161491394043,-4.120965957641602,-7.521913528442383,-3.306509017944336
8_theo_45.wav,0.307900995016098,0.006194822024554014,1261.5427612398996,1093.8046662636857,2692.4785907451924,0.06727013221153846,-550.830322265625,186.650390625,-63.164634704589844,50.43101501464844,44.843345642089844,-57.20340347290039,-2.506377935409546,9.341044425964355,-32.46486282348633,-5.815580368041992,-13.131961822509766,-24.29068374633789,7.6904754638671875,-7.7880635261535645,-14.804941177368164,15.600889205932617,-1.3563892841339111,-14.820954322814941,2.232534408569336,-6.3922882080078125,-5.205132007598877,6.4594926834106445,-5.820755481719971,-4.1349873542785645,-0.6682437062263489,-12.770771026611328,-1.787177324295044,4.454774856567383,-8.947322845458984,-1.4096496105194092
7_jackson_16.wav,0.3575112223625183,0.07202191650867462,798.1074832113649,792.7799943560208,1448.3912417763158,0.044947574013157895,-318.84228515625,219.2816162109375,-37.22837448120117,4.439212799072266,16.748315811157227,-47.148353576660156,-17.876962661743164,-4.950927734375,-29.611343383789062,-5.796699047088623,2.645207166671753,-14.967538833618164,-10.323321342468262,-5.651646137237549,1.2025820016860962,2.198333978652954,-17.792871475219727,-12.318922996520996,1.1427240371704102,-14.747589111328125,-11.322125434875488,1.5249227285385132,-13.519986152648926,-12.456740379333496,0.2580415904521942,-10.336241722106934,-12.691899299621582,-4.8154706954956055,-7.064682960510254,-3.5540854930877686
4_george_23.wav,0.299933522939682,0.11092964559793472,1175.0327856264591,1003.3109916471516,2499.3896484375,0.05848911830357143,-273.20513916015625,188.6300048828125,-84.62166595458984,-5.416384696960449,0.7226592302322388,-73.5912094116211,-12.7404203414917,-3.6048500537872314,-53.45058822631836,-20.549671173095703,-11.232291221618652,-32.8372802734375,-7.665853023529053,-8.806500434875488,-23.931575775146484,-3.0219686031341553,-5.312283992767334,-16.594099044799805,-6.433648586273193,-14.035041809082031,-18.156818389892578,-6.296898365020752,-10.559931755065918,-10.108155250549316,-3.1043851375579834,-8.950103759765625,-4.949787139892578,-1.0412148237228394,-9.094435691833496,-2.4980697631835938
0_george_41.wav,0.25587019324302673,0.06372211873531342,1123.8280196980959,1097.038456339562,2319.252642463235,0.04107306985294118,-337.3686828613281,174.1959686279297,-77.3249282836914,14.885588645935059,32.03956604003906,-40.69526290893555,-13.486320495605469,-27.82856559753418,-55.490482330322266,-11.193655014038086,-24.37249183654785,-48.64042282104492,-7.138976573944092,-8.495924949645996,-27.321186065673828,-3.3730075359344482,-4.843443870544434,-13.222160339355469,-0.6021691560745239,-9.313499450683594,-12.08064079284668,-3.8752670288085938,-15.397910118103027,-11.73403549194336,-2.4975433349609375,-14.836843490600586,-9.126116752624512,1.2263213396072388,-9.156089782714844,-2.819056987762451
1_george_22.wav,0.33437272906303406,0.04273455590009689,1078.7356651834714,966.8552994845835,2200.186695772059,0.06005859375,-364.5707702636719,180.52902221679688,-67.81560516357422,-3.850647449493408,7.287007808685303,-46.42662048339844,-2.640021324157715,-12.641683578491211,-43.19802474975586,-1.572418212890625,-11.206099510192871,-33.60580825805664,-0.7388554811477661,-13.13731575012207,-33.169864654541016,-4.517167091369629,-8.296422958374023,-22.935203552246094,-6.910158634185791,-8.746678352355957,-14.923605918884277,-11.259161949157715,-17.21832275390625,-8.2638521194458,-1.689058780670166,-15.984317779541016,-8.322843551635742,1.3253319263458252,-11.489507675170898,-4.934685230255127
8_theo_14.wav,0.328595370054245,0.005908800754696131,1475.9445121959695,1150.4002791229036,2889.0380859375,0.09202473958333333,-550.9423217773438,156.95654296875,-50.661128997802734,49.632469177246094,38.0080680847168,-55.2871208190918,-4.635149002075195,9.289339065551758,-29.008764266967773,-5.642677307128906,-6.4725728034973145,-16.523468017578125,7.347233295440674,-2.145843744277954,-6.089552402496338,13.45704460144043,-2.2973101139068604,-8.419607162475586,2.7152392864227295,-12.779722213745117,-10.391791343688965,2.9535892009735107,-10.284120559692383,-8.013583183288574,0.09417057037353516,-9.932109832763672,-1.2481318712234497,7.012465476989746,-3.6191153526306152,-0.08294255286455154
9_jackson_20.wav,0.25631996989250183,0.06582903861999512,717.6407748934896,814.8910198294905,1236.5027794471155,0.03662109375,-354.9522705078125,225.20175170898438,-30.10346794128418,19.780437469482422,18.70925521850586,-48.227134704589844,-2.788329839706421,6.2060699462890625,-29.893482208251953,-2.021299123764038,2.176820993423462,-23.187286376953125,-10.67121410369873,-5.1826863288879395,-9.518503189086914,-5.615138053894043,-14.851798057556152,-11.06668758392334,-1.705769419670105,-12.620955467224121,-7.971657752990723,-3.113400459289551,-18.201702117919922,-8.997236251831055,0.8596864342689514,-15.12187385559082,-10.504271507263184,-0.6980924010276794,-10.715210914611816,-4.94132137298584
6_lucas_32.wav,0.575985312461853,0.031962018460035324,1559.7253359254269,1027.8706229869456,2745.951511548913,0.13947860054347827,-385.5152893066406,161.46763610839844,-65.22724914550781,26.867101669311523,47.268882751464844,-38.318519592285156,-7.4890522956848145,10.789937973022461,-21.944602966308594,0.8826298117637634,7.2560224533081055,-12.56871509552002,2.407482862472534,2.9884159564971924,-5.455867767333984,6.240924835205078,-1.5972464084625244,-6.919182300567627,6.128546714782715,-1.836065411567688,-6.334632396697998,4.13775634765625,-2.255126714706421,-4.4541730880737305,1.5165859460830688,-4.785248279571533,-1.0270612239837646,5.941082954406738,-3.2053558826446533,-3.8953592777252197
8_yweweler_47.wav,0.36514610052108765,0.00708204647526145,1472.878116215071,1088.8409714506315,2734.716796875,0.0939453125,-554.8488159179688,184.61949157714844,-70.38172912597656,48.494972229003906,51.48817825317383,-58.7383918762207,-6.0906829833984375,15.128336906433105,-32.44895553588867,-7.187852382659912,-5.004534721374512,-22.55060577392578,7.828255653381348,1.5280894041061401,-15.95055866241455,6.166387557983398,1.9599146842956543,-5.927567005157471,6.39860725402832,-5.19442892074585,-6.193366527557373,5.625725269317627,-8.309880256652832,-6.010045528411865,4.309899806976318,-11.437256813049316,-6.256339073181152,7.06406831741333,-7.077098369598389,-5.028155326843262
7_nicolas_5.wav,0.3347185552120209,0.05440763384103775,1049.2112315052389,1065.554351120481,2312.51220703125,0.05238560267857143,-319.8293151855469,206.38088989257812,-58.98558807373047,30.156768798828125,36.35386276245117,-39.95854949951172,-1.5952211618423462,-8.447591781616211,-38.38861083984375,8.634225845336914,6.1843156814575195,-21.931774139404297,4.30358362197876,5.821127414703369,-4.885590076446533,3.6761460304260254,-10.097371101379395,-7.572290897369385,7.962296962738037,-11.38267993927002,-12.537945747375488,5.186301231384277,-4.6495561599731445,-3.1560020446777344,5.731880187988281,-6.560339450836182,-2.342634677886963,6.742372989654541,-3.7952845096588135,-2.5339813232421875
4_nicolas_46.wav,0.277511328458786,0.044667333364486694,930.3071845001165,928.8420403124195,1717.27294921875,0.05046735491071429,-341.3763122558594,213.031982421875,-31.71116828918457,21.65223503112793,-1.2274640798568726,-64.1798095703125,1.6072851419448853,4.450747489929199,-26.97857666015625,11.798810958862305,-1.2040547132492065,-24.367656707763672,11.05737018585205,5.981868743896484,-5.8333587646484375,17.367626190185547,1.854246973991394,-14.193120002746582,-1.862027883529663,-12.3759126663208,-12.909866333007812,2.595832109451294,-3.9662349224090576,-0.23441669344902039,7.672958850860596,-4.110992431640625,0.4663018584251404,7.439076900482178,-2.6721673011779785,1.7512714862823486
0_george_12.wav,0.2227753847837448,0.041326817125082016,1133.8578305082954,980.6752766619998,2208.1321022727275,0.06081321022727273,-391.2029113769531,171.14816284179688,-76.17064666748047,20.07477569580078,38.340335845947266,-45.77358627319336,-15.839287757873535,-15.544629096984863,-43.919063568115234,-7.431187629699707,-19.36455535888672,-42.31082534790039,-3.3064277172088623,-8.086994171142578,-29.281822204589844,-3.4073455333709717,-5.384180068969727,-17.698577880859375,-4.446043491363525,-14.612911224365234,-19.03169059753418,-3.4560532569885254,-14.874069213867188,-18.177040100097656,-1.5795197486877441,-8.483283042907715,-11.51515007019043,-0.3767232894897461,-4.958696365356445,-4.9124274253845215
3_lucas_37.wav,0.495441198348999,0.04767577350139618,1203.9144237962291,966.2884539889673,2351.034268465909,0.08589311079545454,-371.1579284667969,197.47398376464844,-61.41079330444336,24.71489906311035,57.21748352050781,-37.235050201416016,-16.27914047241211,12.73400592803955,-19.92474365234375,-6.35537576675415,2.600310802459717,-16.806180953979492,-2.9298593997955322,1.0510954856872559,-11.291430473327637,0.92987060546875,0.2831372916698456,-10.014476776123047,-0.11029960960149765,-2.333674430847168,-9.235111236572266,0.1686546951532364,-3.072965383529663,-9.135464668273926,-1.3212984800338745,-4.3622894287109375,-9.042983055114746,-2.1830365657806396,-3.5980966091156006,-6.828741550445557
5_yweweler_16.wav,0.5463204979896545,0.007336884271353483,1119.2179665539356,953.4852857966671,2175.8322975852275,0.07470703125,-534.2766723632812,200.2086944580078,-59.59151840209961,9.254556655883789,27.565460205078125,-36.99724197387695,8.084153175354004,14.451628684997559,-23.526700973510742,9.975018501281738,13.97861099243164,-12.069921493530273,8.132935523986816,5.824301242828369,-11.008285522460938,3.336580753326416,-2.3050057888031006,-8.706015586853027,7.487840175628662,-2.1670420169830322,-9.461566925048828,5.8665852546691895,-0.945059061050415,-7.004127502441406,4.161913871765137,-1.3758190870285034,-5.162781715393066,3.2445709705352783,-0.39273712038993835,-2.738041877746582
8_jackson_16.wav,0.3320046663284302,0.08434223383665085,999.8261483048097,1029.6921187391495,2294.7216796875,0.04716796875,-315.80279541015625,183.43072509765625,-40.25763702392578,49.03942108154297,38.837013244628906,-66.69068908691406,-32.376976013183594,0.2577667236328125,-24.196680068969727,-18.163169860839844,-23.956850051879883,-24.17575454711914,-0.1778493970632553,-11.11543083190918,-13.717897415161133,6.966102123260498,-5.0798115730285645,-10.56189250946045,-0.19580955803394318,-10.676054954528809,-7.838010787963867,-2.540506601333618,-17.955236434936523,-10.445165634155273,-2.981860876083374,-20.00934410095215,-12.948864936828613,-1.2478574514389038,-12.069437980651855,-8.408679962158203
7_yweweler_40.wav,0.3235127627849579,0.006912420969456434,1411.5662122897804,993.1556096979446,2521.77734375,0.09601056134259259,-553.1372680664062,179.8605194091797,-70.38949584960938,23.882665634155273,35.246395111083984,-40.32707595825195,7.961638927459717,3.623297691345215,-38.23411560058594,6.960248947143555,7.79985237121582,-24.285043716430664,1.31303071975708,2.568577766418457,-10.415313720703125,5.264469623565674,-5.059276580810547,-9.971570014953613,7.01992130279541,-6.831172943115234,-12.273773193359375,1.9026743173599243,-8.11320686340332,-6.980363845825195,5.484358787536621,-6.532820701599121,-6.753625869750977,3.495607614517212,-5.298173904418945,-4.885303974151611
7_yweweler_9.wav,0.31932446360588074,0.007560765370726585,963.6523822315985,885.9271665672102,1877.4261474609375,0.04388427734375,-532.5607299804688,211.342529296875,-61.58216094970703,12.160661697387695,38.53835678100586,-33.59605407714844,-0.9040741920471191,0.6723511219024658,-35.8873405456543,4.918058395385742,11.794011116027832,-24.67551040649414,-6.941714286804199,5.238632678985596,-8.137763977050781,-4.634568214416504,-10.493728637695312,-11.043448448181152,3.079246997833252,-6.970685958862305,-12.14342212677002,-1.9895775318145752,-11.29601764678955,-9.777664184570312,4.2432403564453125,-5.930315971374512,-7.765661239624023,4.9496235847473145,-3.147556781768799,-8.519582748413086
5_george_40.wav,0.35442253947257996,0.08733893185853958,1500.558690827133,976.3043179561209,2700.9814453125,0.09869791666666666,-291.9488830566406,199.67031860351562,-133.11624145507812,-12.917840003967285,18.537752151489258,-68.06217956542969,-16.97232437133789,-21.57705307006836,-53.30622863769531,5.236424446105957,-7.668481349945068,-37.451786041259766,3.4891624450683594,-16.784482955932617,-42.69355773925781,-5.0596113204956055,-9.438966751098633,-19.078550338745117,4.972784519195557,-9.073225975036621,-18.45545196533203,-3.5810587406158447,-15.758438110351562,-12.397969245910645,5.905014514923096,-6.10675573348999,-8.932209968566895,-2.5208332538604736,-12.552863121032715,-8.060243606567383
7_jackson_48.wav,0.4353701174259186,0.06514841318130493,948.009369302547,899.2277187824527,1887.923583984375,0.058642578125,-309.13531494140625,210.17257690429688,-48.92100524902344,14.648397445678711,31.845890045166016,-36.00828170776367,-12.747139930725098,-14.277627944946289,-38.21147918701172,-1.7836135625839233,4.489137172698975,-16.555179595947266,-8.12214183807373,-5.367022514343262,-2.2367615699768066,-3.9109034538269043,-25.06390953063965,-13.734823226928711,2.708634853363037,-17.689285278320312,-16.488203048706055,-3.846532106399536,-14.521142959594727,-5.270510196685791,2.8989930152893066,-16.332592010498047,-12.72461223602295,-0.25396355986595154,-8.887208938598633,-7.393028259277344
7_lucas_48.wav,0.48413190245628357,0.02931951731443405,1387.315069359759,933.9658367609388,2424.341662176724,0.1009900323275862,-435.59246826171875,156.27755737304688,-45.863014221191406,24.5393123626709,48.5369758605957,-27.50714683532715,-9.92673110961914,11.177523612976074,-18.212200164794922,-3.4141266345977783,13.306049346923828,-4.610846042633057,-5.6827006340026855,1.487420916557312,3.1391141414642334,4.554090976715088,-6.028711318969727,-7.038605690002441,4.10275936126709,-2.1680908203125,-6.606088161468506,-0.054526302963495255,-3.716554641723633,-2.6016366481781006,3.033108949661255,-4.201298713684082,-4.553137302398682,0.9520272612571716,-3.6671507358551025,-0.8797126412391663
6_theo_39.wav,0.31089863181114197,0.005557531025260687,1813.4086109508576,1088.5248588190643,2968.748715049342,0.17223478618421054,-550.20849609375,143.8463897705078,-69.4119644165039,31.454147338867188,32.05990982055664,-40.81320571899414,4.755659103393555,-1.359068512916565,-27.361614227294922,9.120250701904297,-10.346668243408203,-23.887531280517578,13.574098587036133,-0.990951657295227,-8.471317291259766,14.424412727355957,-6.5152153968811035,-6.087045192718506,15.478978157043457,-10.30815315246582,-15.254960060119629,3.962397813796997,-9.973377227783203,-9.555956840515137,2.2951130867004395,-6.556578159332275,0.7014027237892151,5.340604305267334,-7.883686065673828,0.01575610600411892
7_jackson_10.wav,0.28984197974205017,0.033169783651828766,839.7962811982263,829.2102048151671,1567.078857421875,0.0419921875,-385.0095520019531,211.550048828125,-40.12460708618164,7.917553901672363,28.209514617919922,-37.128787994384766,-25.509479522705078,-16.198482513427734,-26.449169158935547,1.1471282243728638,1.5190484523773193,-16.897336959838867,-6.124394416809082,-1.7604644298553467,-3.1073715686798096,-6.0383501052856445,-21.280559539794922,-11.457939147949219,2.6470820903778076,-12.640995025634766,-9.297906875610352,1.6645148992538452,-14.30310344696045,-12.495634078979492,-1.0549036264419556,-13.969758987426758,-12.40315055847168,1.3175857067108154,-5.063024520874023,-8.115667343139648
5_yweweler_8.wav,0.4861016273498535,0.009499036706984043,1220.2379514991376,956.3893079341976,2287.619500411184,0.10264185855263158,-492.2315368652344,203.8868408203125,-71.74752807617188,10.452886581420898,30.2424373626709,-40.006439208984375,9.878114700317383,14.031085968017578,-25.970552444458008,13.692842483520508,14.38525676727295,-16.78249168395996,7.724384307861328,6.88322114944458,-11.427085876464844,2.3617537021636963,-5.395035266876221,-9.36806583404541,9.854988098144531,-2.7675764560699463,-10.182901382446289,5.427704334259033,-5.321888446807861,-8.415372848510742,7.3212571144104,-2.572291612625122,-7.878169059753418,3.608633041381836,-2.2778429985046387,-5.71777868270874
5_jackson_19.wav,0.32268252968788147,0.06401762366294861,771.0981552325666,722.5592496967796,1350.5355834960938,0.045135498046875,-321.5920104980469,224.67953491210938,-35.84299087524414,-4.664712429046631,11.426983833312988,-39.738624572753906,-14.567852020263672,-8.860408782958984,-29.513431549072266,-4.245283603668213,3.0004565715789795,-9.856240272521973,-8.22369384765625,-15.336673736572266,-7.5768256187438965,3.1077890396118164,-17.770009994506836,-16.034282684326172,1.7350629568099976,-12.91974925994873,-12.847436904907227,3.064417600631714,-8.485832214355469,-12.173352241516113,-4.0447869300842285,-12.071481704711914,-11.597540855407715,-6.413566589355469,-10.57345962524414,-4.08293342590332
0_george_10.wav,0.3436525762081146,0.03213674947619438,1249.8171201463933,988.4974194945372,2333.089932528409,0.07627544981060606,-426.36785888671875,129.12109375,-52.9211540222168,15.600223541259766,28.443214416503906,-33.743595123291016,-16.305774688720703,-16.825050354003906,-32.334503173828125,-7.153313636779785,-21.16752052307129,-34.94911193847656,-3.1674301624298096,-9.493000984191895,-24.748746871948242,-1.9343583583831787,-2.333069324493408,-11.865252494812012,-2.336850166320801,-9.805940628051758,-12.122551918029785,-0.8920455574989319,-11.028172492980957,-14.069395065307617,-3.275381565093994,-10.184784889221191,-9.563681602478027,1.7623612880706787,-3.7113518714904785,-4.144369125366211
0_george_26.wav,0.3201163411140442,0.062247347086668015,1377.770459203862,1003.3626650455008,2504.2317708333335,0.09083839699074074,-344.6371154785156,139.4525146484375,-73.23308563232422,26.777542114257812,36.58018493652344,-47.70174789428711,-14.42872428894043,-14.728133201599121,-48.18345642089844,-11.979241371154785,-18.217588424682617,-41.95576477050781,-6.56422758102417,-7.7683844566345215,-26.31317901611328,-2.3491861820220947,-4.393299579620361,-15.87592887878418,-1.3743497133255005,-10.538861274719238,-18.572858810424805,-5.502068042755127,-13.339611053466797,-14.515803337097168,1.0907738208770752,-5.62830114364624,-9.599803924560547,-1.0589200258255005,-6.485304832458496,-5.572873115539551
4_theo_5.wav,0.27419883012771606,0.0051856935024261475,718.7838232266021,661.5184535992933,1159.56298828125,0.039501953125,-584.87890625,247.88272094726562,-32.107757568359375,-0.6508234143257141,10.973993301391602,-34.42587661743164,1.4585826396942139,0.5818065404891968,-23.23439598083496,2.39501690864563,-7.487416744232178,-21.806543350219727,4.695626735687256,-1.9358024597167969,-11.600011825561523,8.169857025146484,-1.8636960983276367,-13.722508430480957,-4.140301704406738,-15.094152450561523,-17.84994888305664,-1.9756923913955688,-7.044306755065918,-11.01325798034668,-4.477944850921631,-8.363710403442383,-3.7331035137176514,6.246760845184326,3.8317928314208984,2.473165988922119
3_theo_22.wav,0.28800082206726074,0.04005713388323784,1123.9427604231562,1049.4220562792648,2401.669921875,0.05367838541666667,-407.0972900390625,141.90586853027344,-41.4029426574707,35.9459228515625,39.87203598022461,-35.7548828125,-12.705398559570312,-8.53497314453125,-33.24830627441406,-11.976378440856934,-16.34147071838379,-24.79094886779785,-2.1145694255828857,-10.31422233581543,-12.585724830627441,9.262605667114258,-3.278616189956665,-9.1354398727417,5.2071332931518555,-9.103005409240723,-12.589709281921387,1.917076587677002,-7.5740742683410645,-9.300012588500977,-1.7991671562194824,-12.99245548248291,-12.48934268951416,-4.700860977172852,-10.168837547302246,-5.746745586395264
0_theo_17.wav,0.3292534649372101,0.004930637311190367,962.8599277669764,974.5720961269208,2070.3541475183824,0.03771254595588235,-585.1672973632812,213.03575134277344,-62.425811767578125,31.79064178466797,51.17966079711914,-32.29206085205078,-5.980266571044922,-9.649680137634277,-30.796005249023438,9.75114917755127,-4.104229927062988,-23.825132369995117,10.372020721435547,0.31900978088378906,-12.635017395019531,9.198423385620117,-5.15432071685791,-13.304361343383789,2.53267240524292,-11.052961349487305,-12.333035469055176,0.19618399441242218,-12.986764907836914,-8.89486312866211,3.517298936843872,-9.347421646118164,-7.155445098876953,2.1541295051574707,-6.411457538604736,-5.279310703277588
9_george_12.wav,0.27699294686317444,0.04370928183197975,1265.2821501343801,1043.0003643404727,2413.2568359375,0.05775669642857143,-365.726806640625,178.4244842529297,-99.06929016113281,9.962053298950195,33.483558654785156,-50.9684944152832,-13.994051933288574,-11.362208366394043,-37.460662841796875,3.628535032272339,-9.35188102722168,-35.72003936767578,-3.1774916648864746,-11.763245582580566,-30.344955444335938,-9.032782554626465,-13.004823684692383,-16.018295288085938,-3.5909457206726074,-15.779808044433594,-12.273639678955078,-2.335433006286621,-18.945186614990234,-10.789966583251953,2.9980270862579346,-12.777735710144043,-8.150779724121094,0.22507290542125702,-15.0897855758667,-9.3945951461792
1_nicolas_37.wav,0.3423479199409485,0.03211631253361702,1012.730429605536,1073.8769547681886,2247.3486328125,0.05087890625,-379.1958923339844,232.1699676513672,-64.52157592773438,34.501461029052734,31.37281608581543,-42.09746551513672,20.056699752807617,4.654810428619385,-33.45170593261719,17.06615447998047,0.7261043787002563,-26.108366012573242,9.948156356811523,-1.985148549079895,-12.615315437316895,12.170392990112305,-6.190648555755615,-11.150826454162598,9.337265014648438,-5.929017066955566,-5.085616588592529,8.23831844329834,-8.343439102172852,-4.329382419586182,6.038001537322998,-8.096905708312988,-2.36346173286438,5.0370965003967285,-4.813133716583252,2.393651008605957
1_yweweler_29.wav,0.35805103182792664,0.01403037179261446,798.3677605919646,705.3009255436654,1317.1142578125,0.053483072916666666,-512.069580078125,221.61798095703125,-36.0726432800293,0.36706772446632385,9.549154281616211,-42.37110137939453,5.927941799163818,13.24180793762207,-29.520973205566406,-3.76001238822937,6.15629243850708,-17.497886657714844,-4.204918384552002,-2.285684108734131,-13.884427070617676,-2.1758623123168945,-5.77910041809082,-12.336901664733887,0.8663807511329651,-2.5421884059906006,-8.58706283569336,-1.6731390953063965,-6.6200032234191895,-6.929540634155273,-0.3093608617782593,-7.818363666534424,-6.499746799468994,1.1386641263961792,-6.582246780395508,-5.541398048400879
3_george_6.wav,0.2435757964849472,0.06017661094665527,1388.4393052409102,1129.1963663694983,2801.708984375,0.06635199652777778,-364.8264465332031,153.81394958496094,-81.63487243652344,32.55061340332031,39.76111602783203,-54.95076370239258,-19.282522201538086,-23.12972640991211,-51.90065002441406,-5.670792102813721,-21.750085830688477,-49.38778305053711,-2.5429811477661133,-4.599662780761719,-28.65464210510254,-5.194882392883301,-8.772151947021484,-16.498075485229492,-1.7906278371810913,-16.336841583251953,-16.695085525512695,1.2481439113616943,-17.04698944091797,-18.10645866394043,3.97581148147583,-8.553009033203125,-13.41877269744873,4.018965721130371,-0.35158172249794006,-4.731714248657227
4_lucas_7.wav,0.5433125495910645,0.04021666571497917,1267.0987791070731,833.8591516305041,2091.796875,0.10100446428571429,-452.023681640625,108.63142395019531,-1.2310543060302734,10.501380920410156,9.237340927124023,-28.85822105407715,-10.015942573547363,14.31738567352295,-2.5732693672180176,-4.0366315841674805,6.886778831481934,-0.6984779238700867,-3.9958174228668213,0.32471293210983276,-0.8539965748786926,-0.35659196972846985,-2.2155535221099854,-5.823753833770752,-0.8974707722663879,-0.132795050740242,-5.820018768310547,-1.8170242309570312,1.9483864307403564,-3.7280890941619873,-4.188944339752197,-0.9415706992149353,-3.8376450538635254,-4.574169158935547,-0.9191497564315796,-0.9212924838066101
5_theo_34.wav,0.3821464478969574,0.0038832873106002808,1149.533988333341,903.2672770493373,2085.1318359375,0.0740327380952381,-575.3299560546875,237.32044982910156,-88.31024932861328,3.9455370903015137,29.776905059814453,-42.77857208251953,1.9640177488327026,3.7509613037109375,-22.986297607421875,16.501218795776367,8.053203582763672,-11.838723182678223,7.299777984619141,-9.795063972473145,-8.824316024780273,13.876042366027832,-14.627479553222656,-16.606054306030273,9.322702407836914,-11.87981128692627,-14.068411827087402,6.229930877685547,-7.825682640075684,-5.681192874908447,6.659212589263916,-7.603931903839111,-4.967060565948486,1.0569952726364136,-8.94658374786377,0.48017415404319763
5_theo_12.wav,0.4036126732826233,0.005435620434582233,1089.2660791867709,846.1264460133413,1879.541015625,0.06218610491071429,-534.7384643554688,251.51895141601562,-92.041748046875,-9.930784225463867,23.679494857788086,-45.54642868041992,-3.989614248275757,2.2591745853424072,-20.764556884765625,17.685123443603516,10.650579452514648,-11.566047668457031,1.1654740571975708,-15.573199272155762,-10.655888557434082,9.865928649902344,-21.866535186767578,-19.742534637451172,10.789878845214844,-13.169288635253906,-14.720823287963867,10.30692195892334,-10.221725463867188,-14.859376907348633,2.7997679710388184,-8.752686500549316,-4.913618564605713,7.642830848693848,-5.694882869720459,-4.937862873077393
4_lucas_41.wav,0.44461536407470703,0.05209500342607498,1017.1365834672932,801.8395179665911,1656.333984375,0.07916015625,-393.0630798339844,192.0313720703125,-11.926628112792969,22.79144287109375,13.898004531860352,-50.36112976074219,-4.604040145874023,17.881906509399414,-21.470661163330078,-5.029011249542236,12.560962677001953,-7.867445468902588,-6.36514949798584,-0.4247659742832184,-3.004060983657837,2.51955509185791,-3.0838422775268555,-4.949312210083008,3.560892105102539,-6.910245418548584,-10.87574577331543,0.5235748887062073,-7.8891825675964355,-11.064682960510254,3.763850450515747,-1.034542202949524,-8.229432106018066,1.1994433403015137,-0.7681911587715149,-6.5150322914123535
4_nicolas_18.wav,0.3883039057254791,0.08630424737930298,881.5038664325007,835.9900741921367,1464.2578125,0.04653033088235294,-298.583251953125,210.52044677734375,-31.133195877075195,11.244047164916992,-3.5515496730804443,-59.27003860473633,-1.944891095161438,5.666818141937256,-20.95108985900879,9.141542434692383,-2.4427027702331543,-18.84474754333496,12.199430465698242,1.9748342037200928,-11.83882999420166,10.396698951721191,-2.9471335411071777,-18.004440307617188,-2.597762107849121,-6.729287624359131,-9.316662788391113,-0.09010233730077744,-5.437990665435791,0.5686491131782532,6.40431022644043,-7.099300384521484,-2.708031177520752,4.361696243286133,-5.647197723388672,0.3965752422809601
8_lucas_8.wav,0.5235475301742554,0.06380125880241394,1329.7198318028782,1040.6284064200358,2558.14453125,0.0950927734375,-380.72381591796875,145.33670043945312,-42.00299072265625,23.830028533935547,42.456703186035156,-32.27493667602539,-17.272125244140625,4.574106216430664,-17.70651626586914,-6.007262229919434,1.6764805316925049,-10.499143600463867,-0.4764571189880371,2.62941837310791,-4.577492713928223,-0.4319314956665039,-3.1805999279022217,-1.2189618349075317,6.522363185882568,-5.872482776641846,-9.702306747436523,2.440739870071411,-4.177950859069824,-8.635879516601562,1.7582333087921143,-1.547937035560608,-6.298527717590332,-1.3682998418807983,-3.5754146575927734,-3.628741502761841
6_yweweler_15.wav,0.3738584816455841,0.008524905890226364,1353.2991045671051,1069.3547635202676,2634.881036931818,0.08775745738636363,-531.3765869140625,173.25682067871094,-66.21697235107422,29.80113410949707,46.327274322509766,-40.64265441894531,-7.688177108764648,3.940531015396118,-26.666589736938477,-2.3887147903442383,-9.0078706741333,-25.113874435424805,3.4951021671295166,-1.752038836479187,-12.883840560913086,5.960847854614258,-2.4623701572418213,-4.394313335418701,10.745685577392578,-5.67171049118042,-6.702003479003906,8.440810203552246,-9.933955192565918,-12.003190040588379,5.02659273147583,-6.40077543258667,-7.110778331756592,5.827508926391602,-3.647510290145874,-5.502878665924072
8_jackson_41.wav,0.406822144985199,0.061997584998607635,1439.5309009870398,1231.1127096935552,2922.486328125,0.086953125,-362.7359313964844,131.13279724121094,-30.554719924926758,45.35801315307617,33.22993850708008,-45.424556732177734,-10.466767311096191,0.569216251373291,-28.736173629760742,-9.5416259765625,-8.03200912475586,-15.355891227722168,2.3242361545562744,-6.730271816253662,-11.746850967407227,2.100207567214966,-10.767352104187012,-12.186490058898926,3.3145315647125244,-6.071063995361328,-7.84686279296875,-1.6180846691131592,-11.102997779846191,-5.738185405731201,-1.4449031352996826,-13.555327415466309,-4.8868489265441895,1.3637423515319824,-10.860113143920898,-3.3876214027404785
6_nicolas_30.wav,0.4415284991264343,0.04930783063173294,1294.4460318966142,1192.4882727803383,2906.982421875,0.06298828125,-349.25640869140625,176.95278930664062,-59.737613677978516,51.426414489746094,46.45947265625,-45.265411376953125,8.900184631347656,6.946776390075684,-38.82706069946289,-1.6949013471603394,-6.816707611083984,-26.25290870666504,7.199291706085205,-4.567408561706543,-18.13265037536621,11.356878280639648,-0.2787053883075714,-12.595818519592285,9.254416465759277,0.6665645241737366,-9.068461418151855,3.6270573139190674,0.7753447890281677,1.8711068630218506,6.252077579498291,-3.8011701107025146,-1.047407865524292,1.0626680850982666,-7.437838554382324,0.7600665092468262
8_jackson_39.wav,0.4006631672382355,0.07017005980014801,1620.8665946410435,1231.717921421752,3051.5625,0.10486421130952381,-329.0129699707031,147.72872924804688,-50.64838409423828,66.37224578857422,34.351837158203125,-70.92040252685547,-4.669625282287598,9.701643943786621,-38.91945266723633,-14.718863487243652,-13.762478828430176,-21.8850040435791,3.1655142307281494,-12.25719165802002,-17.89023208618164,4.462343692779541,-13.64173698425293,-17.27903938293457,3.4429752826690674,-9.304742813110352,-11.879087448120117,-1.5916143655776978,-12.193894386291504,-8.342557907104492,-3.6452581882476807,-13.627405166625977,-4.11460542678833,-2.6027843952178955,-15.199529647827148,-3.96441912651062
7_jackson_12.wav,0.350533664226532,0.06503517180681229,760.9283796183433,758.2546221997856,1343.671875,0.0454833984375,-334.87176513671875,209.92434692382812,-21.342565536499023,6.247251987457275,22.979467391967773,-34.210792541503906,-24.675931930541992,-13.849197387695312,-19.99236297607422,6.329638481140137,8.504534721374512,-10.985638618469238,-9.448295593261719,-7.330280303955078,-0.31156033277511597,0.980139434337616,-20.429418563842773,-14.516963005065918,5.230449199676514,-9.830790519714355,-13.927803039550781,-1.3066651821136475,-13.621999740600586,-16.250537872314453,-2.7584755420684814,-8.964678764343262,-11.376904487609863,-3.2778639793395996,-6.532015323638916,-4.5736846923828125
8_nicolas_19.wav,0.5185486078262329,0.0262361541390419,1229.9684070064152,1139.446870956254,2644.9951171875,0.04782443576388889,-380.9264831542969,212.85272216796875,-78.5407485961914,31.288021087646484,37.14775085449219,-49.675987243652344,4.105585098266602,5.230378150939941,-26.368587493896484,17.157411575317383,1.4758849143981934,-23.214733123779297,11.793651580810547,-1.7587840557098389,-15.658970832824707,9.473859786987305,-6.859650135040283,-10.96944522857666,12.161701202392578,-6.427770614624023,-10.321893692016602,9.947393417358398,-2.7731454372406006,-4.775681495666504,7.493940353393555,-1.6350858211517334,0.8016860485076904,6.061741828918457,-3.4773852825164795,1.4969242811203003
5_nicolas_12.wav,0.4033573865890503,0.037525758147239685,1066.888689213147,1005.7909161686554,2074.96337890625,0.0651584201388889,-345.36578369140625,228.43836975097656,-72.01273345947266,17.127269744873047,20.64984893798828,-46.22058868408203,16.028121948242188,6.607643127441406,-34.53205871582031,11.11685562133789,2.114591121673584,-20.63277816772461,12.04092788696289,-2.476543664932251,-16.67646598815918,8.882668495178223,-3.5602149963378906,-7.2000603675842285,11.801078796386719,-6.274877548217773,-9.68684196472168,6.741157531738281,-5.673338413238525,-6.077633380889893,4.428369522094727,-3.8938992023468018,0.04567451775074005,5.350641250610352,-2.564291000366211,0.9765893220901489
8_theo_22.wav,0.4498930275440216,0.003326419275254011,1466.8316182751735,1145.0631232377827,2970.720703125,0.10697265625,-605.8826293945312,169.61611938476562,-62.270633697509766,41.92604446411133,34.79762268066406,-49.831214904785156,8.265624046325684,9.204657554626465,-34.514251708984375,1.9200968742370605,-1.195125937461853,-20.753978729248047,7.210309982299805,-2.3956596851348877,-11.44583511352539,9.717826843261719,-4.668557643890381,-7.577917098999023,9.101468086242676,-8.32328987121582,-7.810856342315674,7.020455360412598,-10.51941204071045,-9.80074691772461,4.38394832611084,-6.339658737182617,-4.547140598297119,2.7542335987091064,-5.739810943603516,-2.1442437171936035
9_theo_35.wav,0.322047621011734,0.0048743681982159615,934.5419413920386,882.0932546235327,1809.9853515625,0.04641384548611111,-565.4609375,235.07432556152344,-74.37052154541016,9.196971893310547,42.71919250488281,-35.376583099365234,-1.112119436264038,9.443288803100586,-19.246070861816406,12.424848556518555,7.51743221282959,-19.88231658935547,-0.8123719096183777,-3.338271379470825,-13.663358688354492,-3.2258729934692383,-16.217796325683594,-15.239500045776367,4.008697986602783,-8.766156196594238,-10.614971160888672,2.8050975799560547,-9.551027297973633,-6.758857727050781,7.965887069702148,-5.128695964813232,-9.059134483337402,0.7201069593429565,-2.652202606201172,0.44376468658447266
5_jackson_44.wav,0.38924887776374817,0.09857545047998428,981.3970220392432,917.5061662307245,1822.9814009232955,0.05539772727272727,-274.4121398925781,232.84002685546875,-64.10701751708984,6.186243057250977,16.222288131713867,-50.274906158447266,-4.399916172027588,-9.198477745056152,-37.10208511352539,8.042475700378418,3.6248269081115723,-20.212770462036133,-2.0434160232543945,-10.265913963317871,-10.639400482177734,0.5881758332252502,-22.15483856201172,-11.365020751953125,8.077207565307617,-22.583784103393555,-17.91620445251465,8.91023063659668,-10.361124038696289,-11.558984756469727,3.673229217529297,-10.742234230041504,-8.812769889831543,-0.12449667602777481,-12.584792137145996,-7.4059367179870605
0_jackson_8.wav,0.3027947247028351,0.10177182406187057,776.2335450336094,811.4778862378588,1511.2001953125,0.0374609375,-313.7901611328125,189.10337829589844,-9.336006164550781,5.9641265869140625,16.29499053955078,-23.879507064819336,-13.484951972961426,-14.122027397155762,-21.789203643798828,-3.498610496520996,-14.884162902832031,-22.563377380371094,-0.6463040709495544,-6.340039253234863,-10.132160186767578,6.302380561828613,-3.7740893363952637,-7.520044326782227,4.945500373840332,-10.859047889709473,-17.048240661621094,-0.5735891461372375,-8.181173324584961,-14.45330810546875,-3.022135019302368,-7.188226699829102,-10.71525764465332,-3.1273553371429443,-5.703731536865234,-6.5948262214660645
1_jackson_37.wav,0.24387671053409576,0.07393289357423782,714.0598082842057,755.5858755729436,1112.926603618421,0.039036800986842105,-339.2032165527344,202.7344970703125,-11.886163711547852,11.308520317077637,8.469108581542969,-46.14705276489258,-7.531486988067627,6.566189289093018,-32.311058044433594,-18.929067611694336,-3.443288803100586,-17.470348358154297,-11.709653854370117,-7.138746738433838,-9.827214241027832,-1.661481499671936,-6.110070705413818,-11.621759414672852,-4.158663272857666,-8.728890419006348,-12.176493644714355,-4.886371612548828,-9.579355239868164,-12.121309280395508,-6.313597202301025,-12.247694969177246,-12.919509887695312,-2.100714683532715,-4.194629192352295,-9.088094711303711
5_nicolas_23.wav,0.3941737115383148,0.03902478516101837,1067.0060666520226,945.3333730305276,2083.33740234375,0.065948486328125,-344.096923828125,229.7056884765625,-73.4322509765625,11.884953498840332,20.37171745300293,-47.08649444580078,15.985570907592773,9.922608375549316,-31.112525939941406,10.701276779174805,1.3280351161956787,-18.666683197021484,12.75804328918457,-3.841747999191284,-16.960189819335938,9.076598167419434,-2.946599006652832,-6.163532257080078,11.185627937316895,-6.769438743591309,-9.287757873535156,3.575261116027832,-10.768592834472656,-6.84201717376709,6.169234275817871,-3.3370137214660645,0.7834044694900513,4.65057373046875,-5.113763809204102,2.6463170051574707
7_yweweler_43.wav,0.3407682776451111,0.00861088465899229,1098.5947867484717,1016.3092822849752,2351.904296875,0.048149956597222224,-528.3290405273438,204.30084228515625,-66.16557312011719,19.47281837463379,40.99794387817383,-39.025604248046875,-1.033677577972412,3.8824844360351562,-35.41720199584961,2.81628155708313,11.039380073547363,-19.593626022338867,-4.570694923400879,0.18670892715454102,-6.058442115783691,4.634040832519531,-7.585809707641602,-9.312274932861328,8.428322792053223,-5.446281909942627,-11.755758285522461,1.8704054355621338,-7.8856048583984375,-7.591188907623291,5.493608474731445,-6.74580192565918,-9.579794883728027,2.2879438400268555,-4.129554748535156,-5.420360565185547
3_nicolas_40.wav,0.3594663441181183,0.04069310426712036,1312.3595548936235,1125.245556805482,2772.814002403846,0.08826622596153846,-353.2796630859375,207.74459838867188,-80.28173828125,42.54732894897461,40.4991455078125,-52.41980743408203,8.658617973327637,2.0038962364196777,-34.5038948059082,16.110124588012695,-0.5234301090240479,-29.419811248779297,9.23344898223877,1.4107327461242676,-10.167448043823242,14.70753002166748,-2.2102863788604736,-8.515068054199219,11.262409210205078,-5.955446243286133,-9.04848861694336,4.549855709075928,-9.689911842346191,-5.927863121032715,4.777761459350586,-7.952390193939209,-2.50838303565979,3.100111961364746,-8.477408409118652,-0.21513961255550385
9_yweweler_21.wav,0.3578943908214569,0.008260149508714676,1023.1983824275576,902.1640048799914,2009.765625,0.057291666666666664,-523.1148071289062,220.75140380859375,-70.3509292602539,5.702508926391602,25.94784927368164,-41.070980072021484,11.261053085327148,13.47674560546875,-31.64790916442871,3.022636651992798,5.266146183013916,-20.045270919799805,2.057753801345825,-4.14756441116333,-18.59061622619629,0.03417634218931198,-8.25477123260498,-14.26849365234375,2.1321592330932617,-8.125785827636719,-9.458821296691895,4.813089847564697,-7.014174461364746,-7.048542022705078,3.2889244556427,-10.11849594116211,-7.854215621948242,4.20771598815918,-5.748865127563477,-4.792482376098633
1_theo_42.wav,0.24936331808567047,0.005210998002439737,720.9363159208419,784.1012373374273,1244.3924753289473,0.03559313322368421,-585.9193115234375,210.45643615722656,-26.59322166442871,13.812300682067871,15.06451416015625,-37.23654556274414,9.65359115600586,12.893545150756836,-25.225393295288086,-1.3473237752914429,-0.9032092094421387,-20.92522430419922,-2.1918303966522217,-1.573595404624939,-7.707594394683838,5.174461841583252,-7.739269256591797,-16.813074111938477,-4.58986234664917,-11.801994323730469,-10.282687187194824,3.388911247253418,-8.399015426635742,-10.851823806762695,1.2403786182403564,-6.739936351776123,-7.056936740875244,2.9674534797668457,-4.162146091461182,-5.302800178527832
2_george_26.wav,0.26718899607658386,0.05437048152089119,1012.2600118313125,959.6180821893429,2220.404522235577,0.04522235576923077,-365.2629699707031,167.05828857421875,-50.486820220947266,15.272172927856445,7.713284969329834,-56.69334411621094,-2.9384942054748535,-4.882017135620117,-48.6048583984375,-14.23680305480957,-15.201781272888184,-41.78938674926758,-15.18018913269043,-14.531113624572754,-27.722057342529297,-5.035590648651123,-4.2113447189331055,-11.941445350646973,-1.4459055662155151,-11.119945526123047,-17.61299705505371,-7.720963478088379,-12.314019203186035,-10.554421424865723,-1.7495956420898438,-6.539673328399658,-3.692448139190674,-2.0725443363189697,-12.113041877746582,-7.800662040710449
4_lucas_38.wav,0.5288515090942383,0.03635774180293083,1050.1520685645971,834.0717676520886,1722.65625,0.08402683423913043,-412.119384765625,196.1622314453125,-23.832399368286133,20.8953914642334,17.452064514160156,-52.11198806762695,-4.28151798248291,20.383914947509766,-20.092506408691406,0.25332289934158325,18.262006759643555,-7.6257710456848145,-5.523503303527832,2.765690565109253,-3.117077589035034,1.8821254968643188,-0.9639337062835693,-5.082378387451172,1.5642224550247192,-5.365473747253418,-9.502902030944824,-1.8470648527145386,-7.0345048904418945,-6.289467811584473,3.25374174118042,-5.353408336639404,-8.762487411499023,0.8864865303039551,-3.473292589187622,-5.561588764190674
3_theo_34.wav,0.25827041268348694,0.007699715439230204,903.831919718238,1145.1444587632977,2135.3759765625,0.023491753472222224,-550.3927001953125,186.80075073242188,-41.201560974121094,51.32166290283203,51.51443862915039,-31.955528259277344,-5.274312496185303,3.1182539463043213,-19.13764762878418,-1.9349931478500366,-18.330162048339844,-28.92855453491211,-2.3363735675811768,-11.959484100341797,-13.138400077819824,9.779154777526855,-6.261041641235352,-11.823236465454102,3.104119300842285,-12.268970489501953,-12.047272682189941,3.082613706588745,-10.932662010192871,-11.805068016052246,-1.263298749923706,-10.700934410095215,-5.887062072753906,2.5220015048980713,-8.182510375976562,-4.848079681396484
0_nicolas_16.wav,0.33180004358291626,0.04157659411430359,980.6925539664127,1069.171992858286,2182.1943803267045,0.05428799715909091,-359.26171875,210.34107971191406,-50.58990478515625,32.49796676635742,28.370994567871094,-39.54581832885742,13.136516571044922,0.7760528922080994,-32.79126739501953,11.63687801361084,-4.643087387084961,-27.388269424438477,11.969442367553711,3.5913589000701904,-9.606144905090332,13.188973426818848,-3.0704736709594727,-9.511679649353027,10.954191207885742,-3.384070634841919,-6.2186360359191895,6.2839155197143555,-9.716155052185059,-7.626928329467773,5.238780498504639,-6.791563034057617,-3.0372121334075928,5.723236560821533,-3.76180362701416,1.0101372003555298
4_nicolas_38.wav,0.27866312861442566,0.07830801606178284,805.0519521055188,825.7905681018025,1361.6162109375,0.04580078125,-329.7339782714844,206.6023406982422,-22.451772689819336,30.431386947631836,8.919636726379395,-62.749855041503906,-10.588930130004883,-2.517000436782837,-25.483686447143555,9.855087280273438,-2.846646547317505,-20.710113525390625,11.440844535827637,-0.3285215198993683,-12.678400993347168,14.114608764648438,2.637009859085083,-10.41695785522461,4.311539649963379,-6.448939800262451,-12.611875534057617,-2.1409292221069336,-8.373846054077148,-3.681168556213379,4.219125747680664,-5.824188232421875,0.6465066075325012,7.6316304206848145,-4.219876289367676,-1.1879355907440186
7_jackson_5.wav,0.3397866487503052,0.050455909222364426,660.9236489600055,756.876638296344,960.919189453125,0.035498046875,-371.74371337890625,217.57400512695312,-15.215434074401855,19.643020629882812,19.583724975585938,-43.69633865356445,-18.921524047851562,-11.20279598236084,-30.73385238647461,-2.794114589691162,0.30804091691970825,-21.455066680908203,-11.826379776000977,-4.6990275382995605,-3.7808074951171875,-2.8181979656219482,-15.976364135742188,-7.869452476501465,6.775567531585693,-9.761850357055664,-13.24102783203125,-4.453497886657715,-16.229856491088867,-11.563039779663086,0.5281904339790344,-13.9102783203125,-14.592155456542969,0.15813235938549042,-5.353022575378418,-9.532651901245117
5_george_6.wav,0.30944597721099854,0.06244359910488129,1419.383541859134,1017.1112315176866,2682.2296142578125,0.08536783854166667,-348.2344055175781,171.91160583496094,-106.86231231689453,1.3153060674667358,27.90190887451172,-54.57343673706055,-14.606024742126465,-17.651376724243164,-51.412078857421875,-4.078002452850342,-10.309443473815918,-37.83150100708008,-0.6053598523139954,-6.721532344818115,-28.406707763671875,-1.2459290027618408,-5.7357611656188965,-19.245195388793945,-2.6963632106781006,-11.974909782409668,-16.46486473083496,1.8338251113891602,-7.744232654571533,-11.613571166992188,3.520603895187378,-5.775122165679932,-11.747455596923828,-0.7563092708587646,-2.7707831859588623,-5.399913787841797
4_lucas_36.wav,0.4629809558391571,0.07573125511407852,929.5224831570135,706.1498285139025,1532.4462890625,0.06483289930555555,-321.39361572265625,202.53448486328125,-14.614421844482422,6.947628021240234,7.478775978088379,-54.814414978027344,-16.697975158691406,19.08915901184082,-11.377775192260742,-7.69419002532959,7.98746395111084,-5.018497943878174,-7.278573036193848,-5.1240081787109375,-4.398767471313477,3.80924654006958,-4.115970134735107,-10.554699897766113,1.9931188821792603,-2.2387185096740723,-12.890686988830566,-5.018832683563232,-4.642041206359863,-8.621783256530762,-1.7535761594772339,-3.7829911708831787,-6.989465713500977,-0.30314314365386963,-3.036403179168701,-6.281263828277588
0_theo_32.wav,0.3325054943561554,0.016637833788990974,918.7675003183224,845.2721045982973,1859.3092698317307,0.04390775240384615,-466.84503173828125,188.61767578125,-43.081199645996094,-0.8607075214385986,25.294376373291016,-23.499879837036133,-14.104890823364258,-19.01126480102539,-26.290971755981445,3.7966814041137695,-8.332966804504395,-20.107379913330078,6.5773162841796875,-3.016416311264038,-12.763273239135742,6.262241840362549,-6.7301506996154785,-16.275745391845703,-0.9658099412918091,-10.693225860595703,-13.997234344482422,0.5296787619590759,-8.397893905639648,-9.536951065063477,3.617927074432373,-6.174315929412842,-12.326786041259766,-4.4130964279174805,-6.56102180480957,-5.607309341430664
1_theo_29.wav,0.26028117537498474,0.03645257279276848,860.9608053844538,758.3531970728968,1445.95458984375,0.0462158203125,-412.86248779296875,187.90164184570312,-43.79801940917969,-12.312746047973633,-3.225538730621338,-42.821189880371094,-0.9377051591873169,2.618009567260742,-25.02168846130371,-2.7926058769226074,-5.541593074798584,-20.06369400024414,-4.3897705078125,-10.298986434936523,-14.005960464477539,-1.7099441289901733,-14.0526123046875,-11.764107704162598,3.217778444290161,-13.227060317993164,-14.096601486206055,1.7300946712493896,-9.607297897338867,-11.501887321472168,-3.7246596813201904,-16.20100212097168,-13.524778366088867,-0.029645061120390892,-3.462890625,1.5157097578048706
8_yweweler_12.wav,0.3738432824611664,0.005255737341940403,1560.8445657452455,1213.7499761248257,2975.42724609375,0.09852818080357142,-587.8314819335938,171.22901916503906,-62.94508743286133,50.09331512451172,44.20209884643555,-57.6423225402832,-1.6519275903701782,12.92527961730957,-31.9105224609375,-2.4320342540740967,-4.78645658493042,-23.70621681213379,7.267297267913818,-1.9776612520217896,-17.23687744140625,8.31689739227295,0.20257259905338287,-10.162359237670898,5.6970930099487305,-2.813629627227783,-3.430126190185547,6.966222286224365,-7.908161640167236,-4.532864570617676,5.565093040466309,-12.417031288146973,-8.421396255493164,5.161998271942139,-8.222975730895996,-5.986724853515625
7_nicolas_20.wav,0.3518516421318054,0.042121630162000656,1094.1023762292282,1074.6107843319758,2444.0185546875,0.0560546875,-340.3843688964844,188.68740844726562,-51.89264678955078,35.48530197143555,39.60220718383789,-37.151710510253906,3.0472543239593506,-3.801800012588501,-35.67361068725586,6.897833824157715,-1.2256572246551514,-25.408782958984375,7.331494331359863,4.650841236114502,-8.907719612121582,6.271879196166992,-5.575436115264893,-8.064863204956055,6.461656093597412,-9.897504806518555,-10.010608673095703,5.864816665649414,-5.928815841674805,-5.041111469268799,3.89878249168396,-7.091498851776123,-1.6597546339035034,5.8165106773376465,-5.328462600708008,-0.9935511350631714
6_theo_19.wav,0.36036866903305054,0.003317189170047641,1868.4157447208652,1077.9495609589842,3006.2744140625,0.16666666666666666,-578.3363037109375,167.52810668945312,-84.68241882324219,38.20130920410156,41.475032806396484,-50.54092025756836,1.9079461097717285,5.098745346069336,-26.169702529907227,13.938702583312988,-2.329693078994751,-20.801429748535156,19.76349639892578,5.70018196105957,-11.346036911010742,11.78711986541748,-3.4756577014923096,-8.548954010009766,7.82817268371582,-12.70946979522705,-12.256896018981934,6.513162612915039,-8.352291107177734,-5.618410110473633,7.501920223236084,-5.044034481048584,-1.1890138387680054,4.399003028869629,-7.75911283493042,-0.1550714373588562
5_yweweler_14.wav,0.5398493409156799,0.005000895820558071,1233.4059026821203,957.2193256089217,2256.5818093039775,0.08946644176136363,-555.6387939453125,216.36566162109375,-79.09402465820312,7.051628112792969,31.293498992919922,-44.782405853271484,3.0457804203033447,9.829828262329102,-29.87274932861328,8.431832313537598,10.310489654541016,-17.283058166503906,8.321433067321777,6.513775825500488,-10.690659523010254,4.158545017242432,-5.175418376922607,-11.263724327087402,7.429582118988037,-3.8290557861328125,-9.746895790100098,7.001039028167725,-2.292613983154297,-6.858313083648682,6.016657829284668,-1.552940011024475,-4.5159478187561035,4.0301899909973145,-2.1295230388641357,-3.3708994388580322
8_theo_26.wav,0.4084448218345642,0.007496311329305172,1436.437653218396,1112.3147318332487,2853.8671875,0.10104166666666667,-531.1897583007812,169.64208984375,-58.858299255371094,51.79157638549805,40.5789794921875,-60.900447845458984,-5.625794887542725,7.908438205718994,-35.92635726928711,-9.9100341796875,-8.345820426940918,-17.11094093322754,8.465544700622559,-3.8294618129730225,-8.285735130310059,12.53939437866211,-5.55308723449707,-10.039286613464355,4.767045974731445,-11.461531639099121,-9.4752779006958,3.5950005054473877,-9.573502540588379,-4.206943988800049,3.1545917987823486,-11.68253231048584,-5.624933242797852,0.6678717732429504,-9.121980667114258,-0.4882974624633789
2_theo_23.wav,0.295559823513031,0.029451478272676468,994.8798124600493,857.7182998832968,1754.417724609375,0.0589599609375,-437.2157287597656,156.832275390625,-33.22412872314453,24.59073257446289,33.39051055908203,-24.471786499023438,-5.393248558044434,-9.002311706542969,-29.034704208374023,-12.285738945007324,-26.43389320373535,-27.726871490478516,3.547504425048828,-12.685456275939941,-21.649560928344727,5.952549457550049,-4.083495140075684,-14.227930068969727,2.762538194656372,-3.300823211669922,-5.4122209548950195,5.684157371520996,-2.174114227294922,1.420946717262268,9.476675033569336,-6.111167907714844,-5.989989280700684,5.171603202819824,-3.046525716781616,-3.114677667617798
8_george_48.wav,0.33011749386787415,0.045315779745578766,1729.7491296996013,1146.9508070470756,3087.322998046875,0.1059814453125,-371.09075927734375,139.9597930908203,-84.2610855102539,30.663005828857422,33.42881774902344,-58.6536750793457,-15.357714653015137,-15.836565971374512,-47.06563186645508,-4.917362689971924,-21.038610458374023,-42.27588653564453,7.525429725646973,-3.708920955657959,-34.51209259033203,-2.4500951766967773,-1.3064454793930054,-20.126550674438477,-7.313181400299072,-8.506575584411621,-9.150918006896973,-0.9612491726875305,-12.262502670288086,-7.3413591384887695,2.5841832160949707,-12.714593887329102,-8.020722389221191,4.315777778625488,-6.776959419250488,-1.2119759321212769
4_lucas_48.wav,0.44351592659950256,0.06474882364273071,1051.6950403024412,804.6943711252648,1672.412109375,0.08302589699074074,-375.7113342285156,186.19976806640625,-17.119443893432617,19.903079986572266,11.312299728393555,-57.04729080200195,-11.565147399902344,16.838987350463867,-19.175493240356445,-2.476191997528076,14.333259582519531,-10.17512035369873,-9.781124114990234,0.22240625321865082,-2.2197492122650146,0.7787246704101562,-5.036748886108398,-7.994124889373779,0.7903606295585632,-8.064262390136719,-14.67958927154541,-2.578197956085205,-4.272664546966553,-8.411884307861328,0.46778562664985657,-3.5869338512420654,-9.780712127685547,-2.158457040786743,-2.199827194213867,-6.291982173919678
2_nicolas_12.wav,0.26263129711151123,0.04714007303118706,869.9958949043497,1083.9096909628636,2056.4208984375,0.0345458984375,-374.390625,183.02919006347656,-39.24578094482422,42.777103424072266,34.727439880371094,-28.935144424438477,22.864402770996094,10.875389099121094,-29.267690658569336,2.5179789066314697,-11.675724983215332,-29.982938766479492,1.8714643716812134,-9.128142356872559,-17.353092193603516,9.259172439575195,-2.148719072341919,-7.78001594543457,9.113154411315918,-4.705095291137695,-6.164054870605469,8.328088760375977,-2.051196575164795,0.3138493597507477,7.957250118255615,-7.293761730194092,-7.188407897949219,-1.3026517629623413,-8.075005531311035,-0.20846401154994965
1_lucas_45.wav,0.4128226637840271,0.06063611060380936,1054.7685306121514,902.5207606344603,2019.93408203125,0.05848524305555555,-383.905517578125,183.43052673339844,-31.955528259277344,24.450437545776367,37.010311126708984,-42.1733512878418,-12.413529396057129,20.950828552246094,-16.2042236328125,-13.487969398498535,6.925201416015625,-4.619979381561279,-7.6524786949157715,-2.6862783432006836,-1.6718389987945557,-0.5349758863449097,-7.793923377990723,-5.586555004119873,3.9430830478668213,-5.427911758422852,-11.111995697021484,-4.910101890563965,-8.894352912902832,-7.376166343688965,-1.8748359680175781,-11.136157989501953,-11.040606498718262,-1.8843152523040771,-7.390807151794434,-8.189970016479492
9_theo_40.wav,0.36362186074256897,0.00892883911728859,936.8918202853907,834.7458218951974,1722.0895867598683,0.056126644736842105,-516.3226318359375,202.1623077392578,-54.310951232910156,6.2103681564331055,28.279891967773438,-39.679779052734375,-10.860733032226562,0.9735919833183289,-24.04953384399414,1.0189929008483887,-1.9975529909133911,-23.830049514770508,-1.5118809938430786,2.3678746223449707,-12.194689750671387,-8.691131591796875,-14.878756523132324,-12.617815971374512,-0.37753304839134216,-12.838574409484863,-14.689952850341797,-0.7263768911361694,-5.720367431640625,-1.7419462203979492,10.208395004272461,1.0130938291549683,-1.6312278509140015,3.830137252807617,-2.4701955318450928,-0.2952277660369873
5_nicolas_47.wav,0.37415167689323425,0.035308849066495895,1019.6737021047078,956.9500777349783,1941.3882606907894,0.06291118421052631,-366.4631042480469,238.3199462890625,-69.43982696533203,18.123197555541992,11.557125091552734,-55.42226028442383,16.906892776489258,10.343463897705078,-29.4327392578125,14.179615020751953,-1.5920881032943726,-22.455177307128906,16.314504623413086,1.0692616701126099,-14.839099884033203,9.273123741149902,-5.262623310089111,-8.581707954406738,10.807371139526367,-5.065502643585205,-5.3975372314453125,6.565952301025391,-10.355549812316895,-6.527730464935303,5.771228790283203,-4.730515003204346,1.4691517353057861,7.1071319580078125,-4.335302829742432,0.354128897190094
9_theo_28.wav,0.2472691833972931,0.07570596784353256,1081.0032956078894,877.9192404999467,2034.6484375,0.05944010416666667,-350.1778564453125,145.24395751953125,-70.13665771484375,0.8149263262748718,16.757049560546875,-49.29153060913086,-16.550304412841797,-1.5233478546142578,-22.78036880493164,-1.4573581218719482,-8.39517879486084,-27.57938003540039,-7.26897668838501,-3.3845560550689697,-8.272642135620117,-3.8851985931396484,-16.777250289916992,-13.015262603759766,0.38845205307006836,-11.596724510192871,-5.7158637046813965,9.030691146850586,-3.3472700119018555,-1.378397822380066,7.136385917663574,-6.642306804656982,-3.0868980884552,9.279815673828125,1.3278270959854126,1.1478289365768433
3_theo_40.wav,0.3552928566932678,0.004782459698617458,1149.2032219460943,1042.8282950273715,2469.73876953125,0.06689453125,-582.2080078125,187.4875030517578,-59.26303482055664,39.70149612426758,50.66621017456055,-34.26831817626953,6.441213607788086,9.367450714111328,-27.46396255493164,3.2296981811523438,-3.5308713912963867,-24.200456619262695,2.729550361633301,-2.8668088912963867,-10.846898078918457,8.22083854675293,-5.543177127838135,-10.570894241333008,4.150336265563965,-9.662223815917969,-7.487105369567871,6.754731178283691,-9.127045631408691,-9.233059883117676,1.4319034814834595,-9.16954231262207,-4.643037796020508,2.089667797088623,-8.752937316894531,-3.234006881713867
0_yweweler_6.wav,0.31027621030807495,0.014776289463043213,1051.9241473911254,843.3231707691336,1955.9326171875,0.052083333333333336,-464.2677917480469,210.7779541015625,-57.55976104736328,2.3338334560394287,30.714500427246094,-36.93205261230469,-6.305086135864258,7.421022891998291,-27.995283126831055,-9.076262474060059,-3.0893361568450928,-19.416427612304688,1.3956767320632935,3.645766258239746,-12.153664588928223,-1.400581955909729,0.9638822078704834,-2.385500907897949,3.374480724334717,-7.582633972167969,-11.398479461669922,-0.18225516378879547,-6.544970989227295,-9.610390663146973,-1.935538411140442,-6.913785934448242,-6.396857261657715,-0.46482229232788086,-4.587743282318115,-0.18051540851593018
0_nicolas_39.wav,0.2866760790348053,0.044478971511125565,977.1223738352354,1094.330483653174,2329.5525801809213,0.046900699013157895,-363.791748046875,197.80361938476562,-51.86271667480469,42.12285232543945,42.211944580078125,-35.52346420288086,9.708453178405762,-0.15402081608772278,-32.20890808105469,13.845151901245117,0.30736127495765686,-27.869844436645508,5.640832901000977,-0.7736733555793762,-14.554309844970703,8.484306335449219,1.3576449155807495,-2.6525020599365234,10.306244850158691,-5.246105194091797,-5.939253807067871,5.579793930053711,-9.032997131347656,-7.3601579666137695,1.403560996055603,-9.478336334228516,-2.5395255088806152,4.712559223175049,-5.039581298828125,2.0357816219329834
2_george_10.wav,0.29384249448776245,0.040261298418045044,867.5919385566245,859.4239318099882,1638.0615234375,0.04150390625,-399.2790222167969,188.02378845214844,-56.4005241394043,8.681901931762695,11.042356491088867,-55.723148345947266,-7.544724464416504,-4.874630451202393,-43.86617660522461,-16.091245651245117,-22.231164932250977,-42.05393600463867,-11.142938613891602,-14.821545600891113,-27.81613540649414,-1.5086338520050049,-4.2318339347839355,-17.22441864013672,-5.3347601890563965,-10.810843467712402,-16.95271110534668,-10.129974365234375,-15.056008338928223,-10.311216354370117,-1.6442426443099976,-9.581833839416504,-7.795770168304443,-4.70053243637085,-10.959275245666504,-1.7495698928833008
2_yweweler_47.wav,0.31029823422431946,0.00914726685732603,797.6014679238887,816.0151648033661,1543.539151278409,0.0419921875,-541.8589477539062,196.6948699951172,-26.506330490112305,14.892682075500488,31.642683029174805,-22.2659912109375,4.042059898376465,7.364809989929199,-29.56395149230957,-14.6880464553833,-7.884529113769531,-19.839065551757812,-4.035346984863281,-3.9143762588500977,-10.40457820892334,4.349807262420654,-1.0859761238098145,-7.124454975128174,8.718957901000977,2.6705236434936523,-8.0674409866333,1.2685697078704834,-4.155345439910889,-13.389947891235352,-5.292966842651367,-4.500227451324463,-7.9576497077941895,-4.730230808258057,-6.509644031524658,-5.977314472198486
6_jackson_15.wav,0.45670318603515625,0.03040193021297455,1430.5088689408262,1101.0856368356156,2745.4833984375,0.10800010279605263,-398.2030334472656,131.39210510253906,-43.58647918701172,16.327682495117188,28.898433685302734,-32.230262756347656,-13.92834758758545,-1.5605555772781372,-14.317143440246582,3.241865873336792,-2.1882240772247314,-14.023815155029297,1.9875664710998535,-0.25918301939964294,-7.504931926727295,-4.879584789276123,-13.814465522766113,-7.222873210906982,1.2680227756500244,-15.166278839111328,-11.866329193115234,-0.5201321840286255,-14.259051322937012,-11.14448356628418,0.8039939403533936,-9.82633113861084,-8.349499702453613,-0.27111494541168213,-9.401336669921875,-7.113123893737793
7_theo_43.wav,0.27427563071250916,0.004411716479808092,1524.0545222674948,1024.401424353988,2545.5990998641305,0.12860903532608695,-559.3085327148438,180.8391876220703,-68.6620864868164,20.081832885742188,25.31917953491211,-41.911468505859375,7.677802085876465,3.728949546813965,-25.80055809020996,14.697571754455566,3.9873688220977783,-19.854015350341797,6.572996139526367,1.3447070121765137,-5.369810581207275,5.315023899078369,-15.423163414001465,-13.32494068145752,3.392484664916992,-15.508511543273926,-9.297087669372559,8.887194633483887,-8.458700180053711,-6.58769416809082,4.732212543487549,-8.244328498840332,-3.192092180252075,4.6562066078186035,-6.36465311050415,-2.4981462955474854
0_yweweler_16.wav,0.3180144727230072,0.011290833353996277,1087.038798493883,906.1377093330012,1950.7736206054688,0.054290771484375,-485.7997741699219,205.15020751953125,-56.65217590332031,8.674674034118652,21.272689819335938,-46.491859436035156,3.5111918449401855,13.503257751464844,-32.87389373779297,-7.789520263671875,-1.1647621393203735,-22.985191345214844,-0.07675480842590332,3.45841121673584,-10.244979858398438,3.8553600311279297,-1.0807429552078247,-11.007852554321289,1.9795680046081543,-2.906803607940674,-9.82691764831543,0.41365861892700195,-2.7979094982147217,-6.794843673706055,-3.081251382827759,-7.952059268951416,-5.09812068939209,0.16917738318443298,-6.988916397094727,-5.8271894454956055
2_yweweler_36.wav,0.3237522840499878,0.006049378775060177,1029.1567437195324,823.4961036463578,1827.9296875,0.07440863715277778,-578.2656860351562,188.7345428466797,-37.31953048706055,18.71560287475586,24.16007423400879,-33.37556457519531,7.818150997161865,8.374399185180664,-29.305850982666016,-11.084314346313477,-16.12278175354004,-23.895416259765625,4.596231937408447,-5.600885391235352,-15.638310432434082,6.326528549194336,-5.261664390563965,-11.045652389526367,10.873846054077148,0.15208429098129272,-8.768174171447754,3.4809064865112305,-9.16037654876709,-16.122825622558594,-2.8910439014434814,-6.135156631469727,-7.292842388153076,-1.5337936878204346,-8.276329040527344,-5.814258098602295
4_george_44.wav,0.3749443292617798,0.06633085012435913,1096.1705897287034,908.4610652600587,1921.1654663085938,0.063507080078125,-326.7575378417969,178.01034545898438,-64.47489929199219,-10.663228988647461,-0.8661526441574097,-56.709815979003906,-11.666104316711426,-10.709431648254395,-48.427696228027344,-16.938385009765625,-17.851821899414062,-40.207054138183594,-6.5104546546936035,-1.5887136459350586,-22.507610321044922,-4.224560737609863,-0.029134660959243774,-15.281352043151855,-11.590103149414062,-12.47628402709961,-12.730998992919922,-4.836197853088379,-9.190230369567871,-6.898585319519043,-0.11577662825584412,-8.821724891662598,-7.078302383422852,1.7751390933990479,-3.5892245769500732,-2.4048542976379395
4_nicolas_5.wav,0.3794935345649719,0.04109983146190643,903.5246220829227,900.6178383456897,1655.185546875,0.05182291666666667,-351.9618225097656,219.8978729248047,-38.103328704833984,25.36295509338379,7.552856922149658,-62.8432731628418,1.4313666820526123,5.751513957977295,-24.449237823486328,15.776945114135742,1.3546172380447388,-20.897884368896484,13.376026153564453,1.1404980421066284,-14.019265174865723,8.84749984741211,-5.044162273406982,-12.856167793273926,4.352815628051758,-8.689875602722168,-10.210284233093262,2.781558036804199,-8.663697242736816,-4.276700973510742,5.483441352844238,-7.184293746948242,-1.7726510763168335,6.009718894958496,-4.765661716461182,0.15437087416648865
3_nicolas_23.wav,0.30499663949012756,0.028999246656894684,946.9001425557999,1124.1771980332005,2335.3737571022725,0.0380859375,-400.1494445800781,206.06478881835938,-54.84538650512695,52.9562873840332,48.843605041503906,-32.20797348022461,18.60758399963379,-0.20741358399391174,-39.657859802246094,9.708243370056152,-3.857229471206665,-28.841514587402344,6.011100769042969,-5.56731653213501,-13.604059219360352,14.481642723083496,-1.7031813859939575,-8.791376113891602,7.479026794433594,-9.670166969299316,-9.431597709655762,4.8459930419921875,-8.211935043334961,-2.8373959064483643,6.751289367675781,-6.810577869415283,-2.8435890674591064,-0.015016707591712475,-11.530350685119629,-2.639737844467163
6_jackson_35.wav,0.385165274143219,0.06492147594690323,1561.4369329468361,1139.1226080035433,2806.23779296875,0.133056640625,-359.43475341796875,122.07366943359375,-37.744293212890625,21.428808212280273,24.033191680908203,-33.0419807434082,-13.701478004455566,-14.212435722351074,-23.992856979370117,6.089262962341309,-2.334157943725586,-15.074281692504883,4.908068656921387,-2.4920194149017334,-6.555450916290283,1.7827504873275757,-18.843276977539062,-13.753747940063477,7.676797389984131,-15.404138565063477,-21.98781967163086,-1.5365248918533325,-12.211960792541504,-14.744120597839355,1.1843074560165405,-5.550307750701904,-6.075788974761963,3.089931011199951,-4.2481608390808105,-2.9625566005706787
2_yweweler_43.wav,0.26181769371032715,0.008640916086733341,1048.7906982466195,849.4840917131453,1877.5296724759614,0.057692307692307696,-546.5164794921875,181.63577270507812,-37.226890563964844,18.253562927246094,26.454816818237305,-29.18648338317871,9.020719528198242,6.428284168243408,-32.13472366333008,-6.992910385131836,-6.913341999053955,-24.645729064941406,-1.9135302305221558,-4.004133224487305,-12.533333778381348,5.830892086029053,-3.4297304153442383,-9.664399147033691,9.10094928741455,-1.1571292877197266,-9.324796676635742,4.274169921875,-6.913361072540283,-14.894071578979492,-3.1979689598083496,-9.838399887084961,-11.725017547607422,1.0657989978790283,-4.403657913208008,-8.374776840209961
1_nicolas_14.wav,0.465285062789917,0.026756208389997482,985.8389630128943,1040.1847720943565,2010.2783203125,0.05475725446428571,-374.97113037109375,237.35923767089844,-63.296512603759766,28.59248924255371,22.035003662109375,-48.10349655151367,15.026932716369629,1.5844238996505737,-36.7222785949707,13.853958129882812,2.9371049404144287,-19.216596603393555,12.724985122680664,-5.974122524261475,-16.342687606811523,12.322239875793457,-5.862170696258545,-12.059883117675781,8.928030967712402,-7.549141883850098,-10.598628044128418,2.094858407974243,-10.12963581085205,-3.942596912384033,5.1982951164245605,-8.000812530517578,-1.7325665950775146,2.8437325954437256,-7.6176042556762695,2.1052803993225098
7_nicolas_24.wav,0.3337149918079376,0.03520619869232178,967.2853616838325,1076.1672829312613,2290.594482421875,0.045817057291666664,-355.9797058105469,213.50636291503906,-54.551177978515625,44.762451171875,44.3741340637207,-37.143638610839844,6.889343738555908,-5.054264545440674,-38.668888092041016,9.266788482666016,-1.4880142211914062,-26.841232299804688,7.185131549835205,0.7528679966926575,-11.298759460449219,6.158994197845459,-9.908184051513672,-10.37210750579834,8.752890586853027,-9.801931381225586,-10.931774139404297,5.234199523925781,-6.636803150177002,-2.382319927215576,6.143446445465088,-8.885618209838867,-2.1106770038604736,6.807347774505615,-6.64647912979126,-3.0606377124786377
0_george_42.wav,0.2600730359554291,0.059911396354436874,1354.2519422013202,1150.8060037699317,2722.2502055921054,0.05748869243421053,-327.657470703125,145.6488800048828,-74.35191345214844,17.08991050720215,36.29167556762695,-32.86326599121094,-12.6496000289917,-25.440855026245117,-48.87409973144531,-9.693880081176758,-22.650102615356445,-42.22392654418945,-2.9229984283447266,-7.385321140289307,-25.945865631103516,-2.3722105026245117,-5.762237071990967,-14.373549461364746,0.4625488221645355,-8.764582633972168,-11.68465805053711,2.087172269821167,-8.891104698181152,-10.505952835083008,-0.563742458820343,-14.170358657836914,-14.355820655822754,-1.290052056312561,-9.192883491516113,-8.741578102111816
0_theo_18.wav,0.32442840933799744,0.0047867088578641415,968.3323269110856,937.0982997911217,2071.97265625,0.04161241319444445,-578.5419921875,209.12954711914062,-59.2410888671875,21.09395408630371,43.57374954223633,-29.660531997680664,-5.823797702789307,-10.332286834716797,-30.14666748046875,5.6483659744262695,-8.238245964050293,-24.888246536254883,8.557294845581055,-0.11718884855508804,-11.833166122436523,8.483441352844238,-5.143481731414795,-12.722184181213379,1.0242644548416138,-13.31077766418457,-13.41875171661377,0.5992820262908936,-12.284541130065918,-9.702956199645996,1.2912766933441162,-12.101804733276367,-8.145719528198242,4.223566055297852,-5.846479892730713,-7.418900489807129
4_lucas_10.wav,0.46734732389450073,0.0337592288851738,1068.818136909353,821.3735863359716,1758.83203125,0.08052734375,-426.1829833984375,183.2202911376953,-22.12225341796875,24.847440719604492,19.748144149780273,-50.473751068115234,-6.585145950317383,17.510822296142578,-19.503934860229492,-2.300591468811035,13.388239860534668,-4.740115165710449,-0.7079429030418396,-1.8431416749954224,-10.16515064239502,0.19104580581188202,-2.635631799697876,-7.1411452293396,3.9979093074798584,-3.2774908542633057,-11.316642761230469,-0.546998918056488,-3.743332624435425,-9.93288803100586,-1.1129244565963745,-2.1066641807556152,-7.673008918762207,-3.7728896141052246,-3.282120704650879,-2.8634262084960938
8_nicolas_38.wav,0.5279125571250916,0.03711087629199028,1068.6688092051013,1077.54115154387,2386.2189041940787,0.03965357730263158,-371.6222229003906,217.32028198242188,-68.24085235595703,39.22761154174805,45.69144058227539,-46.355377197265625,3.0546538829803467,5.524358749389648,-30.9115047454834,8.793484687805176,-1.5401959419250488,-24.35309600830078,10.528531074523926,-0.1214069053530693,-16.481342315673828,6.109414100646973,-5.993266582489014,-10.530653953552246,8.441576957702637,-7.179454803466797,-7.945428371429443,8.692237854003906,-6.767205715179443,-6.759313583374023,5.8192949295043945,-5.62585973739624,-1.339888334274292,6.551077842712402,-4.788206577301025,1.8105688095092773
6_yweweler_36.wav,0.38963571190834045,0.004969528876245022,1211.7030306547424,1119.5861503080234,2641.9583834134614,0.07598407451923077,-602.8980712890625,173.7859649658203,-50.55188751220703,47.610511779785156,48.46944808959961,-47.91331100463867,-7.754033088684082,9.247427940368652,-27.152629852294922,-7.3357343673706055,-9.301239967346191,-21.492746353149414,5.007164478302002,-1.322878360748291,-13.357845306396484,4.388336658477783,-0.20065997540950775,-3.123887777328491,6.150169849395752,-4.845273971557617,-2.3837785720825195,2.9019341468811035,-15.100515365600586,-9.645102500915527,0.6729660034179688,-15.381509780883789,-9.578049659729004,3.8845860958099365,-7.845792293548584,-7.1516499519348145
3_yweweler_45.wav,0.38812708854675293,0.012826860882341862,1295.1283456125573,1019.7314827113698,2395.927734375,0.075390625,-511.2884521484375,177.60031127929688,-63.878231048583984,22.920499801635742,46.18042755126953,-40.972496032714844,-11.407727241516113,7.038147926330566,-32.70769500732422,-15.052416801452637,-5.4991230964660645,-20.330524444580078,-0.5797305703163147,-2.5662648677825928,-16.08681869506836,5.389347553253174,4.47668981552124,-11.060786247253418,0.7269771695137024,-0.9958996176719666,-10.786211967468262,-2.518415689468384,-6.653017997741699,-12.961480140686035,-5.326289653778076,-8.755189895629883,-9.629546165466309,0.8277811408042908,-2.94140362739563,-7.864822864532471
7_nicolas_21.wav,0.3815077841281891,0.03995533287525177,1099.8731286394736,1073.2819282494486,2449.40185546875,0.0540771484375,-348.2069396972656,197.44635009765625,-57.45267105102539,32.675575256347656,39.235992431640625,-39.371768951416016,2.2357864379882812,-4.345892429351807,-35.115211486816406,11.79150390625,3.234668731689453,-24.374462127685547,7.81881046295166,4.54053258895874,-8.97099494934082,7.668036937713623,-5.3151068687438965,-8.839058876037598,7.7228193283081055,-7.378595352172852,-9.029495239257812,4.119108200073242,-7.482631683349609,-2.784041404724121,6.1816606521606445,-8.291254043579102,-2.2185702323913574,6.19404935836792,-7.040618896484375,-1.696041464805603
8_yweweler_19.wav,0.3939243257045746,0.009532717987895012,1427.8092393038826,1120.1418026554247,2809.1042258522725,0.07701526988636363,-510.7088928222656,209.60189819335938,-84.43425750732422,43.75010681152344,48.292232513427734,-67.17626190185547,-6.304380893707275,11.846675872802734,-37.81525421142578,-3.2716691493988037,-4.981843948364258,-26.928346633911133,9.581310272216797,0.31220248341560364,-19.819494247436523,7.513370037078857,-0.12363550812005997,-11.876900672912598,5.560313701629639,-3.2421133518218994,-3.9296021461486816,7.886897087097168,-8.465289115905762,-5.725144386291504,5.347008228302002,-13.502043724060059,-9.363228797912598,4.5702080726623535,-9.894671440124512,-6.982605457305908
9_jackson_47.wav,0.38426804542541504,0.05527948588132858,898.4906179597675,888.2431130380113,1825.9358723958333,0.04881004050925926,-352.5223388671875,230.3424835205078,-60.83332824707031,16.862136840820312,36.113067626953125,-41.99766159057617,-4.307621002197266,2.401301622390747,-31.176403045654297,-1.7596901655197144,-1.7008588314056396,-19.732528686523438,-1.4954495429992676,-9.297502517700195,-18.199886322021484,-6.807080268859863,-16.906295776367188,-12.33853816986084,-0.8392214179039001,-18.075660705566406,-12.626434326171875,1.1725809574127197,-13.292610168457031,-8.567312240600586,-1.2578134536743164,-18.05441665649414,-11.188332557678223,1.3867164850234985,-9.004203796386719,-6.98084831237793
0_yweweler_34.wav,0.2783827483654022,0.011846894398331642,710.0772254231969,722.7886129034135,1246.9070434570312,0.032196044921875,-516.81787109375,208.98074340820312,-25.18891143798828,3.329880714416504,10.150045394897461,-41.50028610229492,-2.1124520301818848,8.415836334228516,-30.149761199951172,-15.258959770202637,-9.346078872680664,-22.601654052734375,-0.38777604699134827,1.228362798690796,-14.991410255432129,-0.7174583077430725,0.2572746276855469,-11.73305606842041,-1.9819142818450928,-2.516298532485962,-11.399166107177734,-5.8822126388549805,-8.069183349609375,-11.319656372070312,-4.142579078674316,-6.112301349639893,-7.490054607391357,-2.3854689598083496,-6.2411956787109375,-5.7862114906311035
6_theo_47.wav,0.32163649797439575,0.004045338835567236,1902.3679891237653,1068.7280822156172,2976.1962890625,0.17431640625,-564.46875,159.28146362304688,-80.03693389892578,34.096370697021484,32.96255874633789,-48.1944465637207,2.628448963165283,-3.6031482219696045,-30.3017578125,13.926061630249023,-4.907217502593994,-22.87143325805664,15.770214080810547,1.8082188367843628,-9.193755149841309,11.375004768371582,-8.74919605255127,-8.801105499267578,8.905763626098633,-15.361793518066406,-12.331068992614746,8.62040901184082,-7.765741348266602,-5.63021183013916,4.7785563468933105,-9.351831436157227,-2.3387036323547363,5.20944356918335,-6.409268856048584,0.7109598517417908
7_nicolas_47.wav,0.359160840511322,0.0317998044192791,1089.4017393403017,1125.384145496693,2449.118523848684,0.05088404605263158,-373.1255798339844,201.6040802001953,-57.98219680786133,41.3703727722168,38.51346969604492,-40.176753997802734,9.154104232788086,-2.8785018920898438,-36.35891342163086,13.068371772766113,2.582051992416382,-22.390525817871094,12.504338264465332,3.6355912685394287,-11.316250801086426,7.610218048095703,-7.232527256011963,-9.8988676071167,8.449373245239258,-7.860388278961182,-8.401638984680176,5.301774501800537,-8.611692428588867,-3.6455588340759277,7.201052188873291,-7.017546653747559,-1.4336832761764526,7.182501316070557,-5.042163848876953,-1.3672499656677246
2_yweweler_30.wav,0.33777135610580444,0.011638093739748001,958.2430088062451,894.1632968070244,1847.7144681490386,0.05833082932692308,-534.5736694335938,166.4556427001953,-23.336978912353516,11.801819801330566,27.24665069580078,-21.657621383666992,0.4970066249370575,9.372847557067871,-23.304658889770508,-15.155170440673828,-5.5934038162231445,-13.770745277404785,-3.669830083847046,-3.6977624893188477,-8.988779067993164,2.5288164615631104,-0.6593291759490967,-4.497875213623047,9.616362571716309,5.352084636688232,-4.627745628356934,2.654024362564087,-2.493328332901001,-12.655614852905273,-6.3288493156433105,-4.865429878234863,-8.390400886535645,-4.411108016967773,-3.795151710510254,-4.346827030181885
3_nicolas_49.wav,0.3807365298271179,0.03241198882460594,1337.5906535415031,1112.0494628118518,2779.21875,0.09222005208333334,-362.2312927246094,200.58570861816406,-82.87069702148438,39.79648208618164,46.26152420043945,-43.933189392089844,12.02544116973877,3.4002325534820557,-35.59988021850586,11.474186897277832,-3.013258695602417,-27.297832489013672,8.593745231628418,-3.057802438735962,-11.087864875793457,15.09025764465332,-3.930732488632202,-8.074986457824707,13.350625991821289,-5.80385160446167,-9.577527046203613,5.378012180328369,-8.143268585205078,-4.606654644012451,6.688057899475098,-5.575490474700928,-1.3773517608642578,4.856558322906494,-4.405799388885498,1.6311585903167725
3_george_24.wav,0.3470959961414337,0.04371846094727516,1675.8790743994514,1144.117020880551,3049.639892578125,0.109466552734375,-376.21185302734375,176.8510284423828,-115.52412414550781,38.04973602294922,52.106502532958984,-60.39624786376953,-9.380525588989258,-15.872774124145508,-55.229225158691406,2.033717632293701,-15.555044174194336,-50.682029724121094,-1.892849326133728,-6.172336578369141,-26.605194091796875,-0.6173312664031982,-14.10147476196289,-19.179094314575195,3.764086961746216,-17.36512565612793,-20.654273986816406,0.9857879877090454,-16.985567092895508,-16.8929443359375,2.6315808296203613,-11.283218383789062,-11.67725944519043,1.3500003814697266,-7.035680294036865,-4.485703468322754
1_george_10.wav,0.30129730701446533,0.04214486852288246,965.3261437558848,877.7614012480162,1880.56640625,0.04496837797619048,-384.6963806152344,180.52655029296875,-65.1593017578125,-4.685939788818359,12.434056282043457,-44.24736785888672,-10.732170104980469,-15.400870323181152,-40.79512405395508,-2.9419198036193848,-11.482699394226074,-35.3355598449707,-5.279858589172363,-13.0173978805542,-35.17503356933594,-10.849055290222168,-6.702052593231201,-18.989137649536133,-9.818587303161621,-8.804877281188965,-9.93327808380127,-9.79595947265625,-17.914201736450195,-6.782774448394775,0.11686042696237564,-16.688560485839844,-9.772256851196289,3.5014545917510986,-8.76250171661377,-6.723936557769775
6_jackson_31.wav,0.37727683782577515,0.061884619295597076,1437.8692296150787,1094.8944526327343,2652.044677734375,0.12168666294642858,-365.5221252441406,124.6160659790039,-27.0672550201416,11.087656021118164,19.01588249206543,-25.2631778717041,-17.039583206176758,-16.99327278137207,-17.290340423583984,3.803727388381958,-9.988181114196777,-16.298555374145508,3.881824254989624,-4.730655670166016,-7.663745880126953,0.24321167171001434,-18.3881778717041,-12.763298034667969,6.887195587158203,-14.03794002532959,-20.03740119934082,-0.879082977771759,-9.40808391571045,-13.42044734954834,-0.9892674088478088,-5.655953884124756,-5.744419574737549,1.9439936876296997,-2.8386690616607666,-2.0269548892974854
8_yweweler_25.wav,0.39513853192329407,0.01508176326751709,1480.7627913708454,1081.8952212959996,2701.5887920673076,0.07245342548076923,-469.1555480957031,166.74468994140625,-70.77442932128906,36.80815505981445,50.29341125488281,-51.264747619628906,-15.97580337524414,6.4915947914123535,-27.080238342285156,-6.60491418838501,-8.338181495666504,-23.23291015625,5.2701945304870605,2.3121821880340576,-12.654317855834961,3.022655725479126,-1.3386998176574707,-3.3407986164093018,8.171987533569336,-7.22929048538208,-8.387815475463867,4.457821846008301,-12.557231903076172,-12.949701309204102,4.021481990814209,-6.706470012664795,-7.643241882324219,3.750401020050049,-6.174491882324219,-6.109372138977051
8_jackson_6.wav,0.3555222451686859,0.05274789407849312,1340.4511270768155,1088.0500032166328,2576.6177528782896,0.08614309210526316,-351.8874206542969,172.94039916992188,-53.37446212768555,51.33228302001953,40.986541748046875,-71.8829574584961,-30.513254165649414,5.062407493591309,-24.0100154876709,-15.911639213562012,-20.238439559936523,-22.9488468170166,3.9523885250091553,-4.78359842300415,-11.174995422363281,8.058525085449219,-2.4706757068634033,-7.045182228088379,0.3543662428855896,-16.223779678344727,-9.493218421936035,4.386875152587891,-17.14156150817871,-14.925612449645996,2.6012728214263916,-13.33715534210205,-15.490894317626953,-1.1711896657943726,-8.80672550201416,-10.853132247924805
1_george_47.wav,0.3191225826740265,0.042309485375881195,1144.8788924094522,935.8963978299954,2173.05908203125,0.062744140625,-383.29010009765625,190.31678771972656,-88.25942993164062,-6.9081244468688965,17.72620391845703,-45.93269348144531,-8.108715057373047,-16.645828247070312,-42.51424026489258,0.9621825814247131,-15.816850662231445,-40.277042388916016,-1.8294516801834106,-13.34958267211914,-32.66559600830078,-3.638814687728882,-11.289409637451172,-23.149093627929688,-3.4767563343048096,-9.573225975036621,-13.367111206054688,-5.593286514282227,-18.25588607788086,-8.45665168762207,6.75606107711792,-11.896018028259277,-9.194055557250977,5.958220958709717,-8.223733901977539,-8.269142150878906
5_jackson_15.wav,0.36253121495246887,0.05911766365170479,824.1211947851855,777.6412270602495,1510.157534950658,0.050138774671052634,-332.5589904785156,230.7304229736328,-45.798553466796875,2.5060181617736816,15.063150405883789,-51.48834991455078,-19.783897399902344,-4.2770795822143555,-23.320510864257812,0.09712975472211838,-1.1109651327133179,-17.488615036010742,-8.116778373718262,-13.025138854980469,-9.106972694396973,4.154163360595703,-11.869816780090332,-10.7842435836792,3.3496360778808594,-12.430974006652832,-12.373605728149414,0.4194759428501129,-13.431535720825195,-15.666863441467285,-6.4028639793396,-12.131255149841309,-6.710150718688965,-0.43512579798698425,-8.922835350036621,-6.415007591247559
5_george_15.wav,0.28571903705596924,0.06074235215783119,1237.7689889752378,937.8414678043197,2336.95068359375,0.056586371527777776,-336.71588134765625,176.5802764892578,-98.56373596191406,2.3989861011505127,33.79977798461914,-57.06721878051758,-28.134546279907227,-16.08571434020996,-44.71419143676758,-7.369555950164795,-7.26483154296875,-31.399335861206055,-2.0589287281036377,-9.123002052307129,-34.01709747314453,-8.749639511108398,-4.950668811798096,-17.934032440185547,-3.385554075241089,-6.276311874389648,-14.003862380981445,-5.017441272735596,-14.160094261169434,-16.717700958251953,-2.3957881927490234,-9.032612800598145,-12.111522674560547,-0.4741898775100708,-4.613515377044678,-7.014530181884766
0_yweweler_36.wav,0.2591225802898407,0.009726183488965034,756.420359974182,718.6135974606768,1459.412841796875,0.03759765625,-551.6829833984375,220.2779541015625,-35.93191909790039,7.406752109527588,16.852079391479492,-43.39152145385742,-1.902173638343811,8.627912521362305,-28.662487030029297,-11.408574104309082,-10.795141220092773,-22.616291046142578,3.6382393836975098,0.18249346315860748,-15.646368026733398,0.3020149767398834,-3.920691967010498,-12.829732894897461,1.1650760173797607,-2.8384006023406982,-8.895737648010254,-1.0103471279144287,-8.133065223693848,-11.370107650756836,-5.718723773956299,-13.309224128723145,-11.233177185058594,-1.6286853551864624,-6.585440158843994,-4.644415855407715
9_yweweler_25.wav,0.37927180528640747,0.009773493744432926,1056.863433207651,926.5352531570574,1993.436279296875,0.05439453125,-513.2843017578125,234.17495727539062,-78.74702453613281,9.828428268432617,29.039758682250977,-50.244510650634766,9.124539375305176,15.317410469055176,-35.6746711730957,3.695108413696289,9.305729866027832,-21.519790649414062,1.415784239768982,-1.7702701091766357,-18.25753402709961,0.16187158226966858,-8.226049423217773,-16.419919967651367,0.295780211687088,-10.099312782287598,-13.45106315612793,1.1528551578521729,-9.26237678527832,-7.653703212738037,5.125667572021484,-8.705188751220703,-8.98193073272705,2.2586557865142822,-7.754698753356934,-6.250676155090332
9_yweweler_27.wav,0.33413317799568176,0.012002099305391312,1060.4396608969093,886.5353439443822,2085.1318359375,0.05417209201388889,-501.16497802734375,214.68814086914062,-71.12640380859375,4.9900898933410645,28.3848876953125,-40.19051742553711,9.776933670043945,13.823243141174316,-36.47715759277344,-1.8756787776947021,10.782771110534668,-18.762096405029297,-4.679625511169434,-1.8674691915512085,-13.586384773254395,-2.8909103870391846,-10.309469223022461,-14.96488094329834,0.890950083732605,-5.477553367614746,-10.764241218566895,-1.8255653381347656,-7.428193092346191,-5.671328067779541,0.6664044260978699,-8.888461112976074,-5.168013095855713,2.1271543502807617,-7.345141887664795,-4.229024887084961
3_lucas_39.wav,0.44496554136276245,0.05215684324502945,1275.2540032603056,1003.6783759540125,2418.1787109375,0.088427734375,-361.71319580078125,192.68280029296875,-63.68231964111328,32.71733093261719,59.93048858642578,-38.803611755371094,-11.211288452148438,15.914331436157227,-22.086292266845703,-8.029012680053711,1.3970414400100708,-14.352624893188477,1.6974067687988281,0.3428102731704712,-12.565874099731445,2.658151149749756,0.2269076406955719,-8.878586769104004,3.1265273094177246,-1.1481224298477173,-7.079720973968506,1.76611328125,-5.994284629821777,-9.593320846557617,1.969850778579712,-3.784989595413208,-8.728742599487305,-0.3853399157524109,-4.421755790710449,-8.800771713256836
3_nicolas_41.wav,0.38513582944869995,0.03327486664056778,1117.0403802596638,1156.6610893945895,2567.420372596154,0.056640625,-363.37872314453125,203.47894287109375,-62.7052001953125,41.81278610229492,37.452030181884766,-42.08507537841797,12.309539794921875,3.6801061630249023,-32.363956451416016,12.360828399658203,-1.7118842601776123,-26.91179656982422,5.710700988769531,-4.659800052642822,-11.846063613891602,13.903295516967773,-4.244509696960449,-9.870466232299805,9.845026016235352,-8.471065521240234,-12.592259407043457,1.2972151041030884,-10.676090240478516,-4.2911858558654785,7.9067583084106445,-5.662992000579834,-2.0566294193267822,4.431957244873047,-5.4147233963012695,1.633689284324646
2_jackson_46.wav,0.3199605941772461,0.06395377963781357,1055.0373935947644,937.0636119128794,1933.7752632472825,0.061650815217391304,-357.107666015625,164.9114227294922,-39.47589111328125,32.096351623535156,49.41545486450195,-18.749195098876953,-9.210909843444824,-13.648772239685059,-35.85801696777344,-13.18744945526123,-17.5146427154541,-27.12718391418457,-6.214082717895508,-16.98821449279785,-21.82530975341797,3.5568349361419678,-5.489403247833252,-11.429738998413086,8.999785423278809,-4.34867000579834,-17.267108917236328,-1.0050395727157593,-6.792765140533447,-17.028076171875,-7.066921710968018,-7.288852214813232,-7.609804153442383,-0.8613739609718323,-6.817121505737305,-7.8555498123168945
1_yweweler_12.wav,0.36937808990478516,0.006475383415818214,835.8654342694044,807.8844091149874,1466.949462890625,0.051422119140625,-570.4852294921875,229.2378692626953,-40.10752868652344,10.342203140258789,15.15541934967041,-41.251949310302734,12.714689254760742,8.923221588134766,-36.27120590209961,4.463205337524414,12.760498046875,-17.858911514282227,-1.6951433420181274,0.04713565111160278,-11.833258628845215,-3.435434103012085,-13.205500602722168,-11.640774726867676,7.337124347686768,-5.521383285522461,-10.26722526550293,3.679121971130371,-7.297908306121826,-9.87169075012207,0.8945374488830566,-9.133692741394043,-8.566991806030273,3.1380460262298584,-3.958494186401367,-5.05377197265625
0_nicolas_11.wav,0.31441664695739746,0.05097263306379318,951.8353010882611,1036.3461429841113,2182.60546875,0.04666015625,-346.77691650390625,200.1016387939453,-47.98369216918945,32.2208137512207,33.914459228515625,-34.227203369140625,12.797532081604004,3.411283493041992,-33.501304626464844,3.040074348449707,-9.294235229492188,-28.488937377929688,9.30114459991455,2.3145406246185303,-11.806194305419922,10.921940803527832,-0.7305850386619568,-9.583578109741211,6.52672004699707,-4.255336761474609,-6.399806976318359,4.263833999633789,-7.415985584259033,-4.627012252807617,3.358773708343506,-8.052986145019531,-1.6196616888046265,5.302775859832764,-5.985986709594727,-1.0038273334503174
7_nicolas_7.wav,0.428607314825058,0.03611927106976509,1146.9824840169028,1129.89948600961,2530.1513671875,0.06109260110294118,-361.0970153808594,199.1982421875,-59.56319046020508,38.73788070678711,37.050262451171875,-43.46646499633789,4.1221923828125,-5.234953880310059,-38.326080322265625,9.72055721282959,0.881199061870575,-23.702486038208008,9.995190620422363,3.6426918506622314,-8.922243118286133,9.693663597106934,-5.0212321281433105,-8.814568519592285,8.133398056030273,-8.211454391479492,-9.391739845275879,5.589048862457275,-6.771120071411133,-4.089956283569336,6.950745582580566,-3.8643367290496826,0.18353882431983948,5.732535362243652,-5.674716472625732,-1.4038058519363403
0_jackson_33.wav,0.30753201246261597,0.06707937270402908,811.8228122953489,820.2736378334092,1516.9770339439656,0.043760102370689655,-339.43743896484375,215.59945678710938,-28.326818466186523,13.324909210205078,29.17474937438965,-31.319232940673828,-18.43689727783203,-15.720315933227539,-21.7470645904541,4.352527141571045,-13.460066795349121,-24.729625701904297,5.266473770141602,-7.983732223510742,-18.878150939941406,4.693358898162842,-8.975676536560059,-16.19228744506836,6.264058589935303,-8.765393257141113,-19.45819664001465,-0.7039742469787598,-11.148541450500488,-18.431745529174805,-0.5613064169883728,-6.042092800140381,-11.975333213806152,-0.19219036400318146,-4.910103797912598,-8.1375093460083
5_lucas_48.wav,0.5103437900543213,0.06621391326189041,1330.8613137484429,870.5226518195224,2271.7529296875,0.1125217013888889,-351.607177734375,175.1742401123047,-60.560420989990234,1.8502228260040283,34.13525390625,-34.66489791870117,-10.685737609863281,12.137665748596191,-20.09103775024414,-4.7425055503845215,12.809944152832031,-4.38541841506958,-2.609809398651123,-0.6950669288635254,-4.990062236785889,3.745530366897583,-4.8185248374938965,-12.912858009338379,2.5392115116119385,-1.421103835105896,-13.63543701171875,-2.1322524547576904,0.6530512571334839,-6.446954250335693,-1.1512601375579834,-1.2750129699707031,-4.593888759613037,-0.04414710775017738,-2.2038326263427734,-4.5691304206848145
7_nicolas_45.wav,0.3839079439640045,0.022843223065137863,1275.5177725599096,1191.243900214661,2746.021728515625,0.0600341796875,-394.7177429199219,193.7351531982422,-65.66963195800781,43.441890716552734,39.469581604003906,-41.630271911621094,12.461503982543945,0.5246348977088928,-34.91007614135742,13.491520881652832,-0.6040456295013428,-23.812095642089844,14.405824661254883,2.148149013519287,-13.493250846862793,9.717672348022461,-4.257573127746582,-8.728007316589355,8.937143325805664,-6.8258843421936035,-6.281083106994629,7.361384391784668,-6.822598457336426,-2.9184279441833496,6.113532066345215,-6.2337446212768555,0.5343584418296814,6.340140342712402,-4.472983360290527,2.2781519889831543
4_jackson_6.wav,0.254844069480896,0.08803730458021164,701.7389359301037,657.7596886606037,1150.94970703125,0.0385009765625,-350.65753173828125,205.1375274658203,9.10876750946045,-16.098966598510742,-6.995053291320801,-25.55147933959961,-17.337257385253906,-11.443586349487305,-12.445756912231445,-4.329835891723633,-15.168252944946289,-20.215463638305664,-3.4991002082824707,-6.251595497131348,-10.95811653137207,0.6885658502578735,-6.963804721832275,-15.945358276367188,-4.421385765075684,-6.32136869430542,-13.453457832336426,-5.110711574554443,-7.747668266296387,-17.56521224975586,-12.281412124633789,-6.5291547775268555,-6.456271171569824,-5.424865245819092,-6.733283996582031,-4.500761985778809
4_theo_48.wav,0.3758596181869507,0.002944891806691885,990.4411534326146,785.6123040825664,1586.7279052734375,0.068267822265625,-617.725341796875,232.04470825195312,-48.073387145996094,14.299784660339355,16.8955135345459,-46.48021697998047,6.284427642822266,6.458127975463867,-28.158740997314453,7.594540119171143,1.9112874269485474,-16.47226333618164,11.671920776367188,-0.21370196342468262,-12.961153030395508,9.911392211914062,-3.7375094890594482,-14.20130443572998,1.236859679222107,-12.307405471801758,-16.238954544067383,-0.7092459797859192,-8.49754810333252,-6.986194133758545,2.7172484397888184,-6.993946075439453,-3.4076642990112305,4.772594451904297,-3.5933446884155273,-2.3051414489746094
7_lucas_41.wav,0.4446183145046234,0.04369012266397476,1111.1557848309053,929.7322095594222,2252.2705078125,0.07710193452380952,-373.289306640625,178.8991241455078,-38.76304244995117,31.534257888793945,51.012596130371094,-29.576309204101562,-9.268107414245605,7.289374351501465,-27.73538589477539,-7.864727973937988,13.64958381652832,-4.244473934173584,-6.105739116668701,-0.9674869775772095,2.100461721420288,6.151957988739014,-8.06157112121582,-10.443248748779297,5.371494293212891,-1.4563151597976685,-9.694435119628906,-2.5287270545959473,-6.538077354431152,-7.118418216705322,1.2354323863983154,-4.226431846618652,-7.757221221923828,-2.8654696941375732,-4.398601055145264,-1.7840601205825806
5_yweweler_10.wav,0.5155750513076782,0.009646977297961712,1406.1257912452902,1006.9343010249403,2560.4936079545455,0.10065252130681818,-504.3044128417969,187.99063110351562,-78.53752899169922,3.4895894527435303,24.459083557128906,-43.077152252197266,7.859981060028076,13.596314430236816,-27.743200302124023,10.527423858642578,14.620616912841797,-15.750704765319824,5.986522197723389,5.525451183319092,-11.162798881530762,3.824324131011963,-3.179718017578125,-9.853621482849121,7.059295177459717,-3.4623641967773438,-8.477988243103027,7.773534774780273,-3.83480167388916,-8.886147499084473,6.912017822265625,-1.90644109249115,-7.788940906524658,3.6432409286499023,-1.8623303174972534,-5.500789642333984
0_lucas_17.wav,0.5095986127853394,0.03830919787287712,1157.332554527888,851.1678072910638,2107.94677734375,0.08604213169642858,-417.6617126464844,183.49795532226562,-37.89645767211914,5.598442554473877,36.7831916809082,-15.693771362304688,-3.478381395339966,2.9362549781799316,-20.2911434173584,-2.6826395988464355,2.231520891189575,-11.591979026794434,4.146323204040527,6.1341681480407715,-8.205885887145996,-1.7626651525497437,-0.47690415382385254,-3.787640333175659,2.9401276111602783,-3.2586493492126465,-7.913729190826416,1.2948633432388306,-2.245988607406616,-6.7489399909973145,-0.0052452171221375465,-3.1256656646728516,-6.14656400680542,0.23743870854377747,-1.984883189201355,-5.302497863769531
6_theo_46.wav,0.34171807765960693,0.0035169057082384825,1897.8232434206304,1118.5849378691203,3029.7216796875,0.1717041015625,-580.5206298828125,161.55239868164062,-84.76716613769531,36.097389221191406,37.35124969482422,-46.487510681152344,4.841109275817871,2.449192523956299,-27.93181800842285,11.797521591186523,-4.341694355010986,-23.260278701782227,12.367856979370117,-0.07617883384227753,-9.613729476928711,14.447320938110352,-2.804396390914917,-7.847878456115723,6.400910377502441,-15.072230339050293,-11.881693840026855,7.688943386077881,-8.738862991333008,-7.200711727142334,4.7024922370910645,-8.430913925170898,-3.438901901245117,5.016237735748291,-4.640084743499756,1.4169739484786987
7_nicolas_46.wav,0.3500049114227295,0.03478410094976425,1062.2397576822577,1132.04595585688,2457.9518037683824,0.05284926470588235,-365.1850280761719,197.21958923339844,-50.84943771362305,43.56171417236328,39.175682067871094,-38.40248489379883,4.820210933685303,-6.383617401123047,-35.09058380126953,12.457944869995117,0.6135267019271851,-23.399761199951172,11.663860321044922,3.602189302444458,-12.918238639831543,4.975959777832031,-6.5066423416137695,-9.602744102478027,5.941476345062256,-8.35944652557373,-7.641429424285889,4.241976737976074,-9.893462181091309,-4.939319133758545,5.685263633728027,-7.526447296142578,-2.2210500240325928,5.8203125,-4.890266418457031,0.37779927253723145
9_lucas_40.wav,0.4096868336200714,0.04343847185373306,1024.59114275524,978.9530792217201,2189.8331351902175,0.042650305706521736,-374.49444580078125,191.46571350097656,-46.289886474609375,22.573392868041992,56.14244079589844,-25.515975952148438,-12.029038429260254,13.14702320098877,-23.00096893310547,-13.747777938842773,11.463961601257324,-4.160513401031494,-9.921874046325684,-1.5424678325653076,-1.3868073225021362,-2.4102578163146973,-8.199335098266602,-8.244544982910156,-0.4458504915237427,-5.7594218254089355,-10.242364883422852,-5.007925033569336,-7.885202884674072,-8.390532493591309,-3.684602737426758,-8.681730270385742,-9.308878898620605,-4.860711574554443,-9.522875785827637,-7.382720947265625
8_jackson_7.wav,0.3628503978252411,0.03893232345581055,1313.8895584478632,1141.700151587216,2600.417608963816,0.07421875,-374.8689270019531,173.51852416992188,-50.723876953125,51.95550537109375,39.695560455322266,-72.8736801147461,-30.905742645263672,2.2418017387390137,-27.9742488861084,-13.550363540649414,-15.113774299621582,-23.7045955657959,-0.09855204820632935,-7.3987884521484375,-14.493636131286621,4.908294200897217,-1.1754748821258545,-4.542848110198975,0.20344509184360504,-16.318750381469727,-8.736288070678711,4.37031888961792,-15.618858337402344,-10.514215469360352,6.202638149261475,-12.797165870666504,-16.57801055908203,-2.044140338897705,-7.4518632888793945,-7.2833571434021
8_george_43.wav,0.3046465218067169,0.039080601185560226,1576.9751065164921,1137.0910249872816,2937.5822368421054,0.07933285361842106,-407.4576110839844,152.7583465576172,-87.38666534423828,33.99574279785156,37.087276458740234,-56.964664459228516,-13.041522979736328,-17.324813842773438,-49.59389877319336,-6.012072563171387,-24.51580238342285,-44.681419372558594,6.308516502380371,-9.216480255126953,-39.0569953918457,-1.9484353065490723,-1.9686554670333862,-21.649866104125977,-4.60189151763916,-5.490777969360352,-12.122343063354492,-7.151228427886963,-14.430976867675781,-5.281345367431641,4.528830051422119,-9.92899227142334,-3.085310459136963,8.175379753112793,-5.444455146789551,-2.6125595569610596
2_theo_47.wav,0.42981669306755066,0.006090967450290918,1293.867411928893,1073.0280601196655,2510.771484375,0.088818359375,-540.1465454101562,212.1849365234375,-73.83235168457031,40.55860137939453,45.880455017089844,-51.07307052612305,-1.2629071474075317,-1.546699047088623,-37.418968200683594,1.9507553577423096,-12.461179733276367,-29.393508911132812,9.250809669494629,-4.68356990814209,-13.10198974609375,15.496676445007324,-4.010117053985596,-11.750055313110352,6.434619903564453,-13.70398235321045,-14.492329597473145,3.414519786834717,-10.739542007446289,-6.793227195739746,5.3588762283325195,-10.010666847229004,-7.6667962074279785,0.8885278701782227,-6.559605598449707,1.1090610027313232
9_jackson_43.wav,0.3047995865345001,0.06454040855169296,805.1549799230185,889.6181081405504,1736.2141927083333,0.030960648148148147,-342.8154296875,215.80274963378906,-45.38755416870117,21.786996841430664,32.747459411621094,-36.16054153442383,2.1211397647857666,0.8813440799713135,-33.2010383605957,1.854693055152893,2.44915509223938,-21.734203338623047,-6.330065727233887,-11.892756462097168,-20.421289443969727,-7.094265460968018,-13.494504928588867,-10.971576690673828,-1.7436554431915283,-17.81255340576172,-15.278172492980957,-4.242827415466309,-15.53947639465332,-9.419432640075684,-3.267507314682007,-18.120534896850586,-9.870610237121582,0.8829268217086792,-9.93356990814209,-5.691440105438232
4_theo_45.wav,0.30064740777015686,0.004845614079385996,858.2384972188597,716.2025955894125,1339.0960693359375,0.05694580078125,-592.843505859375,225.63241577148438,-31.694429397583008,9.169733047485352,5.245088577270508,-45.75865936279297,3.6219680309295654,5.464827060699463,-25.18665313720703,2.269804000854492,-3.6366734504699707,-19.86603546142578,4.463803768157959,-1.7373924255371094,-10.356094360351562,7.668030738830566,-5.649111270904541,-14.98666763305664,0.6311381459236145,-10.129985809326172,-15.666715621948242,-1.1279261112213135,-8.498395919799805,-13.169550895690918,-4.160312652587891,-6.613824844360352,-2.331486463546753,4.423484802246094,-2.232801914215088,-0.7538205981254578
6_george_39.wav,0.3098839819431305,0.027672329917550087,1826.210843169942,1067.8725804597161,3066.328125,0.13310546875,-404.05462646484375,137.5277557373047,-101.04216766357422,26.294116973876953,48.813941955566406,-44.7525749206543,-18.477771759033203,-22.62033462524414,-43.580078125,-0.8313760757446289,-22.133350372314453,-44.12431716918945,2.078216075897217,-7.0568366050720215,-28.329666137695312,-2.355468273162842,-12.074735641479492,-20.48958396911621,0.9866579174995422,-11.194522857666016,-14.313928604125977,4.643162727355957,-7.873845100402832,-10.139810562133789,3.9344124794006348,-7.457940101623535,-8.165069580078125,1.6404342651367188,-7.744692802429199,-5.340480804443359
7_george_14.wav,0.2640239894390106,0.04708242788910866,1280.5415287186663,958.5955522929424,2382.5592041015625,0.07954915364583333,-371.0392761230469,159.2076416015625,-85.14190673828125,10.058416366577148,36.1705322265625,-44.83607864379883,-26.02250099182129,-28.37885856628418,-43.21434020996094,3.7622053623199463,-10.413586616516113,-40.55229568481445,-1.6447051763534546,-0.03478769585490227,-23.00624656677246,-6.929052829742432,-11.96461009979248,-21.602258682250977,-6.483633041381836,-11.93945026397705,-13.839546203613281,-4.344039440155029,-18.031211853027344,-15.212063789367676,0.5560112595558167,-12.838732719421387,-12.7711820602417,3.5406901836395264,-5.379337787628174,-7.08868932723999
2_theo_9.wav,0.3213583827018738,0.009123992174863815,1342.5287904735483,1001.350590576157,2427.3792613636365,0.08802379261363637,-524.856201171875,193.6781768798828,-64.0721664428711,39.39985656738281,43.36560821533203,-41.481571197509766,1.5902825593948364,-5.319007396697998,-37.630287170410156,-4.4750752449035645,-22.222902297973633,-29.285676956176758,9.518733978271484,-11.143052101135254,-15.056139945983887,16.46727180480957,-5.770750522613525,-9.863195419311523,6.51930046081543,-21.58299446105957,-16.70823860168457,8.01678466796875,-12.490958213806152,-11.664653778076172,2.090325355529785,-13.564687728881836,-6.7005085945129395,3.2497828006744385,-9.19473934173584,0.8751547336578369
5_lucas_27.wav,0.481271892786026,0.05138120427727699,1295.297369180627,906.4770675802906,2196.800818810096,0.0990459735576923,-352.0793151855469,176.9095001220703,-52.276161193847656,11.733095169067383,42.85308837890625,-30.126617431640625,-12.178342819213867,10.825872421264648,-16.187570571899414,-0.917860746383667,12.44536304473877,-4.1252946853637695,1.4744006395339966,2.3941519260406494,-6.690915107727051,2.5293498039245605,0.015324766747653484,-7.10271692276001,3.5898935794830322,-0.9782407283782959,-10.86768627166748,-0.1434880793094635,2.3410134315490723,-4.534670829772949,-2.6469647884368896,-4.000904560089111,-3.330679178237915,1.777863621711731,-4.341370105743408,-6.55249547958374
9_nicolas_31.wav,0.3789547383785248,0.04152107238769531,1010.1813387456316,989.8568687644647,2011.3357543945312,0.0545654296875,-358.3363037109375,235.08587646484375,-75.6837387084961,17.40277862548828,37.0958137512207,-30.677528381347656,17.257177352905273,0.2535362243652344,-39.916603088378906,12.431487083435059,8.00050163269043,-21.77684783935547,4.024089813232422,-6.498923301696777,-14.008578300476074,13.427101135253906,-1.7216147184371948,-8.953843116760254,7.826807022094727,-10.4253568649292,-10.802386283874512,5.679471492767334,-10.408208847045898,-6.433468818664551,9.05124282836914,-4.703900337219238,-1.357367753982544,7.2021164894104,-6.434642791748047,-1.4657307863235474
3_lucas_47.wav,0.45726314187049866,0.039819784462451935,1000.1887880382018,938.1978880334103,2197.854891690341,0.06345436789772728,-392.6366882324219,188.883056640625,-41.61075210571289,40.89121627807617,60.6983642578125,-33.07283401489258,-11.301518440246582,12.708762168884277,-22.018056869506836,-7.822946548461914,1.3768401145935059,-16.85165786743164,-1.9282734394073486,1.654151201248169,-11.784992218017578,-0.3979302644729614,0.24154771864414215,-8.334444999694824,0.273302286863327,-2.2858431339263916,-7.204466342926025,-0.6093321442604065,-7.383439540863037,-9.213382720947266,0.9689603447914124,-6.712640762329102,-10.918402671813965,-0.6261255145072937,-5.144730091094971,-8.933711051940918
0_yweweler_5.wav,0.3462452292442322,0.011269921436905861,943.786322878095,848.5459889234169,1752.5634765625,0.048421223958333336,-504.59814453125,205.96014404296875,-41.31990051269531,6.88178825378418,23.32295799255371,-36.01782989501953,-1.9989882707595825,6.675413131713867,-27.08395004272461,-7.86524772644043,-6.282238483428955,-22.013002395629883,0.24148716032505035,2.8330090045928955,-10.323049545288086,-2.2422163486480713,-4.349083423614502,-3.082792043685913,6.831011772155762,-6.556621074676514,-10.658426284790039,0.025261806324124336,-9.983262062072754,-12.196894645690918,-1.5379316806793213,-7.308324813842773,-6.496356964111328,1.3454207181930542,-4.96539831161499,-2.885498046875
1_nicolas_31.wav,0.35423314571380615,0.03508907929062843,1004.7342491907372,1029.9335027465784,2186.38916015625,0.05238560267857143,-372.93780517578125,229.0400390625,-63.5805549621582,33.027950286865234,33.216670989990234,-45.106807708740234,12.828938484191895,1.273061752319336,-34.53272247314453,16.207067489624023,2.0729572772979736,-23.506113052368164,11.925537109375,-1.0071566104888916,-12.023422241210938,13.42390251159668,-5.600776195526123,-11.065956115722656,10.722826957702637,-6.545112133026123,-8.804325103759766,6.126462459564209,-9.212166786193848,-6.986335277557373,4.708373069763184,-5.853758811950684,0.35345515608787537,6.2522783279418945,-5.386422634124756,-0.03979812189936638
2_yweweler_25.wav,0.3231135308742523,0.004373619332909584,1030.321776034003,1002.4148053050474,2093.6146129261365,0.05331143465909091,-600.7352905273438,182.00360107421875,-41.88423156738281,18.10626983642578,33.14693832397461,-24.286516189575195,7.95540189743042,6.969028949737549,-25.93885040283203,-2.326080083847046,-6.213344097137451,-22.23583221435547,2.0872275829315186,-2.4480397701263428,-13.833163261413574,3.017148733139038,-4.659078598022461,-7.692068099975586,11.384476661682129,0.30189216136932373,-8.217998504638672,5.0098443031311035,-4.028831958770752,-11.066492080688477,-2.1185476779937744,-8.170313835144043,-9.687026023864746,-1.4507575035095215,-5.572599411010742,-5.369608402252197
7_george_26.wav,0.31585460901260376,0.06571132689714432,1576.0518677645223,1118.659335727336,2971.58203125,0.0936279296875,-308.6553955078125,184.0634765625,-111.85163116455078,19.293535232543945,35.3036003112793,-53.176025390625,-13.849064826965332,-33.02927780151367,-56.981510162353516,17.286752700805664,-1.094974160194397,-46.40764236450195,3.599104642868042,3.716463088989258,-28.62653923034668,-5.829929351806641,-8.696454048156738,-21.619558334350586,-4.8520073890686035,-10.237517356872559,-13.489781379699707,-6.703863620758057,-19.997121810913086,-11.296935081481934,1.2469544410705566,-15.480507850646973,-6.046054840087891,8.506750106811523,-11.613197326660156,-10.135307312011719
8_yweweler_28.wav,0.32937273383140564,0.005621610675007105,1288.3932835952203,1076.6912923050165,2562.0025634765625,0.099365234375,-604.4683227539062,164.25537109375,-50.00926208496094,44.388431549072266,37.68180465698242,-50.74152755737305,-3.3946192264556885,5.448397159576416,-31.4501895904541,-2.8680355548858643,-8.866414070129395,-24.607271194458008,9.322447776794434,0.6195457577705383,-16.8323917388916,8.360919952392578,3.481712579727173,-9.339003562927246,4.615159511566162,-0.14324553310871124,-5.971054553985596,-0.5368534922599792,-7.983463764190674,-6.098569393157959,-2.3551528453826904,-11.29995059967041,-4.2536187171936035,0.574061393737793,-8.984980583190918,-1.8395285606384277
7_lucas_9.wav,0.531430721282959,0.03558402508497238,1128.4600514770184,953.1625902824959,2326.66259765625,0.0754150390625,-399.7167663574219,183.0179901123047,-42.753990173339844,19.652517318725586,44.27614974975586,-30.238000869750977,-9.44264030456543,11.666982650756836,-21.744403839111328,-8.371942520141602,11.315945625305176,-3.25982403755188,-5.152709007263184,-2.2007369995117188,-1.7683515548706055,1.8390659093856812,-8.197680473327637,-8.84203052520752,3.950221300125122,-3.7177207469940186,-9.914270401000977,-0.11338429152965546,-2.6062424182891846,-6.883708953857422,-3.0178639888763428,-5.730504035949707,-4.394176959991455,0.16065192222595215,-4.092654228210449,-2.6556098461151123
2_jackson_13.wav,0.31634387373924255,0.05919726938009262,1115.9301030838717,980.5685297937258,1941.7331861413043,0.06409222146739131,-349.9161071777344,191.12115478515625,-45.273597717285156,31.42894172668457,46.572566986083984,-30.478364944458008,-18.3535213470459,-16.872695922851562,-24.279918670654297,6.869406700134277,-14.591331481933594,-32.46052169799805,-0.8038472533226013,-11.112504005432129,-18.790773391723633,6.528855800628662,-12.000877380371094,-18.759958267211914,13.106217384338379,-0.297808974981308,-16.554458618164062,3.22489070892334,-4.201622486114502,-14.926848411560059,-1.1897505521774292,-7.244156360626221,-13.596107482910156,-2.5094335079193115,-6.982766151428223,-9.4258451461792
4_lucas_18.wav,0.5560993552207947,0.04702506959438324,1103.2948304257113,796.9854100515691,1862.6220703125,0.085625,-410.1278991699219,196.9456787109375,-28.261367797851562,10.911955833435059,12.781991958618164,-54.0341911315918,-9.331664085388184,20.48027801513672,-16.742835998535156,-4.408828258514404,11.797983169555664,-6.957626819610596,-4.596158981323242,-0.675900399684906,-4.16313362121582,5.387381553649902,-0.6289485692977905,-8.768044471740723,2.653593063354492,-2.5756044387817383,-13.450932502746582,-3.3452954292297363,-1.6474207639694214,-7.195510387420654,-0.8546388149261475,-1.1685686111450195,-5.9790120124816895,-2.043517589569092,-1.9622888565063477,-4.438135147094727
7_nicolas_27.wav,0.4003070890903473,0.028941771015524864,1131.680336425772,1088.4981537892081,2532.843017578125,0.068878173828125,-366.99932861328125,209.70123291015625,-65.92961120605469,37.04776382446289,38.12861633300781,-44.05872344970703,7.6323957443237305,-1.8832948207855225,-35.79686737060547,12.205915451049805,-1.683575987815857,-24.3414306640625,14.678279876708984,3.9673268795013428,-11.605611801147461,8.484701156616211,-6.0156989097595215,-7.170596599578857,9.39065933227539,-10.601523399353027,-9.345486640930176,6.405921459197998,-8.105673789978027,-2.4647445678710938,7.854373931884766,-7.3064866065979,-1.2392463684082031,6.153678894042969,-5.851101875305176,0.7003231048583984
5_george_27.wav,0.31268495321273804,0.06359006464481354,1443.569011128229,967.2989499222933,2663.3172286184213,0.09156558388157894,-335.98138427734375,181.60467529296875,-120.29948425292969,1.4329557418823242,29.497446060180664,-60.61355209350586,-12.342717170715332,-11.64720630645752,-47.693050384521484,2.427112102508545,-5.308750152587891,-36.28325271606445,-0.965161144733429,-10.501468658447266,-32.59587478637695,-7.003223419189453,-12.811306953430176,-19.584707260131836,-0.9367653727531433,-13.873944282531738,-16.85325813293457,-1.7410553693771362,-15.399160385131836,-14.208174705505371,-0.030316347256302834,-11.10050106048584,-8.60509204864502,-0.03100643679499626,-9.596476554870605,-3.18758225440979
7_theo_47.wav,0.357458233833313,0.002790159313008189,1312.3548081995605,1018.1146665158495,2381.3189338235293,0.0998678768382353,-605.5812377929688,214.09909057617188,-75.89606475830078,25.82817840576172,32.70323944091797,-48.162742614746094,3.198580503463745,1.5032751560211182,-28.463104248046875,15.681087493896484,3.1485931873321533,-22.959932327270508,5.36912727355957,-1.5516749620437622,-7.045591831207275,8.295504570007324,-14.341690063476562,-13.74335765838623,4.93140983581543,-16.596240997314453,-13.723736763000488,4.933845520019531,-10.083346366882324,-4.640242576599121,6.122668743133545,-10.857224464416504,-4.698027610778809,5.049932956695557,-7.083454132080078,-2.1844427585601807
6_george_48.wav,0.28388556838035583,0.03307737410068512,1765.4460707790824,1135.0110325725059,3111.5478515625,0.11272786458333334,-395.6224060058594,147.10902404785156,-99.50196838378906,33.64995574951172,47.084041595458984,-49.5384407043457,-11.159399032592773,-21.24829864501953,-51.0233039855957,-0.07142359763383865,-24.28765296936035,-55.37757873535156,0.11511077731847763,-2.8208253383636475,-32.99327850341797,-6.313452243804932,-4.631103038787842,-13.773575782775879,-1.8134665489196777,-12.975854873657227,-11.569987297058105,1.184991717338562,-14.929047584533691,-9.536614418029785,6.9868245124816895,-9.208551406860352,-8.727461814880371,4.224214553833008,-7.523393630981445,-7.3598833084106445
9_lucas_38.wav,0.4416986107826233,0.040388863533735275,1004.4732439781121,899.8423134592634,2074.8779296875,0.05517578125,-392.71697998046875,205.33566284179688,-45.067115783691406,16.97410774230957,48.466312408447266,-30.149200439453125,-12.53791332244873,11.801092147827148,-20.750446319580078,-7.9254841804504395,13.032655715942383,-2.025608777999878,-5.04656457901001,-1.170327067375183,-1.1270288228988647,-0.2652973234653473,-11.127540588378906,-10.039411544799805,3.1683497428894043,-4.750661373138428,-9.289375305175781,-0.3807862401008606,-6.549120903015137,-9.140976905822754,-2.1327402591705322,-8.363229751586914,-9.678960800170898,-3.6266541481018066,-8.672357559204102,-6.499743938446045
9_lucas_39.wav,0.4363233745098114,0.04205365478992462,1076.506544977548,984.4385408984126,2226.201923076923,0.06124173677884615,-420.1820068359375,170.69064331054688,-38.772544860839844,15.929251670837402,42.45453643798828,-27.936992645263672,-12.467881202697754,14.534083366394043,-12.735819816589355,-6.499242305755615,10.805709838867188,-2.446521520614624,-6.763006210327148,-1.3882814645767212,-0.737085223197937,-2.9637556076049805,-10.841145515441895,-5.907746315002441,4.438749313354492,-6.418994426727295,-12.239726066589355,-3.406981945037842,-6.919142723083496,-8.871732711791992,-3.0421884059906006,-8.39596939086914,-9.264459609985352,-2.981517791748047,-7.981842041015625,-8.469038009643555
1_yweweler_14.wav,0.39875540137290955,0.006842704489827156,898.8586593862306,791.7685845841868,1658.056640625,0.052133413461538464,-562.5128784179688,235.69772338867188,-46.365482330322266,11.276412010192871,15.271188735961914,-50.253597259521484,8.032004356384277,12.080870628356934,-34.48307800292969,3.4267778396606445,11.126588821411133,-19.114219665527344,-1.4884847402572632,-0.22593292593955994,-12.380793571472168,0.48008984327316284,-6.281270503997803,-8.727067947387695,6.589308738708496,-4.148000240325928,-7.641357421875,3.5522279739379883,-7.3847761154174805,-6.823338508605957,3.982093572616577,-7.546486854553223,-7.580677509307861,2.328286647796631,-5.57914400100708,-5.63218355178833
6_lucas_20.wav,0.4898541271686554,0.023146919906139374,1694.7773306129905,952.3510041007662,2720.8740234375,0.15376209077380953,-409.1997375488281,162.30377197265625,-77.30613708496094,22.45944595336914,46.06517028808594,-40.5462646484375,-8.662511825561523,5.248789310455322,-26.842153549194336,1.92587149143219,6.896617889404297,-12.541438102722168,5.462075233459473,1.4858578443527222,-8.385186195373535,7.530084609985352,-1.8108022212982178,-9.676076889038086,3.0974855422973633,-6.411511421203613,-9.9314603805542,1.2095752954483032,-7.364012241363525,-7.48220682144165,1.3293670415878296,-6.818363666534424,-4.17954158782959,2.422823190689087,-6.6149210929870605,-2.576566219329834
9_yweweler_33.wav,0.3742191195487976,0.0068216947838664055,888.105192380953,873.4853284200166,1591.842041015625,0.0454345703125,-550.09033203125,215.08544921875,-49.25776672363281,10.20654296875,17.85171127319336,-41.52406692504883,10.394488334655762,9.16091537475586,-31.451858520507812,4.642880439758301,3.6459336280822754,-20.875545501708984,5.592166423797607,-0.7684954404830933,-20.202871322631836,-1.9817711114883423,-7.883154392242432,-16.630348205566406,-1.5779978036880493,-9.536237716674805,-12.8821382522583,-0.44548147916793823,-9.160882949829102,-7.631697177886963,2.3038718700408936,-10.588383674621582,-8.104384422302246,4.42978048324585,-5.357419967651367,-4.245157241821289
6_nicolas_49.wav,0.3447829782962799,0.05310450866818428,1186.3410212302974,1158.9465870289303,2787.652587890625,0.056193033854166664,-351.6434326171875,189.17247009277344,-59.66950607299805,50.318790435791016,45.99637222290039,-44.87459182739258,5.5136189460754395,1.975913166999817,-41.7098274230957,-0.9385855793952942,-4.755125999450684,-28.21443748474121,5.667518615722656,0.11009502410888672,-14.504158020019531,9.299757957458496,-0.2890504002571106,-9.021007537841797,9.056024551391602,-0.8139330744743347,-5.760934352874756,5.133345127105713,-4.141881465911865,-1.9316486120224,5.538179397583008,-4.790157794952393,0.6341844201087952,4.55527925491333,-7.491408824920654,0.17480231821537018
1_nicolas_30.wav,0.34972476959228516,0.05276500806212425,895.0458397181619,974.8721910119972,1918.76220703125,0.04677036830357143,-341.0263977050781,221.0625,-52.626834869384766,34.29265213012695,33.02536392211914,-42.58237838745117,6.048038005828857,-4.033761501312256,-36.56272888183594,9.8306245803833,-2.578077554702759,-27.75531005859375,6.170718193054199,-0.97467440366745,-13.032210350036621,8.244783401489258,-3.51544189453125,-7.085267543792725,8.731088638305664,-7.340297698974609,-9.217625617980957,4.270500659942627,-7.142018795013428,-3.853851795196533,5.950682640075684,-5.017085552215576,-1.001820683479309,4.162308216094971,-6.121859550476074,-0.7418616414070129
1_jackson_18.wav,0.26646265387535095,0.06484486907720566,649.8431719940221,701.214327539953,954.459228515625,0.035009765625,-355.7162780761719,212.7593231201172,-9.17062759399414,6.302890777587891,8.244093894958496,-44.135623931884766,-11.4334716796875,6.955777168273926,-24.510211944580078,-14.474583625793457,-2.8769493103027344,-16.029146194458008,-8.375164985656738,-3.4217772483825684,-10.621199607849121,-5.249763011932373,-5.731486797332764,-10.942436218261719,-7.420559883117676,-10.833640098571777,-12.239121437072754,-4.524433612823486,-7.043019771575928,-11.300274848937988,-8.565252304077148,-10.819299697875977,-9.368036270141602,-1.208019733428955,-0.8778554201126099,-3.2429378032684326
8_theo_23.wav,0.40112772583961487,0.007047432474792004,1450.3635688216978,1136.4715244513163,2914.6728515625,0.08879743303571429,-539.6443481445312,171.3848876953125,-60.48823165893555,53.1980094909668,40.30445098876953,-63.190921783447266,-3.8833086490631104,9.301247596740723,-36.369998931884766,-5.991967678070068,-6.583553314208984,-22.18728256225586,6.299075603485107,-3.964948892593384,-11.28351879119873,14.183042526245117,-1.1724337339401245,-9.870935440063477,6.921855926513672,-8.361860275268555,-13.237135887145996,-1.5134036540985107,-11.883039474487305,-6.314097881317139,5.186451435089111,-4.868892192840576,-0.7759981751441956,2.0409393310546875,-8.576025009155273,0.3533356785774231
5_theo_15.wav,0.46613454818725586,0.004773958120495081,1168.6243293717105,897.4986540541526,2028.427734375,0.07789713541666667,-543.613037109375,240.82427978515625,-90.80133819580078,-6.770255088806152,26.216060638427734,-39.484107971191406,2.1008031368255615,6.257810115814209,-18.083837509155273,20.117643356323242,15.402437210083008,-5.564850807189941,3.873377561569214,-15.055888175964355,-7.920034408569336,15.605417251586914,-18.72930908203125,-22.981945037841797,8.396063804626465,-11.24052619934082,-17.06588363647461,5.393466472625732,-7.3341383934021,-8.958742141723633,4.479634761810303,-7.134913921356201,-3.888899326324463,5.242218017578125,-5.5917792320251465,-1.3455437421798706
1_theo_14.wav,0.3691728711128235,0.005145069677382708,837.1538857715918,858.3169312493784,1481.875887784091,0.03968394886363636,-575.615966796875,236.80950927734375,-49.15981674194336,11.439591407775879,15.751879692077637,-48.0289306640625,4.316431045532227,8.478971481323242,-27.961626052856445,4.186748027801514,5.848372936248779,-12.788049697875977,0.5740968585014343,-11.037078857421875,-12.013717651367188,6.550657749176025,-14.9107666015625,-18.71986961364746,2.9487557411193848,-13.75021743774414,-17.131404876708984,3.0589590072631836,-8.879863739013672,-12.520477294921875,2.0278844833374023,-5.975881576538086,-7.142935276031494,2.6741957664489746,-3.3420767784118652,-4.996981143951416
8_george_11.wav,0.2471676468849182,0.050961434841156006,1342.6502369736838,1068.6396737132022,2727.18017578125,0.06396484375,-377.17376708984375,139.08468627929688,-64.77565002441406,34.58379364013672,35.480308532714844,-59.06612014770508,-25.667593002319336,-13.268397331237793,-39.07356262207031,-7.545298099517822,-16.793380737304688,-36.509849548339844,0.6805630922317505,-6.3168110847473145,-31.504867553710938,-3.8701088428497314,1.5691896677017212,-15.663084030151367,-9.820573806762695,-11.502103805541992,-10.356823921203613,-0.6661506295204163,-10.312467575073242,-10.0597505569458,-1.4526145458221436,-12.648024559020996,-9.361845016479492,3.2135543823242188,-6.968784332275391,-8.275364875793457
3_george_43.wav,0.3323770761489868,0.0467800535261631,1500.6859833496062,1082.413874970996,2839.39208984375,0.09149848090277778,-361.3358154296875,159.95718383789062,-96.07361602783203,20.28926658630371,41.85164260864258,-50.119876861572266,-19.706666946411133,-23.416584014892578,-50.48066711425781,-6.073999881744385,-21.850170135498047,-47.04786682128906,-1.33486807346344,-5.312150955200195,-27.792280197143555,-2.9594452381134033,-8.424469947814941,-17.692455291748047,-0.9033989310264587,-13.721799850463867,-17.02324867248535,-0.6206817030906677,-14.458477020263672,-13.780542373657227,4.76204252243042,-7.721792221069336,-11.56567668914795,1.1539605855941772,-6.670474052429199,-9.326322555541992
7_theo_31.wav,0.3572150468826294,0.005291494075208902,1389.917224389408,1028.203927643113,2440.4296875,0.1088595920138889,-560.763916015625,185.4149627685547,-65.55272674560547,26.32390785217285,30.336830139160156,-41.36240005493164,6.760669231414795,0.57597416639328,-29.478084564208984,15.919246673583984,5.5346293449401855,-24.24928855895996,5.695957183837891,5.778845310211182,-5.5656609535217285,6.315669536590576,-8.960304260253906,-9.931888580322266,7.019690036773682,-9.676513671875,-11.21969985961914,3.8216896057128906,-7.776875972747803,-6.158810138702393,2.0655834674835205,-10.618350982666016,-3.954375743865967,6.0792999267578125,-6.713688373565674,-6.025999546051025
3_jackson_34.wav,0.24523425102233887,0.060573358088731766,928.67705237198,940.5182162798444,1951.8310546875,0.037760416666666664,-338.2527770996094,199.4083251953125,-57.1387825012207,25.657421112060547,54.67573928833008,-27.89162254333496,-21.037752151489258,-18.631940841674805,-29.8824520111084,4.011585712432861,-8.625744819641113,-28.998096466064453,-0.4679820239543915,-7.228060245513916,-20.273324966430664,2.363511800765991,-5.211292743682861,-14.945344924926758,2.424046754837036,-5.798478126525879,-14.570085525512695,-5.527003765106201,-15.63982105255127,-17.104196548461914,-4.2213134765625,-11.991862297058105,-13.992881774902344,-4.838523864746094,-9.884516716003418,-8.247418403625488
7_theo_25.wav,0.28928011655807495,0.023831242695450783,1342.1191101826737,963.7412347607941,2378.014605978261,0.10268766983695653,-446.01336669921875,154.35781860351562,-56.32468032836914,13.058518409729004,23.92741584777832,-39.090293884277344,-6.221991062164307,-1.5840215682983398,-23.3028621673584,7.97463321685791,2.121185541152954,-19.66802215576172,0.9137996435165405,0.20062002539634705,-8.921401023864746,-2.236021041870117,-12.549347877502441,-7.579893589019775,5.246899127960205,-11.60450553894043,-10.773648262023926,2.401185989379883,-8.12811279296875,-3.320924758911133,4.022083282470703,-11.57829761505127,-5.8666534423828125,5.84144926071167,-5.52967643737793,-4.200821876525879
1_george_9.wav,0.2695138156414032,0.049890462309122086,938.3816404642953,867.4584112592222,1740.087890625,0.04257347470238095,-362.0623474121094,170.25344848632812,-52.394432067871094,-10.452773094177246,3.9454433917999268,-40.651222229003906,-9.402139663696289,-14.724817276000977,-39.481990814208984,-4.614579200744629,-10.112693786621094,-35.31989669799805,-6.662637710571289,-3.124331474304199,-23.572860717773438,-11.316729545593262,-10.58224868774414,-21.7551326751709,-14.151592254638672,-11.944527626037598,-11.108725547790527,-7.794687747955322,-15.120084762573242,-10.041476249694824,-3.3756673336029053,-15.759834289550781,-11.535961151123047,3.2675929069519043,-3.196627616882324,-5.681894302368164
3_george_33.wav,0.3224426805973053,0.05405687913298607,1484.1415477680391,1113.793509592592,2793.6164407169117,0.08027918198529412,-375.77435302734375,167.33392333984375,-100.97627258300781,45.35512924194336,57.38175964355469,-58.0886116027832,-16.32485008239746,-12.014262199401855,-47.433834075927734,-4.581132888793945,-20.63943862915039,-46.02280044555664,1.210431456565857,-8.427677154541016,-32.355865478515625,-0.7818288803100586,-8.899917602539062,-24.657197952270508,-2.9169809818267822,-9.601078033447266,-16.533916473388672,-5.084197044372559,-16.269344329833984,-12.341816902160645,2.0408129692077637,-12.034218788146973,-9.291092872619629,5.102033615112305,-6.0988874435424805,-6.645681381225586
5_yweweler_11.wav,0.5401041507720947,0.005865240469574928,1098.79066045177,911.6512741876643,2045.1649058948863,0.082275390625,-553.4658203125,209.55809020996094,-66.6429443359375,11.012332916259766,32.9699592590332,-34.57871627807617,13.2765531539917,17.846839904785156,-23.824626922607422,10.367936134338379,13.401345252990723,-13.529788970947266,6.509924411773682,3.406813859939575,-10.644681930541992,4.5133280754089355,-4.5669121742248535,-10.63588809967041,6.202723979949951,-4.148673057556152,-8.669990539550781,6.3641157150268555,-2.640885829925537,-5.856507778167725,4.528441905975342,-4.664444923400879,-5.581097602844238,4.069029808044434,-2.5763447284698486,-3.9470415115356445
5_theo_41.wav,0.3406044542789459,0.0064248694106936455,977.7393818490216,836.522643844981,1683.7308443509614,0.05438701923076923,-520.3934936523438,253.54920959472656,-83.76175689697266,-4.515486717224121,22.11423683166504,-43.88008117675781,-2.193311929702759,-0.12406525015830994,-24.27419662475586,17.783292770385742,10.205816268920898,-15.538249969482422,0.6925852298736572,-16.25871467590332,-19.424165725708008,6.39237642288208,-15.143220901489258,-18.97081184387207,8.745595932006836,-8.988585472106934,-15.952425003051758,6.180336952209473,-4.351413249969482,-9.517403602600098,2.2595174312591553,-5.42350959777832,-3.3800973892211914,2.2587168216705322,-9.866695404052734,-6.349157333374023
0_jackson_41.wav,0.31167519092559814,0.12755626440048218,645.1986822657192,721.3134022733931,1219.4970703125,0.028645833333333332,-301.1571044921875,191.60702514648438,1.4795851707458496,15.021279335021973,23.032136917114258,-16.949161529541016,-9.992085456848145,-14.692439079284668,-23.829410552978516,-6.985024929046631,-16.927488327026367,-18.122488021850586,7.2246294021606445,-3.8417792320251465,-14.858141899108887,0.7457433342933655,-7.4096503257751465,-13.11076545715332,-1.6032613515853882,-12.70108699798584,-16.698753356933594,-4.083481788635254,-12.878737449645996,-15.60282039642334,-1.8778691291809082,-5.889000415802002,-9.447033882141113,-2.0951316356658936,-5.319183826446533,-6.77687406539917
8_nicolas_31.wav,0.4348042905330658,0.04117296636104584,1110.489754521314,1131.8079973508648,2558.017865349265,0.03776999080882353,-361.13922119140625,199.785400390625,-62.86776351928711,37.23112106323242,40.34001159667969,-43.774169921875,3.540271043777466,3.4527573585510254,-29.46165657043457,8.387603759765625,-0.14617371559143066,-16.216751098632812,13.846513748168945,-3.413067579269409,-16.073081970214844,9.136025428771973,-4.969572067260742,-9.589988708496094,10.076367378234863,-5.905980110168457,-7.558720111846924,8.135982513427734,-6.747503280639648,-5.39313268661499,7.700815677642822,-4.600505352020264,-2.287060260772705,5.925460338592529,-3.7505319118499756,0.9491929411888123
3_george_16.wav,0.26159530878067017,0.03552570194005966,1282.6532189231561,1111.7471800869585,2664.0317170516305,0.06426205842391304,-401.0420227050781,159.58779907226562,-75.80061340332031,30.970947265625,41.77981948852539,-52.55946350097656,-20.394845962524414,-17.628162384033203,-46.676246643066406,-6.395370006561279,-16.397401809692383,-43.480464935302734,-7.115853786468506,-10.242399215698242,-29.21538734436035,-4.109010219573975,-8.925667762756348,-20.779481887817383,-4.098034381866455,-12.283145904541016,-15.976873397827148,-2.0581371784210205,-16.802194595336914,-17.993417739868164,2.4289751052856445,-8.120080947875977,-14.234809875488281,1.3504444360733032,-1.428968071937561,-4.5893354415893555
1_george_15.wav,0.23065859079360962,0.035475049167871475,961.545849700487,862.717581663054,1632.7234604779412,0.04506548713235294,-399.3312072753906,189.46229553222656,-69.15544128417969,-11.641287803649902,13.510820388793945,-42.69822311401367,-12.571000099182129,-12.278022766113281,-35.379058837890625,0.33556821942329407,-5.744475841522217,-29.963003158569336,-4.076596260070801,-12.215400695800781,-35.02008819580078,-12.142611503601074,-8.790446281433105,-23.569669723510742,-12.528879165649414,-7.188632965087891,-9.905876159667969,-10.54228401184082,-17.81278419494629,-9.571325302124023,-0.9899404048919678,-13.978850364685059,-10.6790132522583,0.12195895612239838,-10.901535987854004,-10.130815505981445
6_nicolas_48.wav,0.43038296699523926,0.0351397730410099,1346.4833000664973,1222.9739930665514,2918.51806640625,0.07470703125,-352.808837890625,196.89488220214844,-73.95963287353516,50.80394744873047,44.71271896362305,-50.734588623046875,8.416865348815918,6.5084357261657715,-39.25525665283203,-0.2938857078552246,-7.609900951385498,-25.84735107421875,10.587069511413574,-1.2941290140151978,-14.165307998657227,12.215365409851074,-1.9994237422943115,-10.957026481628418,7.48577880859375,-3.517826795578003,-5.530754566192627,5.000594615936279,-5.542235851287842,-0.38264375925064087,5.772425174713135,-6.561740398406982,0.7661982774734497,4.684765338897705,-5.422924041748047,4.546602725982666
8_lucas_12.wav,0.5004628300666809,0.055476438254117966,1343.4301245397999,1072.7568479237484,2557.8369140625,0.09133184523809523,-371.3096618652344,159.15773010253906,-46.721885681152344,36.85792922973633,51.86867141723633,-39.03803253173828,-16.268245697021484,10.397120475769043,-17.978145599365234,-5.467259407043457,0.7618311643600464,-11.668403625488281,5.574794292449951,4.711779594421387,-10.44407844543457,0.35975727438926697,1.5491093397140503,-4.069612503051758,2.33964204788208,-4.388025283813477,-7.272190093994141,1.711926817893982,-6.141734600067139,-8.839216232299805,2.0122017860412598,-3.2121028900146484,-7.436872959136963,-0.43384724855422974,-3.411102294921875,-4.919345855712891
7_jackson_47.wav,0.40241050720214844,0.055665649473667145,1009.4805305210989,973.0280608014021,2069.634454900568,0.05808327414772727,-331.2325439453125,212.79971313476562,-56.32110595703125,16.995811462402344,34.672462463378906,-34.62942123413086,-6.448031902313232,-10.761792182922363,-39.8433723449707,-0.6160239577293396,6.481076240539551,-17.350889205932617,-8.68905258178711,-4.344821453094482,-1.3087002038955688,-4.218336582183838,-23.534154891967773,-9.361340522766113,4.0325398445129395,-17.963422775268555,-12.603225708007812,-0.7347428798675537,-15.097274780273438,-5.758788108825684,0.9485887885093689,-19.101064682006836,-12.408934593200684,0.1316218227148056,-9.410449981689453,-5.378475666046143
1_jackson_46.wav,0.27274075150489807,0.07754478603601456,701.9950669480535,807.7638668069142,1196.4971127717392,0.03369140625,-349.5870056152344,216.06179809570312,-19.886999130249023,20.088542938232422,9.899784088134766,-34.545345306396484,15.426922798156738,-5.3385162353515625,-45.811771392822266,-3.0762388706207275,-1.943418264389038,-20.287368774414062,3.1309523582458496,-9.296724319458008,-21.587604522705078,-0.6840466856956482,-11.103479385375977,-17.97118377685547,-3.4834630489349365,-11.890724182128906,-9.260581970214844,-0.5120234489440918,-18.666872024536133,-16.067869186401367,-3.129753828048706,-17.29021453857422,-13.771313667297363,1.8820396661758423,-7.717236518859863,-10.785140991210938
4_jackson_24.wav,0.2971019744873047,0.08620402961969376,646.9302671736536,603.1248803185088,1014.453125,0.04006618923611111,-348.45477294921875,208.35256958007812,28.439510345458984,-18.207923889160156,-23.873645782470703,-25.485383987426758,-9.591005325317383,-16.476234436035156,-14.29068374633789,0.8153940439224243,-19.0295467376709,-21.608352661132812,5.754648208618164,-2.8544423580169678,-10.908960342407227,7.788568496704102,-0.6761849522590637,-12.706290245056152,-2.2210378646850586,-8.190573692321777,-14.170330047607422,-3.997725486755371,-8.723508834838867,-12.876014709472656,-6.510750770568848,-12.646360397338867,-11.318975448608398,0.5144879817962646,-4.934212684631348,-7.422299861907959
5_theo_21.wav,0.3681292235851288,0.0030354796908795834,1248.938606134407,836.3481098153618,2034.8876953125,0.0930908203125,-583.7584838867188,240.5760040283203,-96.83252716064453,-2.9513683319091797,31.79424476623535,-44.64311981201172,4.549475193023682,13.2997407913208,-22.9151554107666,13.704279899597168,11.479096412658691,-14.827906608581543,1.2205784320831299,-7.15689754486084,-7.5950775146484375,9.609990119934082,-14.173538208007812,-13.896856307983398,8.704351425170898,-12.315909385681152,-12.384570121765137,8.129491806030273,-9.456706047058105,-10.931012153625488,4.5354108810424805,-5.717171669006348,-3.9935593605041504,1.9137680530548096,-8.108057022094727,-0.6240676641464233
4_nicolas_48.wav,0.3080802261829376,0.05251873657107353,921.0083206264217,916.6995554791202,1692.8897633272059,0.053969439338235295,-325.64385986328125,209.3112030029297,-32.15034103393555,14.979669570922852,-3.7874701023101807,-62.36266326904297,-4.225549697875977,2.1702444553375244,-21.89394187927246,13.180734634399414,-0.03184439241886139,-18.87999153137207,12.127348899841309,2.31437349319458,-8.190041542053223,15.226896286010742,0.3666837215423584,-13.1688232421875,-0.6972993612289429,-11.888374328613281,-12.129816055297852,2.6565346717834473,-4.8579206466674805,0.40447306632995605,10.825014114379883,-2.1272435188293457,-1.0542703866958618,6.295800685882568,-2.275069236755371,-0.11234398186206818
4_yweweler_28.wav,0.3866899311542511,0.01152931246906519,747.1111597647076,605.4643595829187,1057.818603515625,0.049845377604166664,-515.2572021484375,237.2337188720703,-21.866846084594727,-6.7972259521484375,-4.843410968780518,-55.50698471069336,-3.4791221618652344,20.758333206176758,-18.58612060546875,-9.362091064453125,-2.599479913711548,-19.64519691467285,-3.9987189769744873,4.57547664642334,-5.702625751495361,-0.8355193138122559,-1.6211198568344116,-4.640581130981445,1.1260452270507812,-6.331115245819092,-9.119196891784668,0.2607294023036957,-4.555968761444092,-6.809453964233398,-0.0856027603149414,-6.839270114898682,-10.199042320251465,-2.6966164112091064,-3.1029179096221924,-3.113677740097046
1_jackson_25.wav,0.2643415927886963,0.0747397392988205,720.1670483134889,771.5677322193984,1285.2630615234375,0.032267252604166664,-343.9069519042969,221.9723663330078,-30.575212478637695,8.808818817138672,17.32087516784668,-46.3001594543457,-7.0542449951171875,10.067856788635254,-30.225656509399414,-14.226521492004395,-0.007210890296846628,-18.526609420776367,-11.509806632995605,-6.199838161468506,-11.688260078430176,-3.3518564701080322,-4.894350051879883,-11.169296264648438,-8.2553071975708,-12.487457275390625,-11.631909370422363,-5.450174808502197,-12.438380241394043,-14.19830322265625,-9.002238273620605,-12.085811614990234,-8.470186233520508,-2.723609209060669,-8.38510799407959,-8.39474868774414
2_jackson_14.wav,0.32415860891342163,0.049672555178403854,1120.9879117451032,884.0023190393683,1888.3682914402175,0.07353940217391304,-367.9322814941406,181.5467071533203,-45.990726470947266,27.094165802001953,47.666748046875,-25.673738479614258,-18.765544891357422,-18.349401473999023,-26.601734161376953,5.335851192474365,-10.952190399169922,-32.58671569824219,-4.9956583976745605,-10.160548210144043,-20.030797958374023,2.510897159576416,-7.4528913497924805,-14.719414710998535,8.510727882385254,-1.7271360158920288,-14.0015230178833,2.2429497241973877,-5.1354899406433105,-14.270234107971191,-1.2026679515838623,-7.063093185424805,-14.820725440979004,-4.316709995269775,-6.230130195617676,-9.23609447479248
5_nicolas_19.wav,0.5464882850646973,0.03070390783250332,1196.4587265134785,1024.124827410404,2257.91015625,0.07261439732142858,-366.65875244140625,234.15328979492188,-76.65643310546875,9.718602180480957,11.097113609313965,-46.34070587158203,24.529417037963867,10.966791152954102,-32.772422790527344,12.327080726623535,-0.912943422794342,-21.005428314208984,16.88132095336914,0.51353919506073,-15.172456741333008,10.650504112243652,-3.8379859924316406,-9.74417781829834,7.481242656707764,-8.414534568786621,-7.808516502380371,4.656490325927734,-11.339163780212402,-5.4943037033081055,7.450611114501953,-4.9575395584106445,0.34011179208755493,7.407088279724121,-2.89705491065979,2.6583216190338135
9_nicolas_37.wav,0.35121095180511475,0.03378590568900108,991.1121167571725,1062.6868978742586,2229.8198499177633,0.04415090460526316,-377.8728942871094,223.1669921875,-66.20044708251953,32.463836669921875,40.68562316894531,-35.59088134765625,12.855815887451172,2.111703395843506,-31.745071411132812,15.135382652282715,2.890706777572632,-22.245378494262695,9.073356628417969,-4.041056156158447,-13.610830307006836,11.325243949890137,-6.817386627197266,-11.301937103271484,9.18782901763916,-8.847832679748535,-9.77758502960205,6.45839786529541,-7.9088592529296875,-3.509484052658081,6.725559234619141,-9.032145500183105,-2.2699472904205322,6.656839847564697,-5.869746208190918,1.042909860610962
6_jackson_44.wav,0.41058260202407837,0.07094595581293106,1367.9296389725312,1059.4740281985405,2490.5106977982955,0.11001864346590909,-348.5746765136719,142.7342529296875,-31.97309684753418,19.92234992980957,26.606584548950195,-36.69984436035156,-25.74213218688965,-16.020458221435547,-14.32273006439209,13.241451263427734,-4.242715358734131,-24.404924392700195,1.1901679039001465,4.011945724487305,-5.590785980224609,-1.5340301990509033,-12.669798851013184,-7.872799873352051,5.87394905090332,-15.007135391235352,-20.892181396484375,-3.1084632873535156,-10.531471252441406,-13.156792640686035,-1.8532971143722534,-8.58064079284668,-7.24578857421875,3.5722663402557373,-3.19148850440979,-5.019232273101807
1_nicolas_7.wav,0.4078587591648102,0.05243619903922081,978.6407146234012,946.0807853101086,1894.921875,0.05757962740384615,-336.0496826171875,240.5526580810547,-65.95571899414062,15.369706153869629,21.234703063964844,-40.79542922973633,16.03658103942871,1.8036589622497559,-34.37781524658203,12.411493301391602,0.7363064885139465,-22.379892349243164,8.265108108520508,-7.250147819519043,-15.785731315612793,11.841851234436035,-7.057259559631348,-12.130704879760742,12.448960304260254,-4.193305015563965,-10.840617179870605,4.823322296142578,-3.9080843925476074,-1.6044355630874634,5.392240524291992,-6.487475872039795,-0.13120530545711517,5.559982776641846,-4.599976062774658,2.534229040145874
2_jackson_19.wav,0.31392619013786316,0.06038397178053856,1044.2433908382645,954.5994479252917,1864.4945227581522,0.05791440217391304,-353.9414978027344,194.45877075195312,-42.454524993896484,28.971599578857422,43.251407623291016,-27.602249145507812,-13.395116806030273,-15.63741683959961,-22.29688262939453,11.063404083251953,-14.672052383422852,-34.872344970703125,0.8165054321289062,-10.189546585083008,-22.40213394165039,6.740844249725342,-5.3578643798828125,-16.611713409423828,7.882359981536865,-2.317452907562256,-13.893989562988281,2.4360368251800537,-6.268912315368652,-12.977056503295898,0.6764655113220215,-7.333240032196045,-13.042494773864746,-1.8481106758117676,-5.341850757598877,-6.960635185241699
4_yweweler_27.wav,0.4165742099285126,0.012853600084781647,1005.6094105415291,727.9430843900032,1509.11865234375,0.07432725694444445,-518.4404296875,179.40460205078125,-20.93242835998535,-8.671796798706055,-8.226104736328125,-46.46999740600586,-3.9513370990753174,14.054367065429688,-16.460952758789062,-7.044158935546875,-0.9864932298660278,-13.446915626525879,-1.3145155906677246,1.917856216430664,-6.9498162269592285,-0.03295931965112686,-0.2846214473247528,-4.170711994171143,-0.45020225644111633,-7.411542892456055,-9.073773384094238,-2.046598434448242,-8.860233306884766,-8.051769256591797,3.29715633392334,-2.3544766902923584,-6.185405254364014,0.25378912687301636,-4.361783027648926,-6.379945755004883
4_jackson_8.wav,0.2475098967552185,0.07572779804468155,616.0731909101686,541.6666192389735,1050.0269839638158,0.035567434210526314,-372.7506103515625,222.09524536132812,23.74167251586914,-18.976598739624023,-10.895509719848633,-19.045249938964844,-17.080520629882812,-18.907752990722656,-11.183549880981445,0.7143563628196716,-17.293350219726562,-20.329374313354492,3.1518216133117676,-2.8188915252685547,-11.240399360656738,2.8771228790283203,-4.03886604309082,-14.649372100830078,-4.454863548278809,-7.657812595367432,-13.425665855407715,-3.592768907546997,-7.032343864440918,-15.0603666305542,-9.531855583190918,-9.31515884399414,-9.614422798156738,-4.178379535675049,-7.2003607749938965,-5.870385646820068
3_nicolas_48.wav,0.3803967237472534,0.025824526324868202,1217.8678610690451,1135.3171197472125,2564.935772235577,0.06332632211538461,-394.6119384765625,202.69610595703125,-72.78288269042969,39.956119537353516,43.152366638183594,-37.01582336425781,14.946267127990723,-1.3858697414398193,-37.41462707519531,16.261350631713867,0.29309508204460144,-28.45423126220703,10.05714225769043,0.38914746046066284,-10.506415367126465,15.712839126586914,-3.579349994659424,-10.827658653259277,11.415573120117188,-3.757323741912842,-6.075407981872559,7.223891258239746,-7.590331554412842,-3.544928550720215,6.62186861038208,-7.139009952545166,-0.9005959033966064,5.523781776428223,-7.406216621398926,-0.9982836842536926
1_nicolas_40.wav,0.4044201374053955,0.05806605890393257,999.2196238887295,984.1628756679752,2092.7581787109375,0.059234619140625,-322.02880859375,208.5487060546875,-53.40777587890625,20.34859848022461,26.249404907226562,-37.689483642578125,10.554901123046875,-0.45488953590393066,-35.988868713378906,9.195629119873047,2.514366626739502,-21.979074478149414,7.6749796867370605,-1.243072748184204,-12.781679153442383,9.595955848693848,-5.187443733215332,-11.338357925415039,8.691548347473145,-6.630568027496338,-10.743221282958984,6.158105850219727,-6.243885040283203,-8.089400291442871,4.454695701599121,-4.623194694519043,-4.118897438049316,2.58919620513916,-5.002235412597656,-1.7411738634109497
9_jackson_6.wav,0.2734140157699585,0.06986195594072342,801.2519121938949,847.7300981629611,1492.071533203125,0.04083251953125,-334.8578186035156,223.9878692626953,-46.51371383666992,11.3272066116333,27.80755615234375,-43.59776306152344,-8.663619041442871,5.85009765625,-27.26336097717285,-4.622400760650635,0.22385025024414062,-22.7161922454834,-10.59907054901123,-6.077348709106445,-13.360305786132812,-7.9755401611328125,-11.330548286437988,-8.121861457824707,-0.7777811884880066,-10.059386253356934,-6.5879387855529785,-1.9212660789489746,-16.037099838256836,-10.700264930725098,-1.2643895149230957,-14.095176696777344,-12.22177505493164,-3.6008949279785156,-10.55504322052002,-6.3788933753967285
2_george_49.wav,0.23111899197101593,0.03767406940460205,877.24843478556,876.0888852736302,1764.3768310546875,0.04046630859375,-406.7989196777344,170.91827392578125,-44.67936325073242,1.8185746669769287,8.225278854370117,-43.03783416748047,-5.182882308959961,-8.095897674560547,-45.49225616455078,-20.142498016357422,-20.822057723999023,-40.61704635620117,-15.230838775634766,-12.970499038696289,-25.981060028076172,-7.504209995269775,-5.904815673828125,-13.71168327331543,-3.4066519737243652,-8.076403617858887,-14.384134292602539,-7.601254940032959,-11.097295761108398,-9.50485610961914,-2.0272607803344727,-7.3155107498168945,-5.316228866577148,-0.8076525926589966,-8.22857666015625,-5.372403144836426
1_george_28.wav,0.2783523499965668,0.04970787093043327,1321.561567432142,1055.2571713404418,2666.7526245117188,0.072235107421875,-351.5655517578125,176.00791931152344,-97.438720703125,-4.222415924072266,12.313375473022461,-47.27825164794922,3.607607126235962,-10.998188018798828,-43.1276969909668,9.05276107788086,-6.226950645446777,-37.06871795654297,0.18350040912628174,-11.753924369812012,-33.184486389160156,-4.394791603088379,-11.331313133239746,-23.697877883911133,-5.566145896911621,-11.554447174072266,-15.253870010375977,-8.619295120239258,-18.275239944458008,-6.4834747314453125,3.2802772521972656,-16.676254272460938,-10.248208999633789,2.244699478149414,-13.716796875,-9.819971084594727
4_jackson_35.wav,0.3673112094402313,0.09315219521522522,731.2160650640208,621.4160455216452,1157.6929995888158,0.05101254111842105,-312.5337829589844,237.73223876953125,-19.64969825744629,-10.169323921203613,-0.3487568795681,-46.578895568847656,-20.875165939331055,-4.42385721206665,-9.11911392211914,8.332671165466309,-10.196329116821289,-24.122520446777344,2.733643054962158,-4.414080619812012,-15.05051326751709,4.614591121673584,-8.598018646240234,-22.256065368652344,-2.455986499786377,-8.371747016906738,-20.131359100341797,-5.735323905944824,-7.7774271965026855,-13.230990409851074,-2.0171122550964355,-5.231150150299072,-8.855273246765137,-1.5561565160751343,-6.7122483253479,-6.358794212341309
5_theo_11.wav,0.43092337250709534,0.004562229383736849,1073.0745222756623,845.0065892715525,1816.864013671875,0.06722005208333333,-555.9459838867188,257.7713928222656,-96.34830474853516,-11.79956340789795,22.55237579345703,-41.517982482910156,1.9949358701705933,3.541538953781128,-19.591938018798828,21.51576805114746,13.995085716247559,-8.867040634155273,1.5385485887527466,-17.931894302368164,-10.464104652404785,13.255474090576172,-20.87428855895996,-22.501283645629883,7.043278217315674,-15.99557113647461,-17.21232032775879,8.508011817932129,-9.08568000793457,-12.955893516540527,3.178224802017212,-7.633595943450928,-4.5595526695251465,5.772891521453857,-5.371072769165039,-3.0042331218719482
0_theo_6.wav,0.22531341016292572,0.0033940982539206743,931.0747275659953,974.091326272082,1997.20458984375,0.0393798828125,-620.5443725585938,218.39785766601562,-59.61840057373047,34.52766036987305,49.99645233154297,-30.14865493774414,5.977988243103027,-1.6783084869384766,-31.4378719329834,7.682900428771973,-5.481475353240967,-22.41257095336914,12.274209022521973,-2.013573408126831,-13.935595512390137,12.387358665466309,-2.9537596702575684,-13.45079231262207,1.8130865097045898,-11.732760429382324,-11.080564498901367,2.409407138824463,-12.46308708190918,-9.13429069519043,3.3270812034606934,-9.852422714233398,-7.593405723571777,2.9237475395202637,-1.7006193399429321,2.375579595565796
7_george_6.wav,0.26869091391563416,0.04885842651128769,1395.2110719809411,979.7109704329597,2480.4593599759614,0.084716796875,-372.09375,146.80845642089844,-77.28630065917969,10.60877513885498,33.083656311035156,-36.50247573852539,-19.421958923339844,-31.953298568725586,-44.83876419067383,3.4882380962371826,-15.841901779174805,-42.39073944091797,3.1910018920898438,2.457767963409424,-23.54005241394043,-4.6152544021606445,-5.976687908172607,-16.686527252197266,-7.592525005340576,-15.951335906982422,-14.439051628112793,-1.5179193019866943,-12.721999168395996,-10.306891441345215,-0.7940561771392822,-15.804752349853516,-11.443170547485352,2.0861034393310547,-10.016637802124023,-6.490766525268555
0_jackson_28.wav,0.338687926530838,0.08540445566177368,787.2196242626026,807.9929237580214,1490.020751953125,0.04331752232142857,-318.30499267578125,204.26034545898438,-18.591527938842773,15.229307174682617,26.201093673706055,-29.967378616333008,-22.426496505737305,-22.260263442993164,-19.193098068237305,8.668024063110352,-14.77842903137207,-25.470426559448242,5.851798057556152,-8.164896011352539,-17.39869499206543,5.3334856033325195,-11.728950500488281,-17.987991333007812,7.177269458770752,-7.7777838706970215,-19.175357818603516,-0.8338244557380676,-11.334368705749512,-18.38376235961914,-0.5863152742385864,-5.9849677085876465,-12.407934188842773,-1.7095938920974731,-5.371208667755127,-6.831517219543457
4_lucas_14.wav,0.52773517370224,0.054017942398786545,978.0030742810495,775.3591201230937,1685.511474609375,0.0727783203125,-377.1648864746094,202.44288635253906,-26.068424224853516,11.889009475708008,15.279948234558105,-54.421852111816406,-12.565120697021484,20.630474090576172,-14.963333129882812,-3.7302937507629395,13.706880569458008,-6.371654510498047,-6.425862789154053,-0.9121469259262085,-5.697543144226074,0.35052984952926636,-3.1845765113830566,-9.344286918640137,-0.9208475947380066,-5.856352806091309,-13.998964309692383,-4.61543607711792,-2.9301297664642334,-6.182498455047607,-0.5983856916427612,-3.6621766090393066,-8.579533576965332,-3.519649028778076,-3.3220279216766357,-5.809525489807129
7_theo_20.wav,0.30700573325157166,0.003017569426447153,1421.6246473319202,966.172455877746,2385.340576171875,0.1137939453125,-608.2081909179688,203.54119873046875,-71.27497863769531,32.38602828979492,35.577980041503906,-45.828468322753906,7.190207481384277,3.7863502502441406,-31.268884658813477,12.94499397277832,3.8502650260925293,-21.883804321289062,8.42333984375,2.919863224029541,-6.426821231842041,8.211225509643555,-12.876791000366211,-13.783187866210938,6.257861137390137,-13.96636962890625,-13.817977905273438,4.813259601593018,-9.665568351745605,-5.055465221405029,9.355746269226074,-6.65459680557251,-6.25752067565918,2.39739990234375,-7.053589820861816,-2.1516263484954834
2_george_37.wav,0.22255931794643402,0.039586931467056274,896.8736643968838,894.7266843514457,1857.5554342830883,0.0390625,-415.8306884765625,161.4725341796875,-41.78921890258789,10.602107048034668,10.92306900024414,-46.000396728515625,-8.142282485961914,-9.5982666015625,-45.71171951293945,-22.217193603515625,-22.39946174621582,-34.81269836425781,-9.844212532043457,-15.088452339172363,-24.242319107055664,-0.824045717716217,-5.9962263107299805,-16.038320541381836,-0.7849847674369812,-6.2673726081848145,-13.576515197753906,-3.078641891479492,-6.474299430847168,-9.545312881469727,-5.5678205490112305,-9.752994537353516,-3.9708354473114014,2.1503543853759766,-4.869175434112549,-1.6855969429016113
1_yweweler_44.wav,0.33319124579429626,0.009649738669395447,805.6321693194535,785.4309137359083,1352.74658203125,0.04387555803571429,-535.6376342773438,215.76943969726562,-33.68234634399414,5.352741241455078,11.914164543151855,-40.928035736083984,8.821829795837402,15.152325630187988,-30.97490119934082,-5.658897876739502,8.027599334716797,-13.362103462219238,-1.904215693473816,-1.1803852319717407,-13.000372886657715,-3.817213296890259,-7.564107418060303,-10.64680004119873,0.5041626691818237,-8.819215774536133,-14.005843162536621,-2.9048237800598145,-7.855383396148682,-8.897668838500977,-1.587750792503357,-8.772558212280273,-5.990370273590088,2.973496198654175,-6.203171253204346,-6.3565568923950195
7_theo_35.wav,0.4543302655220032,0.0031631423626095057,1390.5205310335605,1059.0803589303048,2612.6953125,0.11543330439814815,-618.8994750976562,174.75234985351562,-57.19803237915039,24.96932601928711,32.40950012207031,-38.37255096435547,2.710383176803589,2.404448986053467,-26.630722045898438,11.83607292175293,4.945080757141113,-21.05304718017578,4.035362720489502,0.8499870300292969,-8.783635139465332,8.036991119384766,-5.298440456390381,-11.390419006347656,4.96686315536499,-7.041973114013672,-9.503252983093262,3.9768447875976562,-6.252298355102539,-5.1710076332092285,3.981996774673462,-7.484348773956299,-3.9571869373321533,5.814177989959717,-2.8876612186431885,-1.3595247268676758
2_nicolas_18.wav,0.26680877804756165,0.03938108682632446,1158.714092016863,1125.8612605616008,2408.72802734375,0.051567925347222224,-376.6582946777344,160.54722595214844,-49.91273498535156,38.81861877441406,39.09437942504883,-26.70106315612793,18.591123580932617,5.7372145652771,-31.66317367553711,5.269408702850342,-6.1861443519592285,-27.57756996154785,5.611223220825195,-2.019324541091919,-14.816336631774902,7.026089191436768,-4.356695175170898,-9.138818740844727,9.768058776855469,-1.9431489706039429,-2.8147733211517334,11.148853302001953,-2.6329078674316406,-2.803067207336426,7.85386323928833,-3.652529001235962,-1.962504506111145,4.188965320587158,-6.408143520355225,-2.3435235023498535
9_george_15.wav,0.29882776737213135,0.03435977175831795,1109.999706726612,918.8691441681989,2113.3941650390625,0.054890950520833336,-411.17724609375,183.76092529296875,-87.89716339111328,7.183950901031494,35.91374969482422,-45.07698440551758,-16.64934730529785,-16.967544555664062,-44.0042724609375,-1.0977579355239868,-7.27392053604126,-35.56813430786133,-4.543560981750488,-8.69294548034668,-31.164613723754883,-11.528423309326172,-11.91726016998291,-20.500608444213867,-7.200687885284424,-9.72524642944336,-9.576056480407715,-4.47947359085083,-18.03550910949707,-12.125170707702637,0.2719390392303467,-13.955164909362793,-11.621003150939941,1.1124814748764038,-8.445130348205566,-7.8407158851623535
7_theo_6.wav,0.3141060471534729,0.0060774581506848335,981.8989111613838,982.5613047715167,2042.3414963942307,0.046875,-544.1048583984375,204.24000549316406,-54.60801315307617,18.92928695678711,34.385372161865234,-40.17436981201172,-12.8865966796875,-8.568402290344238,-23.10791778564453,15.534358024597168,8.1423978805542,-14.608118057250977,1.9915496110916138,-2.081620693206787,-2.052643060684204,3.1995010375976562,-21.86952018737793,-14.92679214477539,2.7244324684143066,-22.32656478881836,-19.054025650024414,3.9113733768463135,-7.485380172729492,-3.5029664039611816,6.638020992279053,-9.574203491210938,-4.692801475524902,6.53538703918457,-4.4112138748168945,-1.8408960103988647
3_jackson_33.wav,0.257682740688324,0.07062247395515442,911.2371744506239,954.0418155912928,1947.7294921875,0.04580543154761905,-336.46661376953125,211.79251098632812,-40.42323684692383,28.864774703979492,37.75364303588867,-39.970062255859375,-21.22728729248047,-20.11464500427246,-28.20171546936035,9.806303977966309,-12.991658210754395,-39.974945068359375,-7.534980297088623,-11.366294860839844,-18.911409378051758,5.046089172363281,-7.777477264404297,-10.938417434692383,10.535480499267578,-10.823206901550293,-18.355453491210938,4.455446243286133,-11.904717445373535,-19.95121955871582,1.9452576637268066,-6.864680767059326,-15.01087474822998,-0.5630984902381897,-4.114046096801758,-6.012278079986572
6_theo_28.wav,0.3338266909122467,0.02963670715689659,1669.4155621707544,996.3806978579019,2806.3561072716348,0.14094426081730768,-427.0875549316406,118.8209228515625,-68.80809020996094,16.79967498779297,25.732582092285156,-47.07093048095703,-14.503935813903809,-3.3539037704467773,-26.658266067504883,-2.4686427116394043,-5.603381633758545,-15.384592056274414,10.328054428100586,3.095426321029663,-9.20651626586914,5.3018927574157715,-1.0433341264724731,-4.226471424102783,1.5820177793502808,-13.937822341918945,-9.688995361328125,5.20781135559082,-7.497400760650635,-5.809221267700195,5.9231696128845215,-4.77349853515625,-4.0997233390808105,4.91678524017334,1.0772130489349365,5.4255828857421875
5_yweweler_25.wav,0.6002135276794434,0.008566789329051971,1286.7625629497143,943.199398913272,2322.3091457201085,0.10311226222826086,-525.2767333984375,191.25912475585938,-69.27815246582031,1.656827688217163,23.75820541381836,-40.7832145690918,5.198596000671387,17.453275680541992,-20.188949584960938,7.524986743927002,11.606005668640137,-13.336899757385254,3.2489428520202637,3.5917694568634033,-7.278416633605957,4.801281452178955,-2.449240207672119,-6.273769378662109,7.148781776428223,-3.4156062602996826,-6.415278434753418,5.327397346496582,-6.01654577255249,-6.580416679382324,6.590487957000732,-2.8007218837738037,-4.869694709777832,4.113560676574707,-3.2324135303497314,-4.4906005859375
1_theo_12.wav,0.3720458149909973,0.006573938298970461,835.457492202432,846.7141649062982,1468.172940340909,0.04110440340909091,-555.0012817382812,216.97023010253906,-37.40990447998047,8.432353973388672,9.517828941345215,-50.242835998535156,-0.1808270961046219,11.20154094696045,-25.978599548339844,0.3901543617248535,6.909183025360107,-13.325533866882324,0.4419781565666199,-2.9923079013824463,-8.884162902832031,6.900465488433838,-8.408171653747559,-22.072397232055664,-7.9679856300354,-14.817543983459473,-16.943269729614258,0.5177974104881287,-6.415893077850342,-11.760300636291504,1.413498044013977,-2.407287359237671,-7.285374164581299,-0.5924521088600159,-4.590377330780029,-7.907619953155518
6_george_17.wav,0.28362753987312317,0.02671506442129612,1542.896130501333,1107.4099053661998,2893.22509765625,0.09871419270833333,-424.2143859863281,147.32528686523438,-87.68620300292969,29.463924407958984,44.727439880371094,-48.1044921875,-14.747329711914062,-15.524638175964355,-46.15326690673828,-8.530906677246094,-24.072757720947266,-45.28864669799805,0.06511083990335464,-8.077505111694336,-32.7563362121582,-3.664574146270752,-5.619157314300537,-19.074031829833984,-2.757291078567505,-8.037202835083008,-9.75186538696289,2.0862629413604736,-12.22646427154541,-11.308155059814453,3.5834431648254395,-11.21872615814209,-12.678191184997559,2.518186092376709,-6.699082851409912,-9.466670989990234
3_jackson_42.wav,0.22049354016780853,0.08882841467857361,964.0861960125428,1024.3446347738738,2187.088290127841,0.04139293323863636,-320.6280212402344,179.45848083496094,-49.87199401855469,45.067203521728516,51.06171798706055,-35.23965072631836,-9.271657943725586,-11.342001914978027,-38.14817810058594,-5.169806957244873,-17.909198760986328,-40.8120002746582,-7.707396030426025,-5.047146320343018,-13.161314964294434,4.630758285522461,-3.5763731002807617,-7.776056289672852,1.4663875102996826,-13.399539947509766,-10.17240047454834,1.3143070936203003,-17.931434631347656,-16.91829490661621,-2.5979318618774414,-14.071953773498535,-10.920129776000977,0.701139509677887,-8.568143844604492,-8.03238582611084
4_theo_25.wav,0.2965392470359802,0.053445953875780106,804.9693897219711,577.296560270933,1167.8596047794117,0.06488396139705882,-395.70513916015625,185.88470458984375,-10.891883850097656,-23.4239501953125,-17.981735229492188,-37.56520462036133,-11.763022422790527,-6.670207977294922,-20.322525024414062,-8.540437698364258,-14.026646614074707,-17.664798736572266,3.399418354034424,-2.6300106048583984,-11.838961601257324,5.550130844116211,0.6620610356330872,-13.878433227539062,-6.4913859367370605,-9.244791030883789,-16.53382110595703,-7.248031139373779,-3.2385919094085693,-3.4876654148101807,-0.5037798285484314,-5.9210968017578125,-8.420207977294922,-4.563913345336914,-5.545236587524414,-0.39275333285331726
6_jackson_26.wav,0.5713043808937073,0.03892126306891441,1417.0036156385634,1044.641621807767,2560.020003780242,0.12457472278225806,-389.5003356933594,133.53680419921875,-44.60107421875,11.826009750366211,22.29537582397461,-36.41773223876953,-15.864426612854004,-5.532928943634033,-18.15853500366211,2.780177593231201,-2.5800650119781494,-15.91307544708252,0.4084908366203308,-2.304234027862549,-9.25967025756836,-4.4469313621521,-15.053019523620605,-11.69797420501709,0.4359833002090454,-11.633702278137207,-11.881484031677246,-2.626746654510498,-11.137540817260742,-6.834315299987793,0.5734031796455383,-9.962489128112793,-6.152919292449951,0.38541287183761597,-9.377225875854492,-6.1625213623046875
6_jackson_46.wav,0.3576586842536926,0.03520774096250534,1348.3282929495801,1046.801180785008,2430.17578125,0.11427176339285715,-403.44482421875,115.6663589477539,-14.362687110900879,16.00783920288086,15.449334144592285,-25.960359573364258,-13.590489387512207,-12.696720123291016,-18.742450714111328,2.036841869354248,-3.449368953704834,-11.864518165588379,3.8098697662353516,0.509738028049469,-5.4534173011779785,-3.9338414669036865,-16.180572509765625,-9.504511833190918,3.242598295211792,-14.453051567077637,-17.305471420288086,-2.984720468521118,-10.724822998046875,-9.399144172668457,3.341442108154297,-4.903079032897949,-7.534005165100098,1.5013128519058228,-2.835045337677002,-4.959296226501465
8_jackson_24.wav,0.3504166305065155,0.04268341511487961,1207.4440982313863,1087.1221630548148,2523.818072150735,0.06494140625,-374.2428894042969,166.1195526123047,-34.08244705200195,51.5316276550293,39.79986572265625,-61.06538009643555,-24.3164119720459,9.444632530212402,-16.743240356445312,-8.195066452026367,-8.678828239440918,-17.702341079711914,-6.16940450668335,-13.444388389587402,-10.193790435791016,6.947530746459961,-8.200450897216797,-10.7642240524292,4.203786373138428,-9.420486450195312,-12.637107849121094,-2.86568546295166,-14.984827041625977,-12.567390441894531,-0.6783096194267273,-9.988304138183594,-7.2057695388793945,1.5988739728927612,-7.341955661773682,-4.51911735534668
0_jackson_47.wav,0.3193102777004242,0.10467088967561722,692.1164050425022,750.7146070863416,1339.513739224138,0.03527411099137931,-318.2572021484375,192.0960693359375,-5.041355609893799,16.206296920776367,32.785865783691406,-11.290738105773926,-15.385311126708984,-24.807558059692383,-26.474302291870117,-2.47900390625,-17.04924774169922,-20.9428653717041,10.94504165649414,-0.7430413961410522,-18.608692169189453,-2.163170337677002,-8.351836204528809,-14.823841094970703,-0.5984564423561096,-11.85902214050293,-19.13036346435547,-4.704921722412109,-12.558624267578125,-15.8541259765625,1.4584264755249023,-3.6829092502593994,-12.189187049865723,-3.567108392715454,-6.539660453796387,-8.932186126708984
8_george_18.wav,0.2857944667339325,0.04158579185605049,1329.7288377253656,1098.5579349570623,2787.5244140625,0.06470889136904762,-396.9697265625,133.1861114501953,-59.61012649536133,35.84697723388672,35.05380630493164,-56.899269104003906,-25.230619430541992,-15.08073616027832,-41.49329376220703,-9.528031349182129,-18.030941009521484,-38.45323944091797,0.5485364198684692,-4.392953395843506,-33.3813591003418,-6.884324550628662,2.2298319339752197,-16.33488655090332,-11.525736808776855,-9.742148399353027,-10.060721397399902,-3.99927020072937,-12.412614822387695,-10.370145797729492,-1.3162727355957031,-13.59900951385498,-13.107497215270996,0.3711453378200531,-5.937427997589111,-5.560599327087402
7_yweweler_12.wav,0.4592984616756439,0.007497398182749748,1158.8095428490892,999.6298752144493,2421.767578125,0.07080078125,-522.6353759765625,199.51327514648438,-61.2503547668457,15.382823944091797,34.76102066040039,-36.30803298950195,0.18490168452262878,0.1893259733915329,-33.477989196777344,8.109124183654785,11.429051399230957,-20.8079833984375,-3.053220272064209,3.737079620361328,-2.5957658290863037,2.963606119155884,-13.499960899353027,-10.744878768920898,10.520879745483398,-6.4674601554870605,-12.978205680847168,1.9148441553115845,-10.001870155334473,-8.181931495666504,8.05564022064209,-5.973888874053955,-8.349742889404297,7.096010684967041,-0.8077222108840942,-5.675530910491943
7_yweweler_29.wav,0.29459619522094727,0.012123082764446735,929.1590680218557,909.2446529691726,1991.103515625,0.03264973958333333,-491.6726989746094,198.0383758544922,-51.49001693725586,18.434465408325195,37.8262825012207,-34.6484260559082,-1.7154275178909302,5.836966037750244,-30.54918670654297,0.045854125171899796,9.548715591430664,-17.289691925048828,-6.0684990882873535,0.17254756391048431,-4.890138626098633,1.7063058614730835,-8.169150352478027,-7.788601875305176,5.861081600189209,-7.341447830200195,-11.232701301574707,-0.798096239566803,-12.506766319274902,-10.647013664245605,2.8177237510681152,-8.7509183883667,-8.281998634338379,5.0896992683410645,-3.9036638736724854,-5.768424034118652
4_jackson_38.wav,0.30249664187431335,0.12074936926364899,736.5487646899425,691.6158679113314,1192.0166015625,0.04487537202380952,-292.4524841308594,215.50067138671875,-8.916629791259766,-15.294014930725098,-7.958467960357666,-28.701400756835938,-1.5456043481826782,-6.052863121032715,-23.093355178833008,-8.679133415222168,-17.401782989501953,-17.108470916748047,2.8377509117126465,-12.798853874206543,-12.604795455932617,10.995002746582031,-7.373106479644775,-17.072265625,0.3040381073951721,-17.109970092773438,-29.062284469604492,-8.845024108886719,-8.727365493774414,-12.849068641662598,-3.2993123531341553,-7.623683929443359,-9.757165908813477,-4.945395469665527,-10.332780838012695,-6.044608116149902
3_yweweler_48.wav,0.32876238226890564,0.012033490464091301,982.7615706262421,971.9991244554889,2164.85595703125,0.04132952008928571,-522.5784912109375,204.65211486816406,-57.235504150390625,34.647342681884766,51.843544006347656,-47.90532684326172,-16.487871170043945,5.746861934661865,-32.563323974609375,-15.581650733947754,-10.581421852111816,-23.611644744873047,-0.6639898419380188,-5.052425861358643,-17.235523223876953,3.4805996417999268,-1.4527596235275269,-10.757513999938965,5.20344877243042,-1.7202473878860474,-10.791983604431152,-2.624488592147827,-11.113879203796387,-12.481069564819336,-2.752362012863159,-13.07231616973877,-12.571466445922852,1.0824168920516968,-5.295552730560303,-6.906050682067871
1_jackson_43.wav,0.25515681505203247,0.07869526743888855,688.705029613222,817.4660210796708,1267.4443359375,0.03162109375,-359.4001159667969,207.3572235107422,-11.059471130371094,26.206153869628906,13.11362075805664,-32.293087005615234,13.309364318847656,-4.947811126708984,-40.93301010131836,-1.3220596313476562,-3.1734235286712646,-20.59389877319336,4.196613788604736,-7.103686332702637,-20.559707641601562,-2.720123291015625,-13.927329063415527,-18.194873809814453,-0.20629878342151642,-9.297048568725586,-11.100808143615723,-2.632453680038452,-17.738048553466797,-16.051008224487305,-4.723886489868164,-16.604143142700195,-11.723116874694824,2.4600086212158203,-6.906866073608398,-9.100406646728516
0_george_31.wav,0.2758610248565674,0.03808075562119484,1230.3463622819152,1135.3346396045933,2456.57958984375,0.04736328125,-369.5098876953125,175.7370147705078,-84.25174713134766,7.350183963775635,21.389963150024414,-45.0307502746582,-2.6201441287994385,-10.647671699523926,-46.50331497192383,-10.525681495666504,-17.41594123840332,-30.946935653686523,3.4865262508392334,-10.406537055969238,-23.421724319458008,5.025863170623779,-11.512843132019043,-27.06571388244629,-3.5737085342407227,-10.505669593811035,-19.394256591796875,-4.267239093780518,-8.763542175292969,-11.68130111694336,-3.983276605606079,-9.032161712646484,-5.712852954864502,-0.5623114109039307,-6.781613826751709,-2.6016409397125244
3_george_44.wav,0.3771113157272339,0.06036350876092911,1689.2571222909153,1131.3170667426614,3067.763671875,0.1177734375,-340.43560791015625,180.31483459472656,-117.47897338867188,28.680185317993164,45.10409927368164,-66.5557861328125,-19.34080696105957,-24.240869522094727,-59.43117904663086,-0.852630078792572,-20.41340446472168,-55.519527435302734,0.0016198158264160156,-2.456778049468994,-28.78824234008789,-0.1258823424577713,-8.96825885772705,-21.338132858276367,-1.3158531188964844,-14.501080513000488,-16.101045608520508,1.5593178272247314,-16.132274627685547,-13.841455459594727,5.518394470214844,-11.764265060424805,-12.77943229675293,4.9933929443359375,-4.500096797943115,-7.917608261108398
2_lucas_29.wav,0.4131803810596466,0.04273517429828644,1077.3225471422277,893.5047969858756,1934.5625443892045,0.06476384943181818,-409.33740234375,173.67425537109375,-32.44783020019531,19.988683700561523,49.55759048461914,-12.239233016967773,-3.378098964691162,6.35899543762207,-20.254056930541992,-6.088892936706543,2.552210807800293,-12.406111717224121,-2.5183069705963135,-2.655845880508423,-15.160569190979004,-1.4406343698501587,2.9105539321899414,-8.12044620513916,0.3385186791419983,4.237203598022461,-6.0234055519104,-4.220552921295166,-0.9618520736694336,-4.921395778656006,-4.971196174621582,-5.879613876342773,-6.410727024078369,-2.184697151184082,-3.045149087905884,-6.153823375701904
3_yweweler_33.wav,0.3678215742111206,0.009681343100965023,1186.4276294629005,991.898355750532,2429.6630859375,0.07096354166666667,-538.5413818359375,160.9629669189453,-48.770103454589844,29.467063903808594,49.09263610839844,-35.656288146972656,-15.014039993286133,8.890445709228516,-21.16537094116211,-12.836746215820312,-7.438705921173096,-18.41673469543457,-4.519120693206787,-5.683584213256836,-11.46615982055664,5.424304008483887,1.8145337104797363,-7.028877258300781,4.840718746185303,2.5631308555603027,-3.0989468097686768,2.092151165008545,-5.410057067871094,-7.858938694000244,-1.6272634267807007,-10.905390739440918,-11.963306427001953,-0.5123744606971741,-3.753148078918457,-4.67249870300293
1_yweweler_15.wav,0.4426266849040985,0.005725348833948374,1054.3510497054544,1015.8985804928752,2171.5767238451085,0.07060971467391304,-599.2817993164062,177.9317169189453,-31.001161575317383,12.449736595153809,15.01909351348877,-31.259489059448242,11.42137622833252,8.122734069824219,-27.164396286010742,3.3935062885284424,6.082200527191162,-16.3091983795166,-0.6731382608413696,-3.5331249237060547,-13.30712890625,0.017308587208390236,-8.468853950500488,-13.447619438171387,1.6335389614105225,-5.731884956359863,-8.248574256896973,4.6326985359191895,-3.179755926132202,-6.158092498779297,1.784530758857727,-4.982728004455566,-2.657651424407959,4.39906644821167,-5.515303611755371,-4.556029796600342
8_yweweler_23.wav,0.36668160557746887,0.009235849604010582,1439.124594280596,1133.8371726790185,2817.536808894231,0.07962740384615384,-526.1510009765625,191.8270721435547,-75.84202575683594,43.717247009277344,47.15529251098633,-61.132667541503906,-4.141704082489014,13.213464736938477,-37.58834457397461,-8.265242576599121,-5.412580490112305,-24.51793670654297,5.831509113311768,-2.3352062702178955,-17.593782424926758,9.367695808410645,1.9881430864334106,-9.32812213897705,7.177084922790527,-2.6214356422424316,-6.342358112335205,4.797150135040283,-9.079933166503906,-6.507515907287598,5.51862907409668,-10.663629531860352,-7.402469158172607,6.369280815124512,-7.625161170959473,-7.737674236297607
4_jackson_37.wav,0.3225564658641815,0.08535093069076538,869.2622860600891,797.7790045707603,1428.5322709517045,0.05149147727272727,-304.6527404785156,216.23500061035156,-38.01785659790039,-12.326735496520996,6.959277629852295,-28.505430221557617,-0.9117943048477173,-6.027076721191406,-23.376483917236328,1.1116679906845093,-12.182324409484863,-21.784894943237305,5.661690711975098,-7.3121724128723145,-15.574390411376953,7.565222263336182,-7.196479797363281,-15.786724090576172,2.807434320449829,-14.60128116607666,-26.156139373779297,-6.575399875640869,-10.842436790466309,-16.292219161987305,-4.082318305969238,-6.468629360198975,-6.044503688812256,-0.7387211322784424,-9.606035232543945,-6.761205673217773
7_yweweler_31.wav,0.3201320767402649,0.01077218260616064,955.2283021950129,900.420551065598,2027.7099609375,0.036051432291666664,-493.19970703125,227.06988525390625,-67.7090835571289,13.09643840789795,36.78337478637695,-41.08583450317383,-0.3660987317562103,1.6000385284423828,-39.52755355834961,2.6330456733703613,10.099844932556152,-22.61229705810547,-3.508871078491211,2.3500735759735107,-7.18598747253418,3.366488218307495,-8.638604164123535,-11.15594482421875,8.028800010681152,-4.044454097747803,-9.853899955749512,1.392363429069519,-13.130780220031738,-13.32128620147705,2.6526358127593994,-8.500640869140625,-8.824150085449219,4.84406852722168,-4.773953914642334,-7.166920185089111
8_yweweler_16.wav,0.3370490074157715,0.012771076522767544,1411.3272631811942,1135.219177948735,2785.858154296875,0.061564127604166664,-476.4651794433594,209.50221252441406,-89.05704498291016,49.91646957397461,54.281978607177734,-69.32465362548828,-7.766839981079102,12.09106731414795,-38.78736114501953,-4.495530605316162,-7.242217540740967,-28.962804794311523,8.218594551086426,-2.426715135574341,-20.45523452758789,9.780180931091309,-0.6848526000976562,-14.35350513458252,4.227953910827637,-6.668642044067383,-9.878582954406738,3.2770721912384033,-10.773959159851074,-7.429180145263672,3.4941723346710205,-13.600558280944824,-7.510869979858398,4.958326816558838,-11.036109924316406,-8.249675750732422
5_jackson_33.wav,0.29828721284866333,0.09180068224668503,917.1469700194608,735.837714536591,1682.1231617647059,0.05428538602941176,-285.1968688964844,233.95680236816406,-65.00550842285156,-17.244136810302734,16.48326301574707,-49.8123664855957,-22.792434692382812,0.4526680111885071,-25.286516189575195,-8.39680290222168,6.364141941070557,-3.892728090286255,-6.65380859375,-17.626449584960938,-14.324851989746094,0.028732018545269966,-12.517173767089844,-11.2636137008667,4.221218109130859,-10.485932350158691,-14.51172161102295,1.263757586479187,-5.754650115966797,-11.714645385742188,-6.912219524383545,-11.671082496643066,-7.275430202484131,-1.1485192775726318,-7.3601484298706055,-3.266871213912964
1_lucas_32.wav,0.4995384216308594,0.023776033893227577,1140.5916578506205,956.5349019619399,2253.44970703125,0.08155924479166667,-500.8188171386719,135.09722900390625,-16.14947509765625,15.181666374206543,28.30666160583496,-19.323345184326172,-5.3736252784729,9.50442886352539,-15.448466300964355,-9.822127342224121,8.841856956481934,3.0847361087799072,-3.405759334564209,-4.238266468048096,-3.0277905464172363,-2.018998622894287,-8.127817153930664,-5.6631669998168945,3.681635856628418,-1.7741310596466064,-8.22716999053955,-5.622807502746582,-6.793125629425049,-5.253214359283447,-1.3286361694335938,-5.559616565704346,-5.957203388214111,-1.5638986825942993,-3.6968564987182617,-3.265697956085205
2_nicolas_39.wav,0.2794429361820221,0.039175327867269516,897.6857205215831,1081.6657340018319,2183.466796875,0.03271484375,-385.0128479003906,186.34521484375,-43.7752571105957,46.30470657348633,42.21283721923828,-27.25442886352539,21.712535858154297,5.082950115203857,-36.237693786621094,1.7355167865753174,-7.20827579498291,-24.446945190429688,5.129844665527344,-8.671065330505371,-17.930326461791992,7.184043884277344,-5.600238800048828,-10.158652305603027,8.464495658874512,-3.5919220447540283,-3.4487075805664062,9.677654266357422,-4.4472808837890625,-3.596820116043091,6.80068302154541,-2.9074864387512207,1.1621649265289307,5.061928749084473,-7.9163384437561035,-3.2036731243133545
5_lucas_39.wav,0.5191905498504639,0.05288468673825264,1300.3090726026523,942.403693555955,2323.154769405242,0.1071383568548387,-357.4242248535156,170.8750457763672,-49.27712631225586,12.01622486114502,40.60076141357422,-28.837627410888672,-10.04662036895752,11.493021011352539,-14.24071216583252,1.3380143642425537,12.127251625061035,-6.535647869110107,-1.5826764106750488,1.127916932106018,-4.693612098693848,3.3553855419158936,-3.1946768760681152,-9.334639549255371,4.382447242736816,-1.2559820413589478,-12.164896965026855,-0.30871036648750305,1.9207297563552856,-4.475348949432373,-0.53717041015625,-3.1405882835388184,-4.855377674102783,1.8725974559783936,-2.320035934448242,-6.107502460479736
0_lucas_38.wav,0.37933099269866943,0.04096939414739609,1010.9147383821414,829.2988342599034,1859.033203125,0.07411024305555555,-402.3978576660156,197.2780303955078,-31.916637420654297,20.77006721496582,41.41798400878906,-25.994125366210938,-4.789309978485107,10.478315353393555,-18.199594497680664,-5.920541286468506,-1.8891823291778564,-14.23896598815918,1.8904436826705933,2.4035725593566895,-8.937873840332031,0.7725680470466614,-0.3839907944202423,-5.4758782386779785,1.025444507598877,-4.7234368324279785,-5.762755870819092,2.1882855892181396,-7.264427661895752,-9.948222160339355,0.9885752201080322,-3.83469295501709,-7.468405723571777,0.053424056619405746,-2.3358395099639893,-4.459970474243164
2_jackson_35.wav,0.23293162882328033,0.05705464631319046,906.7760112011657,825.1461542266043,1419.6533203125,0.05678013392857143,-386.29046630859375,165.62860107421875,-10.968836784362793,33.324886322021484,34.68572235107422,-33.11057662963867,-26.713878631591797,-11.779356956481934,-18.760591506958008,-10.502046585083008,-20.03043556213379,-22.103229522705078,-5.772358417510986,-18.95637321472168,-18.579172134399414,6.204592704772949,-5.779097080230713,-12.22234058380127,8.858887672424316,-2.920454740524292,-15.57573413848877,1.6535295248031616,-1.4142307043075562,-12.272344589233398,-6.531215190887451,-10.685688018798828,-11.6032133102417,-3.1017842292785645,-8.859288215637207,-8.509655952453613
1_nicolas_48.wav,0.3270748257637024,0.026024779304862022,1072.8624557897024,1126.648566877399,2436.4186006433824,0.05457261029411765,-392.5480651855469,217.9495849609375,-65.99979400634766,37.537567138671875,33.41350555419922,-40.68118667602539,19.177030563354492,2.6974973678588867,-35.25544738769531,15.11285400390625,0.3461647033691406,-24.442977905273438,11.529755592346191,-1.5731713771820068,-13.345047950744629,12.601561546325684,-3.3547749519348145,-8.757749557495117,10.170153617858887,-5.965320587158203,-7.832860469818115,4.122714042663574,-9.283485412597656,-3.717848300933838,5.900908470153809,-6.952236175537109,-0.9013714790344238,4.927669048309326,-5.910017490386963,0.563793420791626
9_george_41.wav,0.3627925217151642,0.04200698062777519,1476.68833772822,1062.6041952431308,2811.551180752841,0.09272904829545454,-370.7293701171875,190.62411499023438,-111.55221557617188,8.209527015686035,32.64881896972656,-50.34933090209961,-4.967167854309082,-20.252532958984375,-51.18777847290039,7.0224456787109375,-13.902909278869629,-46.86404800415039,-0.04771815240383148,-10.187549591064453,-33.42192459106445,-3.9284071922302246,-11.626298904418945,-21.352210998535156,-3.655393362045288,-13.765252113342285,-12.234655380249023,-2.6024575233459473,-18.731172561645508,-6.8014631271362305,5.2477641105651855,-18.500314712524414,-11.60951042175293,3.9789788722991943,-12.067693710327148,-7.715421676635742
1_lucas_46.wav,0.40923091769218445,0.06593650579452515,1147.9528297576478,916.1380457956092,2010.1878446691176,0.06560202205882353,-386.814697265625,168.3167266845703,-29.647438049316406,11.200239181518555,28.80575942993164,-35.957122802734375,-13.326925277709961,20.098831176757812,-11.601789474487305,-18.41423988342285,1.5167933702468872,-0.05825039744377136,-5.528781890869141,-3.8670945167541504,-0.8581627011299133,-3.815861940383911,-13.615142822265625,-9.627457618713379,-1.1168767213821411,-7.779294967651367,-8.145591735839844,-3.1424174308776855,-9.367435455322266,-7.232624530792236,-2.2504563331604004,-11.487053871154785,-9.560089111328125,1.609404444694519,-2.6907458305358887,-5.009236812591553
9_yweweler_17.wav,0.3419554531574249,0.006488232873380184,951.476121330861,883.1508721947781,1800.0411987304688,0.042755126953125,-548.1478271484375,238.2021484375,-69.57426452636719,7.947881698608398,23.865047454833984,-44.28723907470703,14.236268997192383,11.177339553833008,-36.64216613769531,5.1792144775390625,5.55179500579834,-22.51276397705078,4.809006690979004,-1.3816649913787842,-18.883827209472656,-0.6658564805984497,-10.004949569702148,-13.87299919128418,4.213498115539551,-10.862271308898926,-14.046112060546875,4.003945827484131,-5.870028495788574,-6.447847366333008,1.7277929782867432,-12.18054485321045,-6.388983726501465,5.583617687225342,-8.142585754394531,-5.672440528869629
9_yweweler_7.wav,0.3762569725513458,0.008698564022779465,1054.9598205148877,890.9644339170225,1936.6424560546875,0.051055908203125,-514.4873046875,216.84793090820312,-74.03734588623047,-2.1931023597717285,23.513450622558594,-39.68175506591797,7.252710342407227,7.930345058441162,-33.54532241821289,5.3280181884765625,10.068700790405273,-19.01919937133789,0.5284906625747681,-2.434699058532715,-18.253662109375,-3.5738253593444824,-11.918004989624023,-19.042034149169922,-2.4663591384887695,-10.597386360168457,-13.572441101074219,2.5524606704711914,-4.720054626464844,-8.823417663574219,-0.9145060777664185,-9.170735359191895,-8.651908874511719,-0.916098415851593,-7.141685485839844,-4.066256999969482
3_nicolas_12.wav,0.3198934495449066,0.03910109028220177,927.7996102683283,1055.7134761130612,2244.23828125,0.0419921875,-367.5345458984375,216.0164337158203,-59.36161804199219,47.419647216796875,48.38224792480469,-40.73346710205078,2.572511911392212,-4.754758834838867,-36.20539474487305,6.000101089477539,-8.859203338623047,-27.88672637939453,10.2329740524292,-1.5517257452011108,-11.990608215332031,14.187962532043457,-4.625175476074219,-12.37647819519043,9.64686107635498,-5.201967239379883,-10.26573371887207,2.7785940170288086,-7.75350284576416,-3.9530513286590576,3.9188413619995117,-7.918464660644531,-0.8643460869789124,4.051645755767822,-7.869645118713379,0.5013992786407471
8_theo_41.wav,0.3292413055896759,0.004800654947757721,1420.1518730869943,1168.5407329451132,2926.4968872070312,0.09039306640625,-568.3298950195312,180.9892578125,-62.23500442504883,49.227577209472656,34.323455810546875,-62.270050048828125,4.926743984222412,14.876441955566406,-35.954689025878906,-4.372088432312012,-5.691529273986816,-26.129833221435547,1.4069197177886963,-4.954155921936035,-11.24909782409668,11.122364044189453,-3.3137025833129883,-8.215367317199707,6.8618340492248535,-8.660269737243652,-6.112217426300049,7.518562316894531,-9.55105209350586,-7.8079423904418945,1.2812906503677368,-11.108375549316406,-2.2082347869873047,5.448574066162109,-8.297971725463867,-2.112335205078125
1_george_46.wav,0.3419784605503082,0.047502074390649796,1212.8236499823447,931.9602291075282,2292.568359375,0.07298177083333333,-350.5610656738281,209.07655334472656,-97.89314270019531,-13.116546630859375,6.239816188812256,-55.22690200805664,-3.262279510498047,-18.99903678894043,-48.09234619140625,7.129830837249756,-13.85110855102539,-41.92730712890625,4.102468013763428,-12.658160209655762,-37.95234680175781,-2.7992091178894043,-8.818435668945312,-24.026018142700195,-5.045518398284912,-9.266984939575195,-9.799521446228027,-2.357926607131958,-15.780800819396973,-5.812933444976807,3.794309139251709,-15.692278861999512,-6.562421798706055,5.843949794769287,-11.842254638671875,-7.096970081329346
4_lucas_8.wav,0.4430304169654846,0.04990494251251221,1267.5880833774158,801.3810694341439,1952.9679008152175,0.10137143342391304,-384.9048156738281,159.8877716064453,-30.667129516601562,12.213768005371094,14.644561767578125,-48.803287506103516,-7.201063632965088,23.48200035095215,-12.47238540649414,-1.946001410484314,16.583681106567383,-3.5741255283355713,-6.108401298522949,-0.7955310940742493,-5.157784461975098,0.008589619770646095,-4.2323222160339355,-10.429566383361816,0.6121239066123962,-1.5875418186187744,-10.482632637023926,-1.3304332494735718,-0.2598907947540283,-6.6099653244018555,-0.251926988363266,-1.4274585247039795,-8.184215545654297,-1.5160263776779175,1.0684168338775635,-4.365750312805176
0_theo_7.wav,0.31010550260543823,0.004494568333029747,919.2778826251292,952.9607182880031,2008.5693359375,0.04041883680555555,-584.9396362304688,200.84947204589844,-52.04520797729492,23.776458740234375,46.45790481567383,-23.53603744506836,-5.462239742279053,-9.045943260192871,-25.13298225402832,8.336823463439941,-5.040924549102783,-21.443920135498047,8.259899139404297,-0.7291377186775208,-11.74366569519043,7.981618404388428,-3.6553573608398438,-11.22548770904541,1.2340710163116455,-11.119414329528809,-11.192811965942383,1.419620394706726,-9.847997665405273,-7.068900108337402,2.0762124061584473,-12.039102554321289,-9.134123802185059,3.7675065994262695,-3.060983657836914,-3.666407346725464
8_lucas_46.wav,0.46316492557525635,0.06963670253753662,1403.1133486070912,1008.0325307527247,2614.2333984375,0.10067894345238096,-356.534423828125,142.3533477783203,-42.098995208740234,33.69527053833008,46.09457778930664,-39.524314880371094,-20.526601791381836,6.878455638885498,-16.310514450073242,-4.99906063079834,1.1287145614624023,-12.280921936035156,1.1584279537200928,5.250208854675293,-5.57621955871582,-1.3573940992355347,-1.4787418842315674,-2.712477445602417,0.4643639028072357,-6.845541954040527,-3.5487143993377686,3.7574849128723145,-8.705619812011719,-8.079350471496582,4.061100482940674,-4.953613758087158,-7.900105953216553,1.9493768215179443,-2.903541088104248,-4.875752925872803
4_lucas_12.wav,0.4117131531238556,0.05845596641302109,1113.5757941872512,803.1787155906964,1612.0538884943182,0.08664772727272728,-372.5322265625,194.87271118164062,-20.158384323120117,35.30331802368164,14.531807899475098,-64.43262481689453,-3.5491106510162354,16.994415283203125,-31.199199676513672,-1.9058806896209717,18.788330078125,-7.476438522338867,-1.4522134065628052,0.2971452474594116,-10.408699989318848,0.3545813262462616,-3.296247720718384,-9.581320762634277,2.557666063308716,-3.456305742263794,-10.288559913635254,-1.1461395025253296,-6.834062576293945,-9.275801658630371,0.6386657953262329,-6.197683811187744,-10.000992774963379,0.5393959283828735,-1.6262043714523315,-6.707034587860107
1_yweweler_41.wav,0.28799036145210266,0.009451434016227722,688.8360582108421,688.2005279489915,1091.015625,0.04112413194444445,-568.6915283203125,214.8897705078125,-24.5467529296875,4.549832344055176,4.596145153045654,-38.60090637207031,10.725081443786621,7.33148717880249,-32.38605880737305,-0.321347713470459,4.3663330078125,-17.9449520111084,0.6424494981765747,-3.7418222427368164,-18.59670639038086,-2.1764016151428223,-7.32904577255249,-16.05912971496582,-1.230093240737915,-7.70427942276001,-14.646512985229492,-1.798583984375,-6.168040752410889,-11.499398231506348,-5.490335464477539,-10.02640151977539,-6.5258307456970215,2.166337013244629,-5.619185447692871,-5.576939582824707
3_jackson_40.wav,0.21831679344177246,0.099913589656353,938.7754038472076,1059.5321778748112,2196.38671875,0.03662109375,-317.364013671875,171.5379180908203,-42.92647933959961,46.43587112426758,47.723655700683594,-36.03751754760742,-8.097813606262207,-9.932220458984375,-33.796669006347656,-1.0055180788040161,-18.00952911376953,-41.08962631225586,-5.355835437774658,-2.649625539779663,-11.390201568603516,4.042703151702881,-7.840515613555908,-10.139135360717773,3.1815929412841797,-12.66773509979248,-11.243095397949219,0.17541590332984924,-20.104358673095703,-18.209863662719727,-2.2840287685394287,-16.561874389648438,-15.498815536499023,-0.9452499747276306,-8.355804443359375,-8.573834419250488
5_theo_46.wav,0.44853174686431885,0.0039682830683887005,1288.0758558387743,866.1524358632792,2218.51806640625,0.09339735243055555,-554.4952392578125,241.49937438964844,-102.0247573852539,-0.38234075903892517,30.206342697143555,-48.76521301269531,6.863645553588867,12.569509506225586,-25.778926849365234,15.345393180847168,11.290693283081055,-14.645365715026855,4.474643707275391,-8.638860702514648,-7.95487642288208,15.590930938720703,-15.25196647644043,-21.770545959472656,6.904891014099121,-12.628449440002441,-15.580204010009766,10.198991775512695,-5.264163970947266,-13.175642013549805,1.0027140378952026,-5.187554836273193,-2.598339796066284,2.281221389770508,-9.450860977172852,-3.920745372772217
3_nicolas_39.wav,0.3289787173271179,0.03966853767633438,1075.4973216935975,1197.4950966803385,2510.771484375,0.0373046875,-356.1672668457031,193.0298309326172,-60.310447692871094,42.077842712402344,44.96454620361328,-31.80596923828125,10.992717742919922,3.948352098464966,-28.025182723999023,8.615510940551758,-5.8168416023254395,-27.147058486938477,7.174276828765869,1.0559921264648438,-10.920740127563477,8.595173835754395,-3.9930191040039062,-8.11076545715332,8.307881355285645,-4.947015762329102,-4.917917728424072,6.602475166320801,-9.001580238342285,-6.5701446533203125,6.92318868637085,-3.207517623901367,-2.634535312652588,2.1224722862243652,-6.105752468109131,-0.8759570121765137
7_yweweler_6.wav,0.37028318643569946,0.012108330614864826,1069.1290665334943,1012.1171861004177,2262.78076171875,0.041544596354166664,-461.9112243652344,206.4444122314453,-59.439090728759766,5.087688446044922,22.577211380004883,-41.30231475830078,-0.8354646563529968,-2.417006015777588,-41.462032318115234,0.7313196063041687,13.393375396728516,-18.35991096496582,-7.3995747566223145,1.5329068899154663,-3.208144426345825,-0.021410683169960976,-11.998326301574707,-10.334235191345215,2.2452995777130127,-11.065887451171875,-10.708740234375,0.5254232287406921,-11.582291603088379,-6.504322528839111,6.046504497528076,-9.339255332946777,-9.118569374084473,4.040475845336914,-4.522286891937256,-5.043191432952881
1_lucas_30.wav,0.4646186828613281,0.030111126601696014,1064.24398559963,879.3877605686243,2070.9324048913045,0.06402853260869565,-459.5693664550781,152.941162109375,-15.316678047180176,13.112914085388184,25.9505615234375,-26.848957061767578,-6.761816501617432,17.85926628112793,-14.558932304382324,-16.783119201660156,7.862279415130615,4.701441764831543,-4.4540863037109375,-4.698123931884766,-4.825379371643066,-3.68031644821167,-5.772454738616943,-5.655700206756592,-0.8049032688140869,-4.586085319519043,-9.262545585632324,-5.653440475463867,-4.261240482330322,-3.797889471054077,-3.84625506401062,-8.909132957458496,-6.588635444641113,-0.772682249546051,-5.944750785827637,-6.738791465759277
5_lucas_38.wav,0.5409516096115112,0.057296980172395706,1259.137094499679,908.0578878742548,2287.90283203125,0.10764567057291667,-368.7832946777344,168.8287353515625,-46.9904899597168,5.2385735511779785,35.83237075805664,-26.399444580078125,-10.423002243041992,10.539581298828125,-11.442000389099121,3.6233527660369873,14.19798755645752,-5.046823501586914,-4.560060024261475,-2.6597137451171875,-4.823256015777588,4.4093194007873535,-3.4866397380828857,-10.455543518066406,4.783760070800781,1.6015372276306152,-9.873429298400879,0.08707603067159653,1.5525768995285034,-5.912752628326416,-0.9380751252174377,-0.6737228035926819,-3.713437795639038,0.08551669120788574,-3.0070972442626953,-4.917027950286865
1_george_36.wav,0.27758485078811646,0.06443703919649124,1092.0135628805433,859.0728810365488,1952.4997877038043,0.06434697690217392,-351.05926513671875,174.35276794433594,-77.2857894897461,-16.011795043945312,9.014566421508789,-41.21735382080078,-8.814315795898438,-14.683677673339844,-38.19970703125,-3.191293478012085,-13.532491683959961,-32.86052322387695,-3.5162765979766846,-13.31783390045166,-29.623929977416992,-5.792824745178223,-9.747052192687988,-21.050880432128906,-8.549596786499023,-12.094733238220215,-14.76654052734375,-8.674203872680664,-12.325384140014648,-2.570037603378296,0.8741182088851929,-16.8099308013916,-10.236710548400879,1.026448369026184,-11.64341926574707,-8.915640830993652
4_yweweler_12.wav,0.40371468663215637,0.008542658761143684,1042.1459948784288,761.8873236943864,1605.3569592927631,0.07547800164473684,-562.01513671875,204.88404846191406,-39.542057037353516,-6.852293491363525,1.3193191289901733,-46.50651168823242,2.0806801319122314,13.374682426452637,-22.657901763916016,1.9980344772338867,4.939936637878418,-19.95612144470215,3.188352584838867,11.691694259643555,-8.759449005126953,-3.90999436378479,-2.2419192790985107,-8.070538520812988,1.2536576986312866,0.49523815512657166,-4.438744068145752,-1.0144239664077759,-6.300680637359619,-5.741493225097656,1.8691775798797607,-4.197164058685303,-5.691613674163818,0.054257117211818695,-4.575562477111816,-4.288846492767334
6_jackson_36.wav,0.31671592593193054,0.06064128503203392,1671.9684562083012,1161.2962098656824,2807.184307391827,0.15833458533653846,-359.7929382324219,126.35696411132812,-38.305171966552734,22.79822540283203,22.282804489135742,-35.40323257446289,-12.437582969665527,-16.104637145996094,-27.296836853027344,6.72463321685791,-3.603040933609009,-18.110607147216797,5.58219051361084,-1.8880081176757812,-7.69158935546875,2.3121609687805176,-17.6805477142334,-12.631861686706543,9.081289291381836,-14.673063278198242,-19.749101638793945,2.045313596725464,-11.410908699035645,-15.917393684387207,0.04847089946269989,-7.303786754608154,-6.594855785369873,3.9649975299835205,-5.215184211730957,-4.796188831329346
9_george_37.wav,0.3183424770832062,0.03347957506775856,1289.8278387987532,1005.8805019845425,2399.9267578125,0.06935918898809523,-402.1829833984375,182.33270263671875,-103.41532135009766,6.288854122161865,37.42942428588867,-44.012046813964844,-11.519621849060059,-17.109689712524414,-44.11258316040039,-0.4294387400150299,-14.227910995483398,-37.86927032470703,-2.4480676651000977,-15.062444686889648,-30.718717575073242,-2.6953237056732178,-15.284196853637695,-25.94527816772461,-4.206300258636475,-11.857110023498535,-14.127070426940918,-2.502678632736206,-13.713387489318848,-6.420345306396484,3.1135127544403076,-16.709239959716797,-10.04126262664795,5.6748738288879395,-8.761381149291992,-7.333209037780762
1_lucas_39.wav,0.42390722036361694,0.04992803931236267,1094.1144293942082,871.2502498404618,2021.287777549342,0.07483552631578948,-407.79388427734375,161.41476440429688,-22.38593101501465,13.390698432922363,26.235794067382812,-31.597366333007812,-8.252878189086914,16.05369758605957,-17.489927291870117,-16.91633415222168,6.307693958282471,1.3162866830825806,-7.225399017333984,-6.266840934753418,-1.8924405574798584,-0.8710055351257324,-8.853289604187012,-7.974170684814453,-1.0688886642456055,-6.550512313842773,-7.803560733795166,-2.196666955947876,-5.516914367675781,-6.040086269378662,-4.521859645843506,-9.854591369628906,-6.3741583824157715,-0.5889278054237366,-6.461114883422852,-6.813721656799316
2_yweweler_46.wav,0.33896854519844055,0.010099893435835838,955.4360321241321,845.6114482648483,1820.9912109375,0.06266276041666667,-547.9556274414062,181.83554077148438,-27.007226943969727,16.382932662963867,22.33589744567871,-34.77601623535156,-1.4323840141296387,8.225435256958008,-22.640541076660156,-5.823881149291992,-5.599776744842529,-21.536237716674805,-4.362062454223633,-4.83434534072876,-10.28873062133789,7.492475509643555,0.9773004055023193,-7.875711441040039,4.884085655212402,-3.781559944152832,-11.203750610351562,2.9661877155303955,-2.122880220413208,-10.813019752502441,-2.949457883834839,-5.52579927444458,-8.588183403015137,-2.509650945663452,-4.962006568908691,-4.978477954864502
0_yweweler_9.wav,0.3267151117324829,0.01395888440310955,919.27266191681,790.8360554763952,1604.2236328125,0.04754638671875,-477.72711181640625,216.00543212890625,-50.68974304199219,-2.8210885524749756,14.914012908935547,-43.56572723388672,1.5300225019454956,11.781673431396484,-32.65434265136719,-9.43334674835205,-0.1485695242881775,-23.376951217651367,-3.366565227508545,4.338637351989746,-11.671209335327148,-2.972574234008789,-2.7475340366363525,-8.571529388427734,2.338876962661743,-3.148721218109131,-11.18409252166748,-2.216249465942383,-5.345983505249023,-7.945062160491943,1.0321611166000366,-3.9910361766815186,-9.289239883422852,-4.247556209564209,-6.611367225646973,-6.205767631530762
7_theo_22.wav,0.3299069106578827,0.003828778862953186,1291.818085607016,954.4471112208803,2203.7887573242188,0.10137939453125,-591.0460205078125,204.31414794921875,-65.73403930664062,29.69054412841797,33.58146667480469,-44.418418884277344,6.512849807739258,4.982439041137695,-30.395278930664062,10.689741134643555,4.921750068664551,-21.530670166015625,1.164623737335205,-3.5012974739074707,-7.450710296630859,6.572643756866455,-15.924324989318848,-15.465999603271484,7.063164234161377,-12.347103118896484,-14.817007064819336,4.201657772064209,-6.582334518432617,-3.286421537399292,8.495023727416992,-6.493745803833008,-6.804653644561768,0.41573429107666016,-8.209205627441406,-3.6115622520446777
8_george_21.wav,0.2791353464126587,0.026797644793987274,1629.9662013394536,1251.133203225367,3032.381663602941,0.09084903492647059,-411.4641418457031,146.35092163085938,-75.5663070678711,39.0860710144043,37.784732818603516,-53.51695251464844,-10.92874526977539,-7.717991352081299,-40.3839111328125,-4.159837245941162,-17.512874603271484,-38.56785202026367,3.608107089996338,-7.987500190734863,-34.591129302978516,-1.062793254852295,1.200961947441101,-18.4659423828125,-6.3688788414001465,-7.976383209228516,-13.602907180786133,-7.207996845245361,-14.538933753967285,-9.004106521606445,1.7645915746688843,-10.455182075500488,-7.470105171203613,2.805039167404175,-7.959908962249756,-4.671587944030762
2_theo_30.wav,0.3006049692630768,0.006103562191128731,1192.833139617565,1081.0179071385026,2363.26904296875,0.06551106770833333,-562.4771118164062,190.25616455078125,-63.919918060302734,36.81252670288086,40.983646392822266,-38.84568405151367,7.211130619049072,3.902064085006714,-27.7540225982666,3.203523874282837,-14.603734016418457,-29.284421920776367,4.588233470916748,-8.274352073669434,-14.923282623291016,10.181866645812988,-4.3245038986206055,-7.4678263664245605,5.660340785980225,-14.463874816894531,-9.917049407958984,7.082198619842529,-10.98327922821045,-9.389532089233398,1.1327669620513916,-12.016348838806152,-4.65866231918335,4.503840446472168,-5.752912998199463,1.5032950639724731
4_yweweler_22.wav,0.3895638883113861,0.010124036110937595,726.2193209919611,582.6181034512244,1025.518798828125,0.047078450520833336,-519.4828491210938,228.7600860595703,-11.720001220703125,-7.448589324951172,-13.089917182922363,-54.6484260559082,-3.412101984024048,14.199069023132324,-18.43270492553711,-3.2392711639404297,-0.5977916121482849,-17.836750030517578,0.6035813689231873,7.763189792633057,-2.3509068489074707,1.8137874603271484,-4.134289741516113,-7.215111255645752,2.876636505126953,-3.529900312423706,-5.134944915771484,3.8703956604003906,-6.16650390625,-10.043240547180176,-1.0569038391113281,-6.396352767944336,-5.384616851806641,3.112581968307495,-4.751142978668213,-6.853740692138672
7_theo_21.wav,0.34334588050842285,0.017036082223057747,1272.6985619254017,924.9380912428041,2246.419749540441,0.09464039522058823,-466.609375,163.8826141357422,-50.645755767822266,10.629591941833496,21.39158058166504,-42.17601776123047,-10.641631126403809,-3.1209211349487305,-27.580219268798828,2.1595489978790283,3.513247013092041,-17.17941665649414,1.3743609189987183,4.875145435333252,-5.472848892211914,-4.351551532745361,-15.494648933410645,-11.032362937927246,3.0904064178466797,-11.205101013183594,-12.435266494750977,1.2554391622543335,-6.708216190338135,-4.998997688293457,1.8608851432800293,-11.032240867614746,-7.435318946838379,3.969252109527588,-5.078256607055664,-5.149380683898926
9_jackson_45.wav,0.30723682045936584,0.05818064883351326,900.04883014068,955.0374696279376,1988.232421875,0.027486165364583332,-340.27874755859375,212.5862579345703,-50.6026725769043,23.79372215270996,33.881439208984375,-37.61623764038086,7.151564121246338,6.545114994049072,-33.603515625,2.606194257736206,3.994379758834839,-24.21489143371582,-6.269037246704102,-6.943574905395508,-16.93107032775879,-6.313682556152344,-14.26060962677002,-11.812478065490723,-0.24691718816757202,-16.61371612548828,-15.988377571105957,-4.716251850128174,-16.990530014038086,-10.697898864746094,-3.099285364151001,-21.718881607055664,-14.157567024230957,3.1579196453094482,-7.44536018371582,-6.34563684463501
2_george_30.wav,0.22267504036426544,0.0407310351729393,961.0482553816228,977.8650808599509,2135.8245849609375,0.0384521484375,-394.7349853515625,161.6962432861328,-50.3374137878418,10.226612091064453,15.053770065307617,-45.29526901245117,-11.389025688171387,-11.535645484924316,-44.224571228027344,-20.52544403076172,-22.986087799072266,-35.31943893432617,-8.526385307312012,-15.75490951538086,-28.385099411010742,-2.6485419273376465,-4.774199962615967,-16.655799865722656,-1.2856345176696777,-4.822906494140625,-13.503922462463379,-3.0129971504211426,-5.399740219116211,-10.100046157836914,-5.336591720581055,-8.050795555114746,-4.510950088500977,1.8472877740859985,-3.6337592601776123,-3.3908846378326416
4_george_17.wav,0.30111151933670044,0.07172481715679169,930.9457146437933,757.1829252171203,1566.7745838994565,0.05884850543478261,-374.23187255859375,140.74130249023438,-36.321434020996094,-7.620938301086426,11.92995834350586,-32.435420989990234,-21.73861312866211,-15.834783554077148,-37.432979583740234,-21.914875030517578,-11.817156791687012,-22.93214988708496,-12.074760437011719,-7.24523401260376,-14.672309875488281,-3.9348342418670654,-1.2901920080184937,-13.284889221191406,-12.067285537719727,-8.756246566772461,-10.565791130065918,-8.530489921569824,-9.532196998596191,-9.330087661743164,-5.301982879638672,-7.186827182769775,-6.18632698059082,-0.7805589437484741,-1.8325077295303345,-0.5180647373199463
4_yweweler_5.wav,0.42029279470443726,0.013094160705804825,945.7676021210979,752.2353251251984,1430.5224609375,0.0623046875,-510.43304443359375,187.94667053222656,-24.862077713012695,-11.475847244262695,-7.933824062347412,-46.95479965209961,-3.5496277809143066,13.512636184692383,-17.763803482055664,-2.931410074234009,3.696471691131592,-15.871583938598633,-3.2751054763793945,5.005572319030762,-6.26085090637207,-3.5206658840179443,-4.392105579376221,-5.5315375328063965,3.855189800262451,-4.5116496086120605,-13.942384719848633,-5.240477561950684,-6.297897815704346,-8.497940063476562,0.12897250056266785,-2.8278534412384033,-5.263372421264648,1.9248548746109009,-2.223433017730713,-4.797300815582275
3_theo_11.wav,0.3881151080131531,0.007039514370262623,1054.4815997694157,969.0094841406008,2158.70361328125,0.055126953125,-541.2938842773438,209.90048217773438,-59.15031051635742,35.763648986816406,52.39558792114258,-33.29691696166992,-13.026962280273438,-8.566821098327637,-27.941818237304688,-5.7340850830078125,-18.68375015258789,-25.589902877807617,1.9710270166397095,-9.28367805480957,-8.496454238891602,14.08502197265625,-7.112856864929199,-12.288487434387207,4.079619884490967,-15.449945449829102,-14.849800109863281,5.76877498626709,-7.151950836181641,-9.17759895324707,0.8292840719223022,-11.12265682220459,-7.495579719543457,3.2337145805358887,-5.653946399688721,-3.961383819580078
0_jackson_40.wav,0.30069729685783386,0.11510486900806427,652.5374049413573,734.8747677477663,1255.1773563508063,0.027154737903225805,-304.15423583984375,192.1123809814453,-8.279437065124512,11.111374855041504,24.024465560913086,-19.027311325073242,-11.341850280761719,-12.083151817321777,-20.79669761657715,-5.027801990509033,-16.037321090698242,-19.366228103637695,4.791324138641357,-5.738636016845703,-16.87969207763672,-1.9267791509628296,-8.524761199951172,-11.2194185256958,1.1363193988800049,-11.65539836883545,-17.949453353881836,-6.901721000671387,-14.83437442779541,-15.408682823181152,-2.447195291519165,-8.803327560424805,-11.28120231628418,-0.9754413962364197,-3.804886817932129,-6.63074254989624
6_theo_11.wav,0.32035648822784424,0.003746155183762312,1903.313803840895,1140.5378582932685,3102.83203125,0.1793154761904762,-566.8833618164062,137.23147583007812,-71.04364013671875,30.865976333618164,31.175392150878906,-40.56245422363281,6.1280059814453125,0.5512617826461792,-26.690677642822266,11.82323932647705,-4.655165672302246,-23.955026626586914,11.764822006225586,5.371793270111084,-2.582709550857544,15.286260604858398,-3.2329413890838623,-5.915311336517334,8.833151817321777,-11.936182022094727,-10.724413871765137,6.119251728057861,-9.117392539978027,-7.59392786026001,3.4998321533203125,-7.109856128692627,-1.0940155982971191,5.712226867675781,-5.57698392868042,-1.946465253829956
1_nicolas_22.wav,0.38609543442726135,0.03660546988248825,1049.4325045817577,1072.8827302790482,2207.8262329101562,0.05047607421875,-372.51220703125,227.46151733398438,-67.51506805419922,31.964494705200195,31.45958709716797,-40.97071838378906,20.08905029296875,4.644321918487549,-33.551395416259766,17.646690368652344,1.6619758605957031,-24.465511322021484,12.674424171447754,-1.1889861822128296,-14.857134819030762,11.181962966918945,-4.673335075378418,-10.864957809448242,8.713841438293457,-5.421806335449219,-6.496776580810547,4.6534247398376465,-9.444579124450684,-3.459322452545166,6.469343662261963,-7.021865367889404,-1.66754949092865,3.6352171897888184,-7.00474739074707,0.8269593119621277
1_theo_36.wav,0.35974210500717163,0.012566948309540749,817.6103040687212,770.8228419469945,1336.7149939903845,0.04447115384615385,-502.42120361328125,211.70205688476562,-36.96890640258789,-2.1273586750030518,2.9560647010803223,-43.16400909423828,1.938110589981079,1.6965302228927612,-31.807405471801758,-3.9844934940338135,-0.8160429000854492,-14.90462589263916,-1.9747148752212524,-11.76732063293457,-12.354523658752441,3.314201593399048,-14.937840461730957,-15.399943351745605,1.0710642337799072,-19.078189849853516,-19.10753631591797,2.5432751178741455,-6.42014741897583,0.9900342226028442,20.03105354309082,2.3749582767486572,-3.7077078819274902,9.02679443359375,-0.17299222946166992,-2.5544683933258057
5_nicolas_18.wav,0.40081098675727844,0.04563186690211296,1005.7611218715782,924.4748525417785,1872.122012867647,0.06442440257352941,-350.9178771972656,238.45199584960938,-73.29550170898438,13.490354537963867,18.46198844909668,-44.65179443359375,20.69988250732422,4.9191436767578125,-37.32044982910156,11.929033279418945,0.23864325881004333,-21.091812133789062,15.896026611328125,-2.185534954071045,-16.928739547729492,12.147847175598145,-3.242964744567871,-10.044059753417969,10.424160957336426,-5.004443645477295,-7.388609409332275,4.467101573944092,-10.374552726745605,-4.484710693359375,7.186375141143799,-6.2020063400268555,-0.5153870582580566,6.842149257659912,-3.4044690132141113,1.9667917490005493
7_nicolas_35.wav,0.4071744382381439,0.027066711336374283,946.5605008351669,1089.313328793011,2364.80712890625,0.046630859375,-396.3037109375,222.50698852539062,-57.01876449584961,55.742889404296875,44.735328674316406,-42.90664291381836,13.275613784790039,-5.645295143127441,-43.23532485961914,8.743805885314941,-5.623335838317871,-27.635662078857422,11.420544624328613,-0.7251380085945129,-12.579089164733887,9.876261711120605,-9.516647338867188,-12.510865211486816,8.53951358795166,-7.2203874588012695,-5.810055255889893,7.168557167053223,-8.130579948425293,-2.911661386489868,5.26400089263916,-8.83297348022461,-1.2025469541549683,4.6702141761779785,-6.963540554046631,-0.22973783314228058
4_lucas_22.wav,0.5067813992500305,0.035158250480890274,1271.9010172824014,833.488357409108,2026.1915940504807,0.10216346153846154,-435.3074035644531,147.99818420410156,-22.60556983947754,5.564016342163086,8.60863971710205,-41.57855987548828,-4.16801643371582,24.171205520629883,-9.55429744720459,-6.928306579589844,9.526225090026855,-4.448196887969971,-7.430922985076904,-2.5732762813568115,-3.830214023590088,1.2573250532150269,-3.077080249786377,-9.137038230895996,0.4787915050983429,-1.3247971534729004,-10.748245239257812,-3.0065090656280518,-0.27922508120536804,-7.067095756530762,-2.1400511264801025,0.3285776674747467,-5.7645463943481445,-3.7276036739349365,-1.1125839948654175,-4.071875095367432
3_george_7.wav,0.29634225368499756,0.05031723901629448,1572.650326468914,1123.7926500358776,2958.368474786932,0.10671164772727272,-385.3060607910156,149.31353759765625,-88.2569580078125,38.81481170654297,45.793392181396484,-54.493125915527344,-12.420132637023926,-16.10226058959961,-52.48439025878906,-5.339890003204346,-21.159997940063477,-52.40206527709961,-0.6808643937110901,0.8089346289634705,-29.037260055541992,-6.7584123611450195,-8.543142318725586,-21.46096420288086,-7.515986442565918,-14.220006942749023,-12.745598793029785,2.1718950271606445,-13.847362518310547,-14.64331340789795,1.8818275928497314,-10.451732635498047,-11.4984712600708,1.7096196413040161,-6.294432163238525,-4.307016372680664
0_jackson_10.wav,0.2473088949918747,0.09082993119955063,655.6219655832582,718.6532330444553,1181.81396484375,0.0330078125,-329.4727783203125,196.82469177246094,-3.499282121658325,18.130340576171875,20.140979766845703,-35.532020568847656,-19.736675262451172,-11.184698104858398,-26.99469566345215,-9.64905071258545,-9.734333992004395,-19.408489227294922,-4.86868953704834,-8.130574226379395,-11.347402572631836,1.799527883529663,-9.057465553283691,-11.978509902954102,5.86200475692749,-6.854903221130371,-19.010351181030273,-3.588127613067627,-7.247386455535889,-16.162229537963867,-4.667449951171875,-5.588678359985352,-12.388446807861328,-4.314874649047852,-3.0849409103393555,-8.300946235656738
2_george_46.wav,0.260693222284317,0.04819785803556442,914.8303962053365,916.4807035554529,1877.6953125,0.04055989583333333,-381.5743408203125,177.01251220703125,-46.634033203125,5.524664402008057,1.7525724172592163,-55.84724807739258,-7.758296489715576,-11.281665802001953,-51.68034362792969,-18.54792594909668,-19.811735153198242,-44.90473937988281,-16.900978088378906,-13.668818473815918,-27.044960021972656,-5.611294269561768,-4.303406238555908,-14.430065155029297,-4.551204204559326,-8.536057472229004,-12.154303550720215,-3.8999392986297607,-8.891934394836426,-7.9571123123168945,-1.6767266988754272,-9.0427827835083,-5.880556583404541,1.1361294984817505,-6.6523895263671875,-6.297708511352539
1_yweweler_28.wav,0.35841643810272217,0.016556458547711372,966.9056900756301,829.8993067157885,1776.4892578125,0.059611002604166664,-468.7535400390625,221.19972229003906,-62.96824645996094,-2.3154361248016357,15.615214347839355,-44.543209075927734,12.499594688415527,18.802804946899414,-35.473270416259766,-4.677402496337891,11.99898910522461,-15.186358451843262,-3.9484126567840576,-1.86406672000885,-14.288315773010254,-3.5470359325408936,-7.202871799468994,-12.992042541503906,-2.7183902263641357,-8.053605079650879,-8.647953987121582,0.4569264352321625,-7.676966190338135,-6.684814929962158,1.4735666513442993,-7.210588455200195,-5.86630392074585,-0.5059097409248352,-9.66806697845459,-5.377048969268799
3_jackson_19.wav,0.25024017691612244,0.08262823522090912,751.787494748966,908.5357941418467,1486.86767578125,0.0349365234375,-337.05670166015625,192.7367401123047,-19.58544158935547,39.093719482421875,33.51476287841797,-37.256690979003906,-12.430880546569824,-14.795934677124023,-33.425445556640625,0.49345389008522034,-12.804537773132324,-36.19276428222656,-5.145989894866943,-2.9500513076782227,-12.94080638885498,5.350874900817871,0.26064333319664,-5.740828037261963,3.859680652618408,-7.926619529724121,-8.421692848205566,1.3383219242095947,-15.099459648132324,-16.006397247314453,-2.6419873237609863,-12.775087356567383,-11.628609657287598,-0.35791999101638794,-10.398810386657715,-12.309277534484863
2_george_5.wav,0.20692960917949677,0.04464299976825714,799.1396282950063,861.9097236044971,1613.7939453125,0.029975043402777776,-411.5275573730469,172.25303649902344,-38.873512268066406,6.347209453582764,7.271176815032959,-43.68083572387695,-3.420863151550293,-9.195611000061035,-45.976585388183594,-14.921759605407715,-16.878952026367188,-41.9895133972168,-16.587411880493164,-13.805526733398438,-28.034317016601562,-7.779807090759277,-4.958057880401611,-15.59332275390625,-7.675581932067871,-11.69072151184082,-15.028874397277832,-5.324321269989014,-9.709850311279297,-10.339534759521484,-2.420638084411621,-9.02901840209961,-10.740668296813965,-5.067784309387207,-8.915922164916992,-7.118082046508789
5_jackson_48.wav,0.36766788363456726,0.1123480573296547,1031.6740874372056,889.4408577514117,1894.4324840198863,0.07046786221590909,-253.83680725097656,219.81797790527344,-62.724666595458984,-2.0583510398864746,7.514563083648682,-47.30375671386719,3.7731354236602783,-4.0388383865356445,-40.64533996582031,4.358843803405762,13.220483779907227,-8.540444374084473,-1.547881007194519,-14.986222267150879,-16.78852653503418,-6.000192642211914,-23.74437141418457,-11.091182708740234,7.093649387359619,-20.677696228027344,-17.091371536254883,4.360280990600586,-14.543842315673828,-14.596693992614746,-0.7441659569740295,-12.065851211547852,-6.177086353302002,1.9643174409866333,-12.066265106201172,-8.70716667175293
2_nicolas_36.wav,0.3176743686199188,0.033658623695373535,1222.1643132248942,1171.6704230716257,2550.2490234375,0.06803385416666667,-370.43475341796875,173.5697479248047,-54.53055191040039,42.20198059082031,38.87925720214844,-32.10152053833008,16.501373291015625,2.131356954574585,-34.44261932373047,6.808066368103027,-6.486754894256592,-27.414892196655273,7.3409528732299805,-2.713507890701294,-13.883846282958984,10.507343292236328,-2.3447487354278564,-7.358176231384277,10.699158668518066,-3.4707748889923096,-3.812777042388916,9.616271018981934,-6.976569175720215,-5.664393424987793,7.749663352966309,-4.731070041656494,-4.066462993621826,2.8145194053649902,-6.940617084503174,-2.146509885787964
0_theo_10.wav,0.3402838706970215,0.004570279736071825,1096.4589253537893,1024.3489736044514,2338.885857077206,0.04449103860294118,-583.240234375,213.48846435546875,-70.59138488769531,27.820144653320312,50.952152252197266,-28.214162826538086,1.086794137954712,-8.309012413024902,-31.251497268676758,12.305214881896973,-6.817502021789551,-30.88643455505371,6.303353309631348,-2.394537925720215,-14.662233352661133,9.860624313354492,-3.1002397537231445,-10.956656455993652,2.692514181137085,-13.33315372467041,-11.914960861206055,2.9182381629943848,-12.874043464660645,-10.094704627990723,3.9133718013763428,-8.483695983886719,-8.314358711242676,-0.6617617011070251,-5.835826873779297,-0.5786722898483276
5_george_29.wav,0.33839935064315796,0.041963834315538406,1454.5646640424268,981.4451750469806,2595.648193359375,0.09000651041666667,-358.21240234375,177.91184997558594,-114.2542953491211,-4.4369072914123535,25.935073852539062,-52.145076751708984,-5.645294189453125,-9.30102252960205,-47.73003005981445,-0.5678073763847351,-5.492162227630615,-35.1353759765625,-2.3681063652038574,-10.628700256347656,-31.75629425048828,-5.864053726196289,-10.510703086853027,-19.70221519470215,-1.3236616849899292,-12.299771308898926,-18.33609962463379,-3.7571961879730225,-13.619979858398438,-12.270313262939453,1.0579949617385864,-11.965628623962402,-12.20587158203125,-0.23380647599697113,-8.717177391052246,-7.763441562652588
9_lucas_43.wav,0.39733970165252686,0.047116007655858994,1234.0475364692147,902.6634922437458,2326.3834635416665,0.08897569444444445,-398.7216796875,182.80076599121094,-58.086299896240234,14.99410629272461,53.406497955322266,-29.228561401367188,-16.075923919677734,14.012779235839844,-17.205833435058594,-12.300612449645996,9.957367897033691,1.4050238132476807,-7.174631118774414,-9.25853157043457,-2.799168109893799,3.927912473678589,-8.867949485778809,-9.348468780517578,4.069900989532471,-6.421575546264648,-13.441237449645996,-0.7533619999885559,-2.0818686485290527,-8.439842224121094,-6.3429484367370605,-8.388611793518066,-5.341716289520264,-0.7000200748443604,-6.5644917488098145,-5.830263614654541
1_george_45.wav,0.3281676769256592,0.056177448481321335,1207.5509589570531,931.6335841364348,2306.923828125,0.07278645833333333,-332.9745178222656,205.85707092285156,-98.28022766113281,-13.10745620727539,4.028541088104248,-59.90779113769531,-5.113621711730957,-18.557783126831055,-50.693763732910156,6.39569091796875,-11.964957237243652,-45.350120544433594,0.8129823207855225,-9.920914649963379,-36.35750198364258,-3.3323476314544678,-9.723496437072754,-27.75138282775879,-7.442764759063721,-9.868559837341309,-12.851243019104004,-3.2097253799438477,-13.263535499572754,-3.316972255706787,7.800271034240723,-15.751395225524902,-13.292999267578125,3.2338850498199463,-11.000216484069824,-9.503921508789062
5_george_5.wav,0.23435717821121216,0.03811877965927124,1220.621067334664,964.8937486144243,2253.80859375,0.06268988715277778,-382.4305419921875,199.05804443359375,-102.3783187866211,0.2803764343261719,31.758445739746094,-50.08133316040039,-15.402430534362793,-18.85124969482422,-49.72953414916992,-2.81756329536438,-8.86703872680664,-33.69489669799805,3.7143118381500244,-5.901559829711914,-30.540687561035156,-4.184789657592773,-8.690038681030273,-22.199731826782227,-4.210812568664551,-11.498566627502441,-17.457937240600586,-1.574474573135376,-10.135860443115234,-14.614418983459473,-2.0349245071411133,-7.688325881958008,-8.808289527893066,-0.4743358790874481,-5.597815990447998,-6.3476433753967285
0_nicolas_30.wav,0.26421356201171875,0.04620187729597092,916.1139912566161,1072.9859871126366,2170.008544921875,0.0400146484375,-356.8102111816406,187.8070831298828,-40.5745849609375,40.84785461425781,37.341209411621094,-30.972925186157227,12.691012382507324,0.09881003946065903,-34.123023986816406,6.1898980140686035,-3.8718032836914062,-23.84132194519043,8.759496688842773,-2.687869071960449,-16.91021728515625,9.382732391357422,1.6069259643554688,-6.911896705627441,7.754483699798584,-4.31832218170166,-8.493253707885742,1.8815481662750244,-9.074602127075195,-7.089051723480225,1.5952661037445068,-8.426526069641113,-2.7044413089752197,4.523331642150879,-6.052291393280029,-1.8998314142227173
5_lucas_29.wav,0.545457124710083,0.05803726240992546,1288.687273095452,866.8638266042162,2215.228271484375,0.11039225260416667,-338.8130187988281,183.8932647705078,-57.516361236572266,-3.1286613941192627,31.91507911682129,-31.32659339904785,-11.772991180419922,8.037993431091309,-17.945022583007812,-0.24164585769176483,13.193659782409668,-2.949991226196289,1.285960078239441,-3.416372060775757,-13.427571296691895,2.383479118347168,0.8614924550056458,-12.026545524597168,-0.1025175228714943,1.203255534172058,-9.66617488861084,-2.414654016494751,0.621268093585968,-5.053006649017334,-2.48604416847229,-3.5209665298461914,-4.127397537231445,1.6065789461135864,-2.666978120803833,-7.701433181762695
1_george_8.wav,0.28182560205459595,0.038912296295166016,1088.2315658216214,902.6486421962378,2077.056884765625,0.05548095703125,-387.3208923339844,167.62062072753906,-66.52864837646484,-10.42952823638916,9.75390338897705,-39.46403121948242,-6.422290802001953,-11.582786560058594,-38.63253402709961,-3.9138221740722656,-9.967910766601562,-33.479888916015625,-5.399586200714111,-6.7962327003479,-24.270660400390625,-6.042682647705078,-7.625783443450928,-19.96980857849121,-11.054789543151855,-13.216667175292969,-14.85473918914795,-8.233723640441895,-14.435572624206543,-10.515958786010742,-3.2631092071533203,-14.114837646484375,-10.42272663116455,1.2428876161575317,-6.0824408531188965,-6.576925754547119
2_nicolas_25.wav,0.29793405532836914,0.028348904103040695,1178.047168274989,1173.470615709347,2514.00146484375,0.053680419921875,-388.23175048828125,178.26553344726562,-55.65867614746094,42.67792510986328,37.50970458984375,-28.771617889404297,22.73879623413086,5.565067768096924,-33.517295837402344,7.340764045715332,-6.081799507141113,-27.006786346435547,6.5090813636779785,-5.009165287017822,-15.735241889953613,8.584671974182129,-5.026313781738281,-10.263404846191406,6.453465461730957,-7.056710243225098,-3.8744425773620605,11.659908294677734,-3.1018991470336914,-1.758771538734436,8.100427627563477,-4.554039001464844,-1.9073865413665771,4.461429119110107,-3.562584400177002,1.8411715030670166
5_nicolas_8.wav,0.3925149738788605,0.04228409007191658,1036.255260783761,957.2189235789043,1991.1483764648438,0.05908203125,-356.385986328125,233.91015625,-72.94366455078125,19.134632110595703,21.379039764404297,-47.96541976928711,15.862751007080078,3.849985122680664,-36.68714904785156,10.770028114318848,1.4152289628982544,-19.03615951538086,13.480453491210938,-3.523543119430542,-16.496002197265625,9.020017623901367,-5.273845672607422,-8.247945785522461,10.867576599121094,-6.423399925231934,-8.131561279296875,5.002716541290283,-8.395660400390625,-3.6388115882873535,5.548984050750732,-7.197646141052246,-1.1204432249069214,4.633692264556885,-4.365766525268555,3.4572534561157227
7_jackson_26.wav,0.3147425055503845,0.05710921436548233,1005.2145739861226,854.8466431700198,1665.234375,0.06815011160714286,-342.13677978515625,195.93385314941406,-37.72918701171875,11.627252578735352,14.561564445495605,-46.233497619628906,-11.41567325592041,-7.912938594818115,-37.28663635253906,-6.555225849151611,4.608394622802734,-13.26001262664795,-10.45155143737793,-10.94084644317627,-2.7379465103149414,4.7327561378479,-14.384909629821777,-12.336952209472656,-1.485510230064392,-15.863813400268555,-7.968604564666748,3.954071044921875,-15.170360565185547,-13.514412879943848,-0.441453218460083,-10.823383331298828,-9.706595420837402,-4.521745204925537,-12.72509479522705,-6.202832221984863
0_yweweler_19.wav,0.34486159682273865,0.007587801199406385,985.222211809598,869.5802006125457,1868.26171875,0.053943452380952384,-539.46923828125,215.45309448242188,-51.77645492553711,13.718033790588379,26.251354217529297,-44.83799362182617,0.017643814906477928,9.768609046936035,-29.44974708557129,-3.5284366607666016,-4.590927600860596,-27.361499786376953,-1.2671210765838623,0.6507608294487,-13.427091598510742,2.984807252883911,1.6791014671325684,-3.0580363273620605,7.560238838195801,-3.4401016235351562,-7.651571273803711,2.7486255168914795,-6.943585395812988,-7.516598701477051,1.823186993598938,-7.585674285888672,-6.136441230773926,2.4611194133758545,-5.841725826263428,-4.193183422088623
2_nicolas_11.wav,0.3048621416091919,0.03994404524564743,1150.2218238243177,1066.0437238146149,2311.23046875,0.05667317708333333,-362.3749694824219,178.78797912597656,-48.897544860839844,35.0349235534668,32.31715774536133,-34.24524688720703,15.642536163330078,3.529989719390869,-32.86381149291992,7.497724533081055,-5.765176296234131,-28.879161834716797,5.2248029708862305,-2.7713255882263184,-13.751852989196777,10.664297103881836,-1.2187601327896118,-7.2532758712768555,8.859026908874512,-6.513364791870117,-6.4927449226379395,10.78586483001709,-2.316657304763794,-3.228343963623047,7.394747257232666,-3.1005828380584717,-1.0247464179992676,4.13831090927124,-5.73931360244751,-0.5598387122154236
2_lucas_8.wav,0.49296656250953674,0.04468472674489021,1033.1974956588178,904.2402723278183,2047.3542865953948,0.054713199013157895,-416.3471374511719,183.02291870117188,-35.03948974609375,25.956750869750977,55.061492919921875,-19.43681526184082,-13.480097770690918,0.7517938017845154,-22.043333053588867,-4.883996486663818,2.407167911529541,-15.052774429321289,-2.8310658931732178,1.9972333908081055,-6.320688724517822,5.210424900054932,0.17302866280078888,-14.45102596282959,-0.5948147773742676,6.201854705810547,-4.651124477386475,-3.9576234817504883,-4.445759296417236,-8.892114639282227,-3.92289662361145,-4.355605125427246,-9.066475868225098,-5.11269998550415,-3.469829797744751,-5.112669467926025
9_lucas_9.wav,0.3981454074382782,0.03756806626915932,1064.4173444261112,907.4971617073969,2262.5244140625,0.07090541294642858,-434.7185974121094,180.20553588867188,-38.766998291015625,21.227163314819336,45.70146942138672,-28.37542152404785,-7.7865800857543945,16.191659927368164,-21.0061092376709,-14.583372116088867,9.974026679992676,0.9344487190246582,-6.593189239501953,-7.667702674865723,-4.111732006072998,1.5799884796142578,-9.472212791442871,-11.610837936401367,1.2278136014938354,-5.9682464599609375,-13.290060043334961,-2.88045072555542,-3.5311222076416016,-9.428727149963379,-6.113110065460205,-6.369973659515381,-6.8792500495910645,-5.708154201507568,-8.313020706176758,-5.086804389953613
2_nicolas_49.wav,0.29579034447669983,0.037055324763059616,1219.8091798337327,1113.0487772228669,2416.4291381835938,0.076446533203125,-363.3041687011719,178.79632568359375,-56.225685119628906,40.5885009765625,40.32004165649414,-29.791873931884766,17.12474250793457,-0.27383583784103394,-39.00237274169922,6.281718730926514,-3.8454174995422363,-28.494810104370117,5.710074424743652,-2.0266599655151367,-13.05063247680664,12.259315490722656,-1.382749319076538,-9.387670516967773,9.56045913696289,-3.337171792984009,-4.779932022094727,9.694327354431152,-5.668063640594482,-5.573230266571045,7.236120700836182,-5.21885347366333,-3.8965001106262207,5.467679023742676,-3.7970759868621826,-0.9374725222587585
1_yweweler_18.wav,0.3646520972251892,0.006532419007271528,811.1854988132455,746.101892438944,1507.32421875,0.0466796875,-569.8244018554688,225.63067626953125,-31.65668487548828,6.65234375,10.285855293273926,-43.1564826965332,7.215554237365723,12.655498504638672,-27.325326919555664,0.8047811388969421,6.868582725524902,-15.521503448486328,-1.1107792854309082,-2.2066216468811035,-10.104848861694336,1.9440022706985474,-8.097366333007812,-11.487579345703125,4.2471208572387695,-5.4201884269714355,-8.65457820892334,4.375938415527344,-4.819290637969971,-7.829329967498779,0.7155963778495789,-7.701082706451416,-6.731590270996094,1.3802495002746582,-6.8770036697387695,-5.458188533782959
6_george_14.wav,0.31535619497299194,0.02652747929096222,1842.081330553169,1121.6425886820075,3103.614566200658,0.13664165296052633,-419.804443359375,133.77337646484375,-95.19012451171875,34.255977630615234,45.419769287109375,-51.17478942871094,-14.271028518676758,-16.167144775390625,-44.77220916748047,-0.5318350791931152,-15.850282669067383,-41.31061935424805,0.6254301071166992,-8.244284629821777,-29.6643123626709,0.23605529963970184,-4.2836432456970215,-16.975313186645508,-0.9844111204147339,-9.317649841308594,-9.951325416564941,2.9199609756469727,-14.619856834411621,-14.555010795593262,3.4405248165130615,-9.425895690917969,-12.295029640197754,0.9664102792739868,-6.676609992980957,-7.726070404052734
9_lucas_20.wav,0.47027847170829773,0.056900542229413986,998.2387797703707,926.740204274577,2272.7783203125,0.045735677083333336,-344.22259521484375,214.7918243408203,-57.83073043823242,21.84268569946289,51.74589538574219,-37.602210998535156,-9.543767929077148,14.829903602600098,-28.153860092163086,-12.86895751953125,13.016002655029297,0.888085126876831,-2.2607486248016357,-7.360147953033447,-9.759437561035156,-2.039360523223877,-12.00888729095459,-10.322436332702637,6.866278648376465,-3.8574917316436768,-13.419279098510742,-3.546560287475586,-6.751535892486572,-9.372800827026367,-3.744227409362793,-7.835697650909424,-6.791548252105713,-2.835212469100952,-8.990633010864258,-7.308943748474121
3_lucas_23.wav,0.47330039739608765,0.04102795943617821,1201.10304422994,972.3480568236945,2366.4093017578125,0.07314046223958333,-396.708740234375,168.9193878173828,-46.01140213012695,29.76178550720215,53.8251953125,-27.950471878051758,-9.467864036560059,11.278046607971191,-17.574478149414062,-1.857106328010559,3.999934434890747,-16.12026596069336,-1.396280288696289,2.7442657947540283,-10.534008979797363,1.1988836526870728,1.7548781633377075,-7.947302341461182,1.541080117225647,-1.4319161176681519,-9.733168601989746,-0.5438861846923828,-3.01273250579834,-8.671282768249512,0.24499733746051788,-2.470325469970703,-7.887472629547119,-0.6622297167778015,-3.051792860031128,-7.830332279205322
0_nicolas_18.wav,0.2558121681213379,0.05063668265938759,910.7437229266685,1049.5195402766587,1933.681640625,0.04640625,-350.5943298339844,197.84402465820312,-37.45018768310547,35.95598220825195,26.92471694946289,-38.952030181884766,10.073291778564453,2.511049747467041,-31.83880043029785,3.218482255935669,-9.896993637084961,-27.44719696044922,9.937298774719238,3.24714732170105,-9.937840461730957,10.757126808166504,-1.630833625793457,-7.3647847175598145,10.00588607788086,-2.8375070095062256,-6.050167083740234,5.037141799926758,-7.8843913078308105,-6.595527172088623,3.372267246246338,-5.696247577667236,-0.3902450501918793,5.813699722290039,-4.100935935974121,1.4235800504684448
6_jackson_43.wav,0.34955254197120667,0.051956817507743835,1685.9932745662381,1100.8537607337867,2847.5804822198274,0.15621632543103448,-360.8714294433594,116.08557891845703,-41.98118591308594,27.928144454956055,29.637962341308594,-36.21186447143555,-13.74960708618164,-9.951486587524414,-25.104612350463867,3.214411735534668,-4.87727165222168,-20.393007278442383,6.479903697967529,5.679253578186035,-7.744266510009766,-2.384429454803467,-12.85844898223877,-10.044251441955566,2.652473211288452,-16.772045135498047,-18.244869232177734,1.5964435338974,-10.181487083435059,-16.00783348083496,-2.2431578636169434,-7.177627086639404,-7.682340621948242,1.5348947048187256,-3.8068923950195312,-2.9273834228515625
4_nicolas_15.wav,0.29500362277030945,0.08483770489692688,800.4412286860722,791.623230384008,1315.5441284179688,0.043914794921875,-297.43701171875,204.44195556640625,-17.796173095703125,14.372259140014648,-4.077559947967529,-58.12986755371094,-3.8858871459960938,4.899511337280273,-21.10775375366211,4.837147235870361,-6.1134538650512695,-21.236282348632812,8.543182373046875,2.9782204627990723,-6.8723554611206055,11.387552261352539,-4.111277103424072,-17.877227783203125,-3.4722023010253906,-8.993659973144531,-10.987907409667969,0.5221953392028809,-4.836517810821533,-2.363415241241455,4.6734466552734375,-4.038354396820068,-0.4149063229560852,5.14581298828125,-3.773226737976074,-0.3076596260070801
3_george_13.wav,0.271480530500412,0.028741711750626564,1321.973015865621,1099.8530683154045,2636.1173930921054,0.06825657894736842,-425.448486328125,175.74961853027344,-88.88665771484375,33.37519454956055,46.55032730102539,-57.62529373168945,-16.874608993530273,-8.11626148223877,-39.97038650512695,-2.178262710571289,-17.43751335144043,-43.06842803955078,-1.191412091255188,-8.261731147766113,-31.6883487701416,-6.58050012588501,-10.720451354980469,-19.707433700561523,-5.091568946838379,-16.937580108642578,-15.168098449707031,0.6969332098960876,-18.985448837280273,-19.05668067932129,2.145514488220215,-10.531246185302734,-14.563706398010254,-0.7728180289268494,-7.55781888961792,-7.501744270324707
2_theo_42.wav,0.37063339352607727,0.006583161186426878,1255.156247675307,1009.0967804325848,2445.81298828125,0.096923828125,-531.8502807617188,200.2289581298828,-67.26925659179688,33.703617095947266,41.89272689819336,-44.94520568847656,-1.25764000415802,-1.8102315664291382,-35.099613189697266,-0.19278180599212646,-12.778958320617676,-28.1757869720459,6.039625644683838,-6.633884906768799,-12.772937774658203,14.21688461303711,-3.2714169025421143,-8.251931190490723,7.531580448150635,-15.983200073242188,-15.20634937286377,6.72137975692749,-9.316667556762695,-10.190449714660645,3.064600706100464,-9.383320808410645,-6.800033092498779,1.5041042566299438,-7.696998596191406,-1.4153839349746704
0_jackson_19.wav,0.2893929183483124,0.0931914895772934,636.2707001824662,657.8213918193443,1097.039794921875,0.0379638671875,-326.4274597167969,190.07461547851562,10.663397789001465,7.460517883300781,12.359984397888184,-23.967737197875977,-22.180744171142578,-21.543729782104492,-21.915700912475586,-4.6303324699401855,-15.808855056762695,-23.46402931213379,-0.12343176454305649,-0.5710707306861877,-9.238064765930176,1.4709361791610718,-3.5825092792510986,-8.786408424377441,0.17228814959526062,-9.002599716186523,-15.484774589538574,-5.921408653259277,-12.738635063171387,-17.759410858154297,-5.62103271484375,-5.379583835601807,-8.474040031433105,-2.808530330657959,-5.7867302894592285,-8.499686241149902
8_yweweler_33.wav,0.40008679032325745,0.010312022641301155,1439.5552224266075,1124.611887235822,2832.21435546875,0.09147135416666667,-496.29498291015625,176.87481689453125,-66.83834075927734,43.015899658203125,39.66596603393555,-60.17655944824219,-6.041601181030273,8.017044067382812,-31.644012451171875,0.06544145196676254,-7.359949111938477,-27.127643585205078,9.641459465026855,0.5969356894493103,-20.188024520874023,5.436814785003662,1.8967469930648804,-8.910045623779297,3.83410382270813,-3.5535755157470703,-3.8151702880859375,2.716135263442993,-13.233489990234375,-8.51267147064209,1.6336350440979004,-13.268315315246582,-6.759544372558594,3.813957691192627,-9.118478775024414,-3.676697254180908
2_nicolas_5.wav,0.32651767134666443,0.02449178881943226,980.5024242266364,1188.156272215712,2579.9468994140625,0.03424072265625,-406.5608825683594,206.314453125,-59.177520751953125,53.17766571044922,45.08638000488281,-31.10361099243164,27.962509155273438,9.493810653686523,-35.98279571533203,4.9170823097229,-11.680573463439941,-32.576683044433594,4.431455612182617,-8.339537620544434,-18.011112213134766,10.078518867492676,-3.7870473861694336,-8.637096405029297,11.206945419311523,-2.340869903564453,-4.045216083526611,6.075884819030762,-9.364788055419922,-6.749453544616699,1.6253530979156494,-8.245687484741211,0.39678311347961426,3.4746201038360596,-9.821812629699707,-1.3938895463943481
5_nicolas_39.wav,0.3975399136543274,0.052895087748765945,1020.5627901377119,914.6298785668752,1830.322265625,0.06207682291666667,-327.3486633300781,233.56472778320312,-63.17299270629883,6.534353733062744,8.345894813537598,-45.50761032104492,16.71161460876465,9.6187744140625,-28.448869705200195,9.311174392700195,-3.613229990005493,-24.500438690185547,8.78371810913086,-1.7690647840499878,-13.936479568481445,8.686205863952637,-5.027488708496094,-10.361499786376953,8.55518627166748,-3.292415142059326,-4.344048023223877,6.4682297706604,-8.526988983154297,-5.6698737144470215,6.263203144073486,-4.3759446144104,-0.7478629946708679,6.571761131286621,-1.8888709545135498,1.7705703973770142
5_lucas_9.wav,0.5213645696640015,0.03857672959566116,1336.2058581170384,924.0269097243461,2309.220703125,0.10837890625,-384.4637145996094,178.40045166015625,-58.75188064575195,1.7296497821807861,41.356014251708984,-25.178625106811523,-8.696802139282227,13.070301055908203,-15.43838882446289,0.16411146521568298,17.145610809326172,-2.1603827476501465,-1.9721547365188599,0.3599596917629242,-7.288267612457275,1.9341734647750854,1.0543020963668823,-9.286888122558594,-0.5008803009986877,1.7939724922180176,-6.5738301277160645,-2.318669080734253,-0.5904427170753479,-4.6617207527160645,-2.1381351947784424,-2.9490811824798584,-3.9270455837249756,0.5208860635757446,-1.562753438949585,-3.9333057403564453
0_nicolas_29.wav,0.29842409491539,0.04069008305668831,919.8757850374093,1097.5722594151962,2309.152703536184,0.051732113486842105,-375.6907958984375,182.7560577392578,-41.203765869140625,53.617713928222656,48.94163131713867,-29.626169204711914,13.238960266113281,2.4487104415893555,-32.02649688720703,4.486928939819336,-12.089302062988281,-32.579437255859375,4.633835315704346,-3.9637551307678223,-15.918787956237793,10.890501022338867,2.284752607345581,-3.4613020420074463,11.448282241821289,-5.12173318862915,-7.968410968780518,7.109979629516602,-4.645734786987305,-4.087759017944336,6.7880754470825195,-3.243133544921875,-2.7952563762664795,0.7471941113471985,-5.641681671142578,3.3639984130859375
0_george_28.wav,0.28209614753723145,0.04933338239789009,1459.1593852092024,1074.9883490856146,2724.380859375,0.07775390625,-359.563232421875,169.67987060546875,-97.4133529663086,23.124361038208008,37.67362976074219,-53.083736419677734,-7.810054779052734,-14.549088478088379,-52.133724212646484,-4.070735454559326,-17.475975036621094,-46.75368118286133,-2.3409690856933594,-7.678977012634277,-28.242094039916992,1.3503705263137817,-7.3074493408203125,-20.331998825073242,0.7167356014251709,-11.379865646362305,-20.111400604248047,-3.5886521339416504,-12.565217018127441,-13.293378829956055,-1.1539064645767212,-12.213417053222656,-9.373404502868652,0.506319522857666,-11.67719841003418,-7.093700408935547
4_yweweler_46.wav,0.3632958233356476,0.011435591615736485,824.7369162089219,700.4762018444221,1239.8155799278845,0.05029296875,-512.3621826171875,204.07211303710938,-13.54307746887207,-4.765615463256836,-15.961694717407227,-55.9444580078125,-1.520923137664795,14.198161125183105,-18.66448402404785,-1.8888194561004639,-0.8233508467674255,-19.28707504272461,-0.9676323533058167,3.9948999881744385,-5.250831127166748,3.9869143962860107,-1.9545795917510986,-9.744626998901367,-1.1195957660675049,-7.906179428100586,-11.33746337890625,-0.7797915935516357,-6.791844367980957,-7.794987678527832,3.9120969772338867,-2.1168935298919678,-5.685569763183594,3.422977924346924,-0.8689956665039062,-5.734145164489746
8_lucas_34.wav,0.5152013301849365,0.060132961720228195,1361.6991108333461,1047.344365357823,2591.6107177734375,0.09356689453125,-381.7188415527344,148.3498077392578,-40.48051071166992,35.0076789855957,46.16945266723633,-38.575862884521484,-14.899453163146973,13.183216094970703,-13.036067008972168,-2.067356824874878,5.307302951812744,-8.019051551818848,4.015275955200195,6.194610118865967,-3.5854837894439697,2.2263834476470947,-1.3968786001205444,-4.693139553070068,2.736968994140625,-4.58964729309082,-5.589870452880859,4.9778523445129395,-4.497361660003662,-10.196976661682129,0.740084707736969,-1.655034065246582,-5.242732048034668,0.925440788269043,-2.336076021194458,-4.880926609039307
0_theo_30.wav,0.33232173323631287,0.037075791507959366,994.3485558831954,827.775234423682,1863.519287109375,0.05035400390625,-391.7618103027344,186.2544708251953,-50.15934371948242,-10.10568904876709,20.21288299560547,-24.756349563598633,-11.467037200927734,-15.059771537780762,-30.90923500061035,-4.671352863311768,-9.036859512329102,-20.45500946044922,1.520432472229004,-6.413194179534912,-18.09485626220703,0.3484143018722534,-4.648915767669678,-16.053274154663086,-7.350698471069336,-9.469132423400879,-7.780672073364258,2.6388323307037354,-1.653138518333435,0.42596539855003357,5.996025562286377,-4.220685958862305,-4.663492202758789,1.8836069107055664,-2.886681318283081,-2.4049599170684814
3_theo_47.wav,0.2958504259586334,0.010773458518087864,946.3181403962676,926.3467194489743,2054.9853515625,0.042578125,-523.0482788085938,188.71971130371094,-47.50243377685547,27.06792449951172,44.98221969604492,-24.467090606689453,-3.1009974479675293,-10.10090160369873,-38.1208381652832,-10.091339111328125,-13.589058876037598,-23.531003952026367,-1.9114673137664795,-11.827254295349121,-10.942543983459473,10.744563102722168,-7.145533561706543,-10.82679271697998,6.398953914642334,-11.540033340454102,-15.881608009338379,-1.288921594619751,-12.190753936767578,-11.181085586547852,-2.5693280696868896,-15.3753662109375,-10.968708038330078,1.10469651222229,-3.0131454467773438,6.725905418395996
6_george_8.wav,0.2531616687774658,0.0228384118527174,1974.0871952430944,1121.523243887701,3221.3671875,0.16390625,-427.0810241699219,121.78875732421875,-89.6410140991211,31.943584442138672,39.50566101074219,-45.92255783081055,-5.730350971221924,-15.933052062988281,-45.540828704833984,2.4765048027038574,-19.209087371826172,-48.59904479980469,2.4632411003112793,-0.805043637752533,-27.251331329345703,-1.0588135719299316,-3.552208662033081,-14.586174011230469,-1.8171979188919067,-14.139664649963379,-11.792715072631836,6.710494518280029,-10.684096336364746,-11.670003890991211,7.5108642578125,-5.678125381469727,-10.184874534606934,1.7697117328643799,-6.868940353393555,-7.636552810668945
7_nicolas_30.wav,0.46528947353363037,0.04151647910475731,1165.0164045771583,1140.1742834246395,2537.3291015625,0.06259765625,-339.0126037597656,191.8711700439453,-55.0164909362793,34.921566009521484,36.87057113647461,-38.762996673583984,3.545841932296753,-2.4090490341186523,-30.984376907348633,11.648897171020508,0.10152414441108704,-23.61331558227539,10.474349975585938,4.9946136474609375,-11.860578536987305,4.0766096115112305,-5.088316917419434,-8.534479141235352,4.156583786010742,-9.92428970336914,-8.31676197052002,5.934652328491211,-6.0269622802734375,-4.391064643859863,4.059639930725098,-5.933935165405273,-0.19945907592773438,3.9876463413238525,-7.711831569671631,0.21882107853889465
7_jackson_6.wav,0.3366096317768097,0.05624411627650261,779.8737880428059,814.4134833399436,1423.883056640625,0.0436279296875,-345.1192626953125,214.7549285888672,-34.1561164855957,12.176424980163574,24.498783111572266,-43.938316345214844,-22.346467971801758,-10.66175651550293,-30.756155014038086,-4.071184158325195,3.0408427715301514,-17.564373016357422,-12.960886001586914,-6.026020050048828,-0.11377616226673126,0.1641513854265213,-17.973926544189453,-14.807069778442383,-2.6100831031799316,-13.05163288116455,-9.238238334655762,-1.4686732292175293,-14.504514694213867,-9.416757583618164,0.2260686606168747,-13.43543529510498,-13.8756103515625,-4.872705459594727,-8.982994079589844,-6.180630683898926
8_nicolas_9.wav,0.31153133511543274,0.05203522741794586,1077.4794780218933,1002.9258987209813,2285.211181640625,0.054890950520833336,-328.95819091796875,218.86163330078125,-70.92601776123047,33.38562774658203,41.70375061035156,-53.84504699707031,-8.01318645477295,-1.7500839233398438,-28.99664306640625,15.991110801696777,4.4036126136779785,-21.24488067626953,10.40220832824707,-2.190324306488037,-16.863574981689453,7.660345077514648,-4.276163101196289,-8.568437576293945,11.150975227355957,-4.529494285583496,-8.593619346618652,6.553856372833252,-3.900688409805298,-3.3955113887786865,5.534743785858154,-1.7917791604995728,3.523679733276367,4.224080562591553,-8.106963157653809,-0.8736588358879089
1_nicolas_20.wav,0.3517519235610962,0.04433726891875267,963.5196571452856,1018.002642801469,2091.02783203125,0.046840122767857144,-357.2499084472656,217.61306762695312,-58.363582611083984,36.80841827392578,34.79738998413086,-43.467140197753906,10.523126602172852,-1.8338205814361572,-39.63667678833008,7.279542446136475,-3.5667026042938232,-27.37828254699707,7.482666015625,-0.18076398968696594,-10.580288887023926,10.510092735290527,-7.335192680358887,-11.71774959564209,9.680593490600586,-6.232544422149658,-9.271931648254395,7.77219820022583,-3.032946825027466,-3.560239553451538,4.929249286651611,-5.394870758056641,-2.6849896907806396,1.9285780191421509,-6.708163261413574,-1.6107207536697388
6_nicolas_40.wav,0.49886617064476013,0.04090074449777603,1101.4073842230055,1157.4892289640864,2618.2417436079545,0.04749644886363636,-369.397705078125,190.29026794433594,-49.42367172241211,52.85725402832031,44.54057312011719,-39.92083740234375,12.006564140319824,2.387206792831421,-41.98703384399414,-0.5176530480384827,-7.019393444061279,-28.5025634765625,6.5252766609191895,-2.9073288440704346,-16.532827377319336,10.481732368469238,-1.2086005210876465,-11.903844833374023,7.337357997894287,-2.025902032852173,-6.689457893371582,5.322474956512451,-3.1679253578186035,-1.4418120384216309,5.8074774742126465,-3.2012412548065186,3.101191759109497,6.693881511688232,-6.130552768707275,-0.7905961871147156
4_nicolas_43.wav,0.3167542815208435,0.05913316830992699,852.0617370091237,950.7048251952939,1568.07861328125,0.047816685267857144,-331.9546203613281,192.2621307373047,-13.449175834655762,38.57370376586914,9.27051830291748,-58.43974685668945,-12.178771018981934,-12.622654914855957,-33.62397766113281,10.4496431350708,5.0587897300720215,-15.587374687194824,10.205747604370117,0.41318339109420776,-11.388371467590332,10.069117546081543,0.6131938099861145,-5.087127685546875,10.796186447143555,-2.3752334117889404,-8.810203552246094,1.2391096353530884,-8.635947227478027,-6.88859224319458,2.9595680236816406,-5.974743843078613,-2.0403482913970947,6.608070373535156,-0.10307435691356659,2.828850030899048
9_george_21.wav,0.29702049493789673,0.03813820704817772,1338.5193744294331,1041.8491100078472,2623.6250443892045,0.08848987926136363,-391.5331726074219,185.77914428710938,-101.7279281616211,16.4205379486084,40.42015838623047,-44.98992919921875,-5.786077499389648,-16.784992218017578,-48.763572692871094,4.867392063140869,-7.9091081619262695,-40.115718841552734,-2.614745855331421,-12.045495986938477,-32.570552825927734,-5.491883754730225,-14.854782104492188,-24.94267463684082,-2.2481210231781006,-9.536735534667969,-16.63607406616211,-9.767707824707031,-19.644119262695312,-8.73849868774414,2.9214723110198975,-14.558377265930176,-6.289472579956055,7.450662136077881,-9.26699447631836,-6.556510925292969
6_nicolas_43.wav,0.42503219842910767,0.04822031036019325,1281.2916510197788,1169.032710104774,2839.51171875,0.06630859375,-343.6549377441406,173.6252899169922,-57.57282638549805,43.5679817199707,40.6367301940918,-42.01093673706055,4.808588981628418,0.19885240495204926,-36.180721282958984,4.933197975158691,-3.5989890098571777,-28.118072509765625,6.350517749786377,1.829437017440796,-13.263970375061035,8.851800918579102,0.24903835356235504,-8.895293235778809,6.649632930755615,-2.380988836288452,-5.614166736602783,5.5329365730285645,-2.6568398475646973,-1.2120254039764404,4.608718395233154,-4.852380275726318,0.844039261341095,4.448941230773926,-7.069107532501221,-0.8584679961204529
5_jackson_10.wav,0.34386587142944336,0.06380467116832733,894.8353070274396,818.425791653031,1571.2904986213234,0.05284926470588235,-311.21087646484375,226.66123962402344,-53.278995513916016,-4.7835516929626465,9.66420841217041,-50.71202087402344,-10.509982109069824,4.084310531616211,-23.350688934326172,0.3708678185939789,2.3250534534454346,-13.84402084350586,-3.1149232387542725,-14.465455055236816,-18.759424209594727,0.5709666013717651,-10.69823932647705,-13.267685890197754,3.49552583694458,-12.56541633605957,-16.158533096313477,5.846599102020264,-3.591050148010254,-15.162558555603027,-5.914989471435547,-8.208199501037598,-8.883846282958984,-4.608438491821289,-11.000452041625977,-7.91722297668457
1_theo_32.wav,0.2623583674430847,0.006699067074805498,803.121751048351,796.7130178001905,1444.192782315341,0.040327592329545456,-576.206298828125,226.63296508789062,-53.61136245727539,15.86959457397461,25.741727828979492,-47.932125091552734,2.9548208713531494,13.965603828430176,-24.802650451660156,4.232940673828125,3.1677253246307373,-20.323143005371094,-0.0813707634806633,-4.142173767089844,-12.195684432983398,2.742424964904785,-13.027863502502441,-16.102384567260742,4.971414566040039,-8.959147453308105,-13.692305564880371,3.567941904067993,-6.349714756011963,-7.245899677276611,5.658087253570557,-6.720903396606445,-9.250218391418457,3.194756507873535,-2.33060359954834,-5.354922294616699
9_nicolas_29.wav,0.33814626932144165,0.03688165545463562,1013.5520825779546,996.0645569298163,2110.25390625,0.05347964638157895,-370.6311950683594,232.37733459472656,-77.09774017333984,20.49474334716797,38.774139404296875,-33.700897216796875,15.249908447265625,3.8363285064697266,-34.16948699951172,14.258427619934082,6.061783313751221,-23.47393035888672,5.872010707855225,-3.284602403640747,-15.608665466308594,10.883203506469727,-0.781944990158081,-11.305072784423828,5.493278503417969,-5.1346259117126465,-7.52471923828125,4.323776721954346,-6.378552436828613,-2.975637912750244,6.17478609085083,-4.3362202644348145,0.9258133769035339,5.636354446411133,-5.4783735275268555,0.774907648563385
5_yweweler_27.wav,0.5270401835441589,0.010719762183725834,1088.2238080769116,901.0111378471141,2051.575927734375,0.07626953125,-500.24951171875,196.76226806640625,-54.67885208129883,3.4084410667419434,29.16945457458496,-35.244773864746094,-1.4515700340270996,16.429885864257812,-18.64532470703125,-1.6187160015106201,7.381412506103516,-11.646281242370605,-0.4435202181339264,4.092349529266357,-3.3153674602508545,1.837214469909668,-5.882431983947754,-6.826120853424072,6.119753360748291,-4.074626922607422,-9.073137283325195,2.864788293838501,-4.540060520172119,-6.871750831604004,5.918936729431152,0.030471373349428177,-5.562292575836182,0.7843751907348633,-3.890319347381592,-5.608800411224365
7_lucas_45.wav,0.4667007029056549,0.031096631661057472,1202.6802556960995,975.6858720660155,2383.8234641335225,0.08294122869318182,-406.5914306640625,202.48118591308594,-60.39011001586914,20.02873992919922,51.22579574584961,-30.75695037841797,-1.7594565153121948,16.30784797668457,-26.891712188720703,-8.187381744384766,14.45327091217041,-1.7742199897766113,-1.9785209894180298,-2.679558277130127,-3.275559425354004,6.049340724945068,-5.779281139373779,-10.420164108276367,4.613094329833984,-1.3910645246505737,-6.865823268890381,1.3946216106414795,-5.112461566925049,-5.841101169586182,2.4699063301086426,-6.114696025848389,-8.297542572021484,0.838175356388092,-2.5864813327789307,-4.430130481719971
7_george_43.wav,0.31871792674064636,0.06326361745595932,1516.549859925852,1049.8352813461686,2829.3495579769738,0.10166529605263158,-340.15167236328125,171.0651397705078,-103.15383911132812,15.138840675354004,35.17522048950195,-50.534950256347656,-17.343162536621094,-35.88085174560547,-54.67979049682617,10.590021133422852,-16.615707397460938,-54.975921630859375,0.4007657766342163,-0.05843934416770935,-30.0714168548584,-8.76000690460205,-10.228479385375977,-15.457338333129883,-4.195252895355225,-19.18779945373535,-16.630163192749023,-3.645265579223633,-17.285778045654297,-7.612297534942627,2.7567620277404785,-16.03586196899414,-4.790332317352295,8.952962875366211,-10.976667404174805,-7.7309465408325195
8_theo_28.wav,0.36029401421546936,0.020331108942627907,1618.2752784046006,1134.4773692157287,3053.1815378289475,0.11119962993421052,-433.2787170410156,148.76963806152344,-66.90098571777344,42.628517150878906,31.299358367919922,-64.7686538696289,-8.029328346252441,3.4001059532165527,-39.22068786621094,-9.04928207397461,-8.193796157836914,-20.170137405395508,7.423264503479004,-4.001185417175293,-10.567913055419922,11.99772834777832,-5.9420013427734375,-11.969768524169922,5.445785999298096,-11.135637283325195,-9.322061538696289,9.605090141296387,-5.304417610168457,-6.601632595062256,3.7488789558410645,-7.623310089111328,-3.9080939292907715,0.7922117114067078,-11.045149803161621,-3.6103150844573975
0_nicolas_47.wav,0.2789170444011688,0.03581349551677704,889.1713229428402,1073.8674878974678,2193.15673828125,0.0396484375,-386.00946044921875,210.8635711669922,-53.631370544433594,46.158267974853516,39.179264068603516,-39.229286193847656,19.53287124633789,7.232444763183594,-36.19233703613281,5.083279609680176,-8.978113174438477,-30.147659301757812,8.83232307434082,0.509496808052063,-9.09557819366455,14.861104965209961,-3.8082377910614014,-10.99345588684082,8.746493339538574,-4.801118850708008,-5.823250770568848,4.251208305358887,-11.759560585021973,-5.780896186828613,5.656746864318848,-8.524141311645508,-3.9310855865478516,3.6572518348693848,-3.8811066150665283,3.9011502265930176
2_nicolas_9.wav,0.3016326129436493,0.05239417031407356,1152.4059990740157,1027.637884188941,2190.3305053710938,0.068634033203125,-340.2687072753906,172.57333374023438,-46.16905975341797,33.87834167480469,30.21004295349121,-32.65367889404297,14.802091598510742,1.3043010234832764,-35.89116668701172,1.9471412897109985,-8.19694709777832,-28.453948974609375,5.8927459716796875,-0.4776313304901123,-13.467973709106445,8.7703857421875,-1.689743995666504,-9.225748062133789,6.544793605804443,-5.0334882736206055,-6.140570640563965,8.327118873596191,-2.9447121620178223,-2.7930908203125,7.77119779586792,-2.4555726051330566,-1.1457593441009521,4.826104164123535,-5.00755500793457,-1.7210323810577393
6_theo_43.wav,0.38273006677627563,0.00733054568991065,1621.82647819071,996.6441062753686,2765.749942555147,0.13485179227941177,-535.1173095703125,164.58644104003906,-74.62480926513672,26.308090209960938,35.040069580078125,-50.54429626464844,-8.600831985473633,-0.026050344109535217,-31.435184478759766,-0.996711254119873,-4.968456268310547,-19.71293830871582,7.896488666534424,0.8747749328613281,-8.716910362243652,7.23214054107666,-5.74302339553833,-7.460132122039795,5.377776622772217,-13.210034370422363,-13.263916969299316,2.751084327697754,-7.542827606201172,-4.048916339874268,4.906538486480713,-7.328821659088135,-1.6966615915298462,7.265249729156494,-1.8367280960083008,3.356315851211548
9_yweweler_11.wav,0.42223790287971497,0.008472052402794361,1088.019722108731,930.8382542638271,2107.420590049342,0.05864514802631579,-525.3976440429688,207.6685791015625,-62.319271087646484,4.866427898406982,23.30558204650879,-38.01823425292969,8.06247329711914,6.368626594543457,-33.715293884277344,6.488958835601807,9.082125663757324,-22.157161712646484,0.8978663086891174,1.8251222372055054,-16.822050094604492,-3.475787878036499,-7.712407112121582,-14.060657501220703,0.7772529125213623,-7.2089667320251465,-11.12427043914795,5.111989498138428,1.0525588989257812,-2.4438910484313965,1.9660943746566772,-9.036070823669434,-6.427847862243652,5.170997619628906,-3.392104387283325,-4.835351467132568
6_yweweler_29.wav,0.4474406838417053,0.007724255323410034,1412.5137640358487,1031.7060148131818,2708.876953125,0.10240885416666666,-535.068603515625,164.80003356933594,-61.340885162353516,28.12179946899414,39.11741638183594,-47.38716506958008,-3.944871187210083,18.402503967285156,-26.95558738708496,-14.175154685974121,-3.8870320320129395,-14.185518264770508,4.841555595397949,2.027421236038208,-9.27624797821045,6.191835403442383,3.015425205230713,-3.8464481830596924,5.430769443511963,-1.493694543838501,-4.153042316436768,1.7093344926834106,-8.802453994750977,-6.566755294799805,2.685838460922241,-7.823385715484619,-5.806760311126709,3.227956533432007,-6.534291744232178,-5.833257675170898
5_yweweler_22.wav,0.4763314723968506,0.007452108431607485,1226.4354579941269,893.8153218224478,2197.322944972826,0.09137228260869565,-532.6781005859375,201.27452087402344,-78.35725402832031,5.499152183532715,35.8351936340332,-37.90705490112305,2.4938066005706787,12.841397285461426,-25.204004287719727,7.464166164398193,13.443395614624023,-14.046117782592773,2.804142475128174,3.5592877864837646,-8.019135475158691,4.944523811340332,-3.156808376312256,-8.592018127441406,6.204392910003662,-4.546510696411133,-9.017498016357422,6.07614803314209,-3.115541934967041,-8.052206039428711,3.6582531929016113,-2.766263484954834,-5.967095851898193,1.978402018547058,-2.32600998878479,-4.113044738769531
5_yweweler_49.wav,0.522318422794342,0.006985901854932308,1129.1991888177097,929.4232680650524,2089.2333984375,0.07972935267857142,-549.271728515625,187.2125244140625,-61.31001663208008,7.211653232574463,32.75981140136719,-31.54840087890625,4.255049228668213,14.069596290588379,-21.87181282043457,4.672563076019287,13.077381134033203,-8.98972225189209,3.979546070098877,3.3061981201171875,-7.333993911743164,4.278159141540527,-2.4130358695983887,-8.316672325134277,5.071223735809326,-2.2731785774230957,-7.128864765167236,4.872138023376465,-1.7386068105697632,-6.6308913230896,1.478019118309021,-2.8168368339538574,-3.5494391918182373,2.0329740047454834,-2.818666696548462,-2.5584874153137207
3_lucas_35.wav,0.4814121723175049,0.03604109585285187,1304.6156003190283,994.4886676064895,2473.963165283203,0.08685302734375,-436.35009765625,151.0516815185547,-40.14561462402344,29.640247344970703,50.15652847290039,-28.860321044921875,-13.820703506469727,9.27117919921875,-16.068439483642578,-2.2203850746154785,7.2620062828063965,-12.032854080200195,-3.9245777130126953,1.516769528388977,-8.789838790893555,-0.3720095157623291,2.2344160079956055,-5.054103374481201,0.7247691750526428,-0.822180986404419,-6.775209426879883,-1.6697428226470947,-5.238275527954102,-10.470373153686523,-4.1741838455200195,-5.233519554138184,-8.044961929321289,-2.0161471366882324,-2.5711429119110107,-5.203969955444336
8_lucas_9.wav,0.4786352515220642,0.04753877967596054,1415.4824269899561,1001.49341142207,2596.623429008152,0.09986413043478261,-389.8465576171875,155.38119506835938,-49.38780212402344,41.75482177734375,56.04142379760742,-41.8986930847168,-19.91568946838379,8.250694274902344,-20.838594436645508,-5.201353549957275,4.592729091644287,-11.969503402709961,1.4757994413375854,5.477837085723877,-7.040277004241943,-2.401334285736084,-3.2853281497955322,-2.720426082611084,5.866346836090088,-4.3359198570251465,-7.954982757568359,2.6459407806396484,-4.879962921142578,-7.8250041007995605,2.463686943054199,-3.4491465091705322,-7.356913089752197,0.15715698897838593,-3.8797810077667236,-7.2758331298828125
8_jackson_38.wav,0.3893878757953644,0.09042653441429138,1649.1968021923014,1288.6409390270032,3060.94482421875,0.1047607421875,-314.14385986328125,135.4964141845703,-43.835227966308594,75.60103607177734,47.14902114868164,-63.1573371887207,-6.099699974060059,8.371100425720215,-39.269676208496094,-17.484474182128906,-16.13137435913086,-23.75434112548828,-0.07709704339504242,-15.017367362976074,-17.191213607788086,7.957147121429443,-12.162372589111328,-19.330875396728516,2.418318033218384,-7.2953314781188965,-9.253803253173828,0.35179927945137024,-10.95823860168457,-8.259675025939941,-5.890324592590332,-16.815263748168945,-2.976433753967285,1.0860319137573242,-16.252971649169922,-6.4917426109313965
6_nicolas_13.wav,0.46991387009620667,0.027418358251452446,1364.0901616727465,1192.1285866412384,2847.4072265625,0.07659505208333334,-368.75469970703125,188.15371704101562,-69.58638000488281,43.14281463623047,38.687889099121094,-49.6787109375,3.9204678535461426,3.7921788692474365,-32.58907699584961,4.9052958488464355,-5.989830017089844,-21.883207321166992,14.614665031433105,-0.5434007048606873,-16.091249465942383,11.99310302734375,1.9799120426177979,-6.867197513580322,9.204556465148926,-2.906052827835083,-5.429536819458008,5.263201713562012,-6.133531093597412,-2.077650785446167,6.582337856292725,-4.6434125900268555,0.8876358270645142,6.068697929382324,-4.288052082061768,2.504056692123413
0_theo_42.wav,0.31662726402282715,0.008974360302090645,1000.5854735816591,889.4505469680298,2033.349609375,0.047200520833333336,-501.2122497558594,194.71058654785156,-57.14253234863281,5.623749732971191,36.017459869384766,-27.618396759033203,-12.527573585510254,-11.078614234924316,-26.85760498046875,2.5062615871429443,-6.82086181640625,-24.179019927978516,1.0846351385116577,-4.741331577301025,-13.003148078918457,10.524110794067383,1.2872971296310425,-14.396512985229492,-5.279811859130859,-12.465794563293457,-13.736286163330078,-1.089617133140564,-8.797591209411621,-8.730695724487305,1.2881441116333008,-7.8139328956604,-8.481945037841797,-1.3893729448318481,-9.461251258850098,-8.612545013427734
7_lucas_47.wav,0.4358575940132141,0.04064897075295448,1244.2562046491778,926.1989537307182,2293.2861328125,0.10134055397727272,-386.04962158203125,166.44549560546875,-43.323001861572266,19.14611053466797,45.5738525390625,-27.52057456970215,-12.162903785705566,6.654108047485352,-27.199970245361328,-13.139627456665039,11.378328323364258,-4.373500347137451,-9.69605827331543,-0.9562103152275085,1.784112811088562,0.11164417862892151,-8.625284194946289,-6.722671031951904,2.7467424869537354,-3.777047634124756,-6.623576641082764,-0.9375640749931335,-6.5803728103637695,-6.108743190765381,0.16209234297275543,-7.297369003295898,-8.020832061767578,0.16605420410633087,-3.4243757724761963,-4.567860126495361
5_yweweler_30.wav,0.519524872303009,0.010874869301915169,1205.5572657998364,948.2643009692976,2268.1640625,0.08222113715277778,-501.8122253417969,196.08982849121094,-70.7906723022461,4.19599723815918,30.48079490661621,-39.09858322143555,1.0893185138702393,11.384915351867676,-27.725669860839844,2.253387928009033,11.29816722869873,-13.039764404296875,2.2444636821746826,3.0863215923309326,-7.894901752471924,3.124912738800049,-5.499327182769775,-9.342205047607422,6.355146408081055,-4.301336765289307,-8.280586242675781,5.926181793212891,-6.327021598815918,-10.962742805480957,3.14225697517395,-5.968522071838379,-9.950358390808105,2.5576157569885254,-3.010655403137207,-6.676022052764893
0_george_14.wav,0.23237556219100952,0.05503242835402489,1132.974640440713,939.7743990894575,2025.4669189453125,0.057047526041666664,-383.462158203125,156.5386199951172,-68.79052734375,22.92632484436035,35.013370513916016,-50.29597091674805,-19.154104232788086,-12.228253364562988,-42.971683502197266,-12.016093254089355,-16.924962997436523,-38.934471130371094,-7.643927097320557,-9.147635459899902,-27.435060501098633,-5.142563819885254,-3.2768287658691406,-13.758999824523926,-3.9460842609405518,-8.446770668029785,-10.18581485748291,-3.9452807903289795,-17.368799209594727,-14.704646110534668,1.1539627313613892,-8.621175765991211,-11.467673301696777,-1.7978954315185547,-8.351187705993652,-8.36383056640625
0_george_16.wav,0.23739653825759888,0.04276863858103752,1000.0653185777683,936.6122468858339,2010.2783203125,0.047119140625,-413.7921447753906,160.27554321289062,-58.7977294921875,19.313512802124023,31.153644561767578,-43.32543182373047,-16.022043228149414,-15.784502029418945,-42.825889587402344,-9.973954200744629,-18.382963180541992,-41.229766845703125,-7.877181053161621,-7.981738567352295,-25.969539642333984,-4.89432430267334,-5.260965824127197,-15.501551628112793,-4.675349712371826,-12.33600902557373,-14.79969596862793,-2.6049513816833496,-15.46007251739502,-17.813379287719727,0.2183336317539215,-5.887648105621338,-11.168794631958008,-1.4878989458084106,-5.5368146896362305,-6.88313627243042
4_nicolas_45.wav,0.34654897451400757,0.07504390180110931,794.0017260601253,847.4168252979377,1490.8154296875,0.04430338541666667,-321.48187255859375,190.54742431640625,-9.317780494689941,33.013912200927734,5.903069019317627,-59.26982498168945,-11.486867904663086,-8.748180389404297,-33.01807403564453,4.075109004974365,-0.7130998969078064,-17.47145652770996,9.609387397766113,0.03394804149866104,-11.993182182312012,10.149157524108887,0.8189409971237183,-7.604067802429199,8.217211723327637,-1.8766722679138184,-7.893786907196045,2.16937255859375,-7.029566287994385,-7.239475727081299,1.8857415914535522,-4.652620315551758,-0.43470558524131775,5.2817206382751465,-3.2451984882354736,2.3185365200042725
9_yweweler_47.wav,0.37721049785614014,0.0075500644743442535,976.0247848133911,925.463875991571,2017.321134868421,0.04710629111842105,-543.5906372070312,233.9574737548828,-70.74639129638672,17.872251510620117,34.08124923706055,-43.68940734863281,14.79406452178955,17.24485969543457,-34.87802505493164,1.0407558679580688,5.0814666748046875,-20.024850845336914,3.1703853607177734,-3.9431345462799072,-17.152021408081055,2.451032876968384,-7.746528148651123,-10.446952819824219,8.542709350585938,-8.047555923461914,-13.527559280395508,1.8739925622940063,-11.654529571533203,-12.398768424987793,2.8167271614074707,-6.9160943031311035,-7.01088285446167,2.221644163131714,-6.390142917633057,-4.529652118682861
6_george_5.wav,0.23820029199123383,0.03921477496623993,1817.4119194616908,1146.892431714207,3111.0992431640625,0.12443033854166667,-395.8821716308594,119.5348892211914,-82.47241973876953,30.92522621154785,38.99039077758789,-45.92376708984375,-11.2311372756958,-16.05571937561035,-43.53487014770508,-3.1676065921783447,-22.0660457611084,-46.38093948364258,0.533497154712677,-4.473018169403076,-31.01354217529297,-6.113613128662109,-5.335710048675537,-13.796082496643066,-0.17076276242733002,-10.37015438079834,-11.246472358703613,4.155214786529541,-9.061685562133789,-10.279873847961426,3.7610867023468018,-8.024481773376465,-9.197636604309082,2.3682210445404053,-6.434972763061523,-7.320423603057861
6_jackson_28.wav,0.32667937874794006,0.06910403072834015,1557.6906935848654,1143.0569763019105,2870.83740234375,0.14069475446428573,-357.2082214355469,118.56293487548828,-36.605228424072266,17.836820602416992,24.286611557006836,-27.33499526977539,-13.374606132507324,-14.944236755371094,-20.342025756835938,4.812492370605469,-8.6666898727417,-17.72420883178711,4.956230163574219,-2.2704453468322754,-6.985196113586426,-0.6594054102897644,-18.13089942932129,-10.972334861755371,3.54219126701355,-18.783618927001953,-15.52680778503418,2.859724521636963,-14.059428215026855,-12.812704086303711,3.1687545776367188,-9.50598430633545,-8.757627487182617,4.254542827606201,-3.1818549633026123,-2.0672247409820557
7_lucas_13.wav,0.5393896698951721,0.037462152540683746,1200.9061307262095,1004.2945258951752,2539.302978515625,0.08369140625,-394.18316650390625,183.60084533691406,-50.725547790527344,30.240924835205078,51.20166015625,-30.544958114624023,-4.805739402770996,6.37994909286499,-31.043743133544922,-7.189113616943359,9.737887382507324,-6.305303573608398,-1.7211143970489502,-2.476591110229492,-0.8008798360824585,8.640508651733398,-9.372719764709473,-13.7754545211792,5.273892402648926,-2.209636688232422,-9.596047401428223,-2.7654335498809814,-10.368189811706543,-8.640375137329102,1.087071418762207,-6.52172327041626,-6.069956302642822,0.4684078097343445,-4.436812877655029,0.5306031107902527
5_lucas_40.wav,0.517586886882782,0.07086088508367538,1294.7970309210798,903.3255500182706,2296.5629245923915,0.09956691576086957,-338.0992126464844,184.8917999267578,-63.76393127441406,4.871014595031738,39.3144645690918,-31.90053367614746,-7.6110615730285645,12.500055313110352,-18.43859100341797,0.3411312997341156,13.777839660644531,-4.202206611633301,-0.07697486877441406,-3.8641281127929688,-9.803707122802734,5.380638599395752,-3.1698572635650635,-14.132235527038574,4.1150383949279785,3.3714513778686523,-8.914911270141602,-0.7795791625976562,-1.4304348230361938,-7.369145393371582,-0.6987033486366272,-1.934906005859375,-4.094700813293457,1.5154110193252563,-3.4582571983337402,-7.836918830871582
0_lucas_37.wav,0.4464581310749054,0.037457335740327835,1102.3062495183813,857.1635864140889,2066.3592998798076,0.08030348557692307,-406.9319763183594,201.54898071289062,-44.79444885253906,17.476776123046875,47.62110137939453,-22.34117317199707,-4.655844688415527,5.422846794128418,-23.662324905395508,-2.741849422454834,1.5709738731384277,-17.80018424987793,1.9270848035812378,6.967619895935059,-10.320100784301758,-3.1782100200653076,0.06556470692157745,-4.16454553604126,0.9246691465377808,-4.989563465118408,-6.181228160858154,3.3662607669830322,-4.829535961151123,-9.416600227355957,1.151416301727295,-2.265469551086426,-7.284557819366455,-1.0246541500091553,-2.2569656372070312,-4.367452144622803
0_george_11.wav,0.25517070293426514,0.041261203587055206,1196.8562686010434,1029.4125614239924,2359.500732421875,0.062451171875,-391.9167785644531,167.92355346679688,-78.19080352783203,22.16074562072754,34.863094329833984,-50.19382095336914,-13.6555814743042,-14.363290786743164,-45.287628173828125,-7.536406517028809,-20.10982322692871,-42.4151725769043,-2.7143118381500244,-9.120805740356445,-28.459604263305664,-0.18521416187286377,-2.8285346031188965,-15.62980842590332,-3.1953303813934326,-12.44245433807373,-15.816993713378906,-4.5127129554748535,-16.27743911743164,-14.998812675476074,-1.3847906589508057,-10.536568641662598,-9.121599197387695,0.8745614290237427,-5.911425590515137,-4.031405448913574
5_jackson_49.wav,0.41635486483573914,0.08843561261892319,961.2485707474162,826.3051164362126,1589.35546875,0.062337239583333336,-279.9809265136719,232.85723876953125,-61.667701721191406,-2.545689821243286,11.126708984375,-47.79434585571289,-3.895169496536255,-8.960582733154297,-35.520896911621094,9.712007522583008,6.949372291564941,-17.74020004272461,-1.3435341119766235,-10.98705768585205,-13.9794282913208,-0.6633676290512085,-20.320175170898438,-13.797405242919922,4.766661643981934,-19.871585845947266,-16.706554412841797,4.91771125793457,-11.43362045288086,-10.004877090454102,2.081026792526245,-12.4004487991333,-7.525361061096191,1.0598623752593994,-12.450004577636719,-8.173832893371582
7_theo_28.wav,0.2533820569515228,0.003566001309081912,948.8381120767542,913.7299558818037,1906.76513671875,0.047802734375,-614.262451171875,227.87045288085938,-67.13422393798828,25.218379974365234,39.50140380859375,-42.96540451049805,-1.3886003494262695,2.166001081466675,-28.659759521484375,9.796403884887695,3.9179306030273438,-20.634672164916992,3.8465404510498047,0.8798415064811707,-3.9640698432922363,8.209187507629395,-14.48900318145752,-16.16736602783203,3.009140729904175,-15.57519245147705,-15.519640922546387,2.4965929985046387,-10.139683723449707,-5.848614692687988,6.99395751953125,-8.696945190429688,-7.614676475524902,3.1373672485351562,-4.602320194244385,-2.134925603866577
3_jackson_49.wav,0.25958192348480225,0.08493909984827042,992.7622914601126,1079.6512298361035,2305.457073709239,0.03955078125,-326.6756896972656,185.21783447265625,-48.8235969543457,52.6577262878418,52.03956604003906,-39.129024505615234,-6.803327560424805,-12.125295639038086,-41.739723205566406,-1.328681230545044,-12.784250259399414,-38.45966339111328,-5.740002155303955,-4.589810371398926,-11.817115783691406,6.388233184814453,-4.714131832122803,-8.306497573852539,1.232614278793335,-14.68877124786377,-8.185855865478516,2.9365837574005127,-20.42817497253418,-17.282421112060547,-1.3842865228652954,-15.82965087890625,-13.16427993774414,-2.054260492324829,-12.559501647949219,-9.477214813232422
0_theo_14.wav,0.37887218594551086,0.0044067539274692535,1064.9417571537465,983.8387146221982,2231.378173828125,0.04534912109375,-581.0979614257812,216.51931762695312,-64.9420166015625,29.695354461669922,48.36425018310547,-32.21651077270508,-4.137420177459717,-15.921487808227539,-34.564720153808594,14.501129150390625,-5.028501510620117,-28.81240463256836,9.742637634277344,-0.26295459270477295,-11.779088020324707,14.020975112915039,-2.923391819000244,-14.58335018157959,-0.08710819482803345,-14.66394329071045,-11.446159362792969,4.990480422973633,-12.812174797058105,-11.560856819152832,2.7047557830810547,-11.486427307128906,-8.823055267333984,4.824578285217285,-3.7630136013031006,-4.2010016441345215
4_george_14.wav,0.2914354205131531,0.06849069893360138,1031.8838328065015,825.5914425418414,1781.103515625,0.0595703125,-358.5715026855469,148.54949951171875,-48.611385345458984,-7.685671806335449,12.983299255371094,-40.655479431152344,-22.180376052856445,-10.88097858428955,-37.65504837036133,-22.213130950927734,-13.258661270141602,-26.04108238220215,-8.762889862060547,-4.220211029052734,-20.505720138549805,-8.884370803833008,-0.27568918466567993,-12.152195930480957,-11.345638275146484,-8.707880020141602,-12.759765625,-9.610574722290039,-9.447661399841309,-10.043562889099121,-3.0677177906036377,-3.0845677852630615,-6.726261615753174,-3.121610641479492,-0.7005718946456909,-0.16369964182376862
4_lucas_43.wav,0.4935879409313202,0.06623512506484985,1025.5799233964206,806.6400874234807,1700.26171875,0.0737890625,-346.7188415527344,189.6185302734375,-25.144243240356445,12.279570579528809,13.916940689086914,-51.204345703125,-9.269227981567383,21.819164276123047,-12.394672393798828,-4.653992176055908,9.194719314575195,-4.678439140319824,-1.976863980293274,-0.963965892791748,-3.1639537811279297,5.268014430999756,-4.422546863555908,-11.342090606689453,0.23344530165195465,-7.281707763671875,-13.294085502624512,1.372275710105896,-1.3346236944198608,-8.165118217468262,1.369787335395813,-2.0314688682556152,-9.309225082397461,-2.517976999282837,-2.831092119216919,-5.793302536010742
4_yweweler_49.wav,0.3470822870731354,0.01583683304488659,839.6085040876437,720.3368469957425,1234.7946166992188,0.05438232421875,-502.25604248046875,220.59909057617188,-35.16735076904297,-9.375261306762695,-2.2904603481292725,-52.512516021728516,-1.066864013671875,18.614160537719727,-21.473237991333008,-6.965849876403809,-0.3289828300476074,-20.4918270111084,-3.6681113243103027,4.446353912353516,-7.770199775695801,-1.3546695709228516,-2.133711338043213,-7.369980812072754,-1.1184147596359253,-8.084640502929688,-12.259988784790039,-3.237457036972046,-7.102027416229248,-7.838625907897949,0.25020748376846313,-5.118752479553223,-6.378189563751221,-0.09728270769119263,-5.28334379196167,-6.340794563293457
7_jackson_21.wav,0.30132943391799927,0.05926692858338356,1076.2514833534194,875.996166781522,1723.124363111413,0.08162788722826086,-358.3828430175781,195.31373596191406,-28.8536376953125,10.60792350769043,13.572822570800781,-42.08606719970703,-12.737417221069336,-7.913292407989502,-28.37299919128418,0.6120188236236572,3.832667112350464,-16.584152221679688,-9.966757774353027,-5.121994495391846,3.5127012729644775,5.976828098297119,-16.962255477905273,-11.40675163269043,5.319733619689941,-14.571937561035156,-16.412059783935547,-0.5849770903587341,-13.393510818481445,-14.447792053222656,-0.8547189235687256,-9.066497802734375,-9.977343559265137,-1.7243754863739014,-7.750826835632324,-7.009818077087402
3_theo_12.wav,0.2961607575416565,0.0037920379545539618,1011.1777852713298,1027.9301679731489,2274.444580078125,0.037923177083333336,-612.8867797851562,206.6630401611328,-61.27865219116211,48.70762634277344,60.21086502075195,-36.47434616088867,-6.598762512207031,2.715243101119995,-20.399229049682617,-0.37150129675865173,-15.53033447265625,-22.28510093688965,6.757654190063477,-7.288383960723877,-10.808891296386719,10.790501594543457,-9.229082107543945,-13.451201438903809,4.850719928741455,-11.615399360656738,-12.114036560058594,2.8863162994384766,-11.224627494812012,-10.291116714477539,-0.35843372344970703,-11.950444221496582,-5.855040073394775,4.657886028289795,-4.441629886627197,-1.0685429573059082
7_jackson_46.wav,0.4285227358341217,0.06028318405151367,1017.3292160246313,910.8714279784542,1995.9228515625,0.06454613095238096,-311.1196594238281,205.6048126220703,-49.94563674926758,11.071239471435547,31.125703811645508,-35.6668701171875,-11.850306510925293,-9.871208190917969,-37.830169677734375,-2.904233932495117,10.49006462097168,-13.596793174743652,-11.285635948181152,-4.555077075958252,-2.374143600463867,-7.259369850158691,-22.354537963867188,-10.267280578613281,1.5483551025390625,-14.888134002685547,-10.427745819091797,-1.672146201133728,-14.442734718322754,-5.253842353820801,2.137298107147217,-17.13533592224121,-12.575528144836426,0.9853147864341736,-8.160870552062988,-7.048791885375977
9_george_36.wav,0.30376186966896057,0.04414837062358856,1427.2935168046297,1055.6831334127573,2484.6923828125,0.08040364583333333,-344.447509765625,184.61041259765625,-106.54179382324219,9.42149829864502,34.069854736328125,-48.841922760009766,-8.057151794433594,-12.658086776733398,-39.16143798828125,8.37895393371582,-10.067333221435547,-34.77655792236328,7.809863567352295,-7.64847469329834,-32.22648620605469,-4.149467468261719,-13.377963066101074,-24.33816146850586,-4.087881088256836,-12.736735343933105,-15.25686264038086,-4.305187702178955,-16.568721771240234,-8.407309532165527,3.209533214569092,-15.771793365478516,-10.383265495300293,3.9264912605285645,-8.94498348236084,-5.876796245574951
8_lucas_21.wav,0.43914011120796204,0.028154969215393066,1693.1615126668187,1027.745781211881,2789.9390435987902,0.1272523941532258,-459.5438537597656,111.72856903076172,-46.874942779541016,32.2863655090332,43.5326042175293,-35.36396408081055,-11.42995834350586,15.114151954650879,-13.49437141418457,-6.911452293395996,2.4144277572631836,-6.634150505065918,1.540625810623169,-1.0662071704864502,-6.455319404602051,5.603365898132324,-0.761160671710968,-8.804615020751953,2.624476432800293,-1.3234269618988037,-7.538639068603516,1.8562767505645752,-1.1285901069641113,-5.476675033569336,0.6912634968757629,-3.889972448348999,-6.114437580108643,1.352920651435852,-1.6243318319320679,-3.890846014022827
1_theo_18.wav,0.30807140469551086,0.005886568687856197,780.4032149529013,826.3499404225156,1353.36181640625,0.03544921875,-572.1551513671875,242.7440185546875,-52.44679641723633,14.345510482788086,22.043025970458984,-48.697242736816406,8.32525634765625,15.11829948425293,-32.12703323364258,1.8210369348526,7.084432125091553,-22.713655471801758,-5.1828813552856445,-5.6274566650390625,-13.326601028442383,6.362192153930664,-7.974639892578125,-25.233104705810547,-9.509455680847168,-10.81227970123291,-10.411567687988281,3.3495001792907715,-7.741747856140137,-10.971012115478516,3.5264995098114014,-3.7018299102783203,-8.661191940307617,1.345578908920288,-0.9182941317558289,-3.7699317932128906
4_theo_33.wav,0.3100038170814514,0.003954769112169743,765.1615685593771,709.6349597124056,1212.78076171875,0.042759486607142856,-603.3671875,248.2003936767578,-36.938804626464844,0.318338543176651,6.035950660705566,-40.054996490478516,7.444775104522705,7.526034832000732,-21.46156120300293,6.503289222717285,-4.578882694244385,-21.437002182006836,7.139372825622559,-1.3375301361083984,-12.391611099243164,9.88072681427002,-0.8879128694534302,-12.566657066345215,0.12350431829690933,-10.020195960998535,-14.0723876953125,-2.339341640472412,-9.41279411315918,-7.487326622009277,0.6410242319107056,-9.68956470489502,-6.9228901863098145,2.1530022621154785,-3.1964356899261475,1.4586026668548584
9_theo_46.wav,0.3031488060951233,0.004028790630400181,954.4642913936801,981.6892623171946,2012.7211626838234,0.038832720588235295,-581.8580322265625,219.45449829101562,-65.38386535644531,21.766801834106445,36.370201110839844,-45.330543518066406,-4.034847259521484,9.058526039123535,-19.44580841064453,7.609867095947266,-1.2122892141342163,-21.362071990966797,1.9710637331008911,-2.3351986408233643,-7.629778861999512,4.052102565765381,-16.466310501098633,-18.162349700927734,-0.2454214096069336,-15.437339782714844,-11.18719482421875,8.849512100219727,-5.552987098693848,-8.247993469238281,0.8835222721099854,-11.21427059173584,-7.350271224975586,2.623149871826172,-6.708343505859375,-4.727962493896484
8_yweweler_7.wav,0.38435471057891846,0.007769415620714426,1439.1072024425869,1167.578674377726,2800.213623046875,0.0821533203125,-536.8676147460938,197.6309356689453,-76.85567474365234,47.31594467163086,49.668548583984375,-64.16486358642578,-7.233426570892334,13.0308256149292,-34.220211029052734,-4.636835098266602,-5.398507595062256,-25.414400100708008,4.725382328033447,-4.460207462310791,-18.02419662475586,7.868018627166748,-2.6961402893066406,-11.879040718078613,6.530917644500732,-4.131285667419434,-6.510830402374268,5.164309978485107,-8.575129508972168,-4.380034446716309,5.55206298828125,-12.910686492919922,-8.440009117126465,4.309816837310791,-9.853713035583496,-7.094879627227783
2_lucas_7.wav,0.4825232923030853,0.031169598922133446,1205.8864077223116,921.5313464157116,2233.30078125,0.07393973214285714,-445.3503112792969,171.17910766601562,-43.50993347167969,23.18645477294922,55.025634765625,-16.383886337280273,-8.508193969726562,2.255417585372925,-21.223793029785156,0.4042355716228485,8.122113227844238,-12.916887283325195,-3.6489338874816895,-1.06992769241333,-8.51357650756836,7.3408355712890625,5.66398286819458,-9.340617179870605,-0.436117023229599,1.805548906326294,-7.141139984130859,-3.5300509929656982,-4.250486850738525,-7.119879722595215,-1.461625099182129,-4.9435577392578125,-8.82304573059082,-1.7370256185531616,-2.2016255855560303,-6.154002666473389
4_yweweler_44.wav,0.3894052803516388,0.01011387724429369,757.9572960067596,676.0279973533825,1197.784423828125,0.05108642578125,-529.9200439453125,227.07098388671875,-20.69969940185547,1.9632878303527832,-1.9267480373382568,-52.33864212036133,1.3929742574691772,16.061946868896484,-19.87356948852539,2.0923147201538086,2.603627920150757,-20.956932067871094,0.6026394367218018,5.842159271240234,-8.091801643371582,3.6456298828125,0.6123235821723938,-8.817620277404785,1.78206467628479,-2.615389823913574,-8.511672019958496,0.6162025928497314,-4.323990821838379,-6.757605075836182,1.6077160835266113,-5.366570949554443,-8.078920364379883,0.8818458318710327,-2.068037986755371,-3.2500486373901367
5_theo_8.wav,0.3793322741985321,0.00526175182312727,1079.7849018091038,845.1938846758661,1921.4794921875,0.0732421875,-535.5758666992188,239.16876220703125,-89.30706024169922,-7.487233638763428,24.90485191345215,-42.064571380615234,0.4449237287044525,6.43173885345459,-16.599010467529297,19.916276931762695,9.101985931396484,-15.31222915649414,-0.24134597182273865,-14.979890823364258,-12.129151344299316,11.83848762512207,-15.286849021911621,-19.118432998657227,7.118326663970947,-14.621251106262207,-18.262418746948242,8.548911094665527,-4.539351940155029,-11.334711074829102,2.8415465354919434,-5.051409721374512,-3.1330883502960205,6.215784549713135,-5.098180294036865,-6.593792915344238
4_george_5.wav,0.25852257013320923,0.09796350449323654,1142.8137641532692,881.1727646530142,1802.1240234375,0.06954520089285714,-334.19537353515625,150.48326110839844,-61.16920852661133,-11.857071876525879,9.286724090576172,-42.666072845458984,-15.490863800048828,-12.963432312011719,-47.16837692260742,-20.140727996826172,-10.246417999267578,-34.313507080078125,-13.943700790405273,2.0669522285461426,-12.022863388061523,-5.673892498016357,0.31703487038612366,-9.308727264404297,-9.31696605682373,-9.455196380615234,-10.896077156066895,-7.092057228088379,-10.464805603027344,-9.07907485961914,0.1572757065296173,-2.685750961303711,-6.239455223083496,-1.5727571249008179,-0.7977083325386047,0.4407613277435303
7_jackson_20.wav,0.3329067826271057,0.06792430579662323,771.4700633082361,770.0596535648308,1246.7724609375,0.05224609375,-337.9759826660156,205.35794067382812,-16.286855697631836,10.691434860229492,12.090285301208496,-39.90554428100586,-15.887173652648926,-13.653491020202637,-32.96052551269531,-2.0361270904541016,7.243549346923828,-12.716062545776367,-12.87377643585205,-8.762994766235352,3.3579883575439453,6.606576442718506,-17.019535064697266,-12.81065845489502,4.680016040802002,-12.015417098999023,-13.428461074829102,0.7652133703231812,-13.61341381072998,-15.449872970581055,0.15144693851470947,-8.617242813110352,-13.855239868164062,-4.08050537109375,-6.738909721374512,-8.616832733154297
9_theo_48.wav,0.3006514310836792,0.004318508785218,949.4464041575524,873.4433954372691,1818.9890008223683,0.05067845394736842,-570.7684936523438,222.58067321777344,-71.17178344726562,9.57481575012207,37.841346740722656,-39.75898361206055,-2.5159714221954346,10.034144401550293,-20.777631759643555,7.699629783630371,2.0567820072174072,-24.396591186523438,-2.5926918983459473,-1.9076662063598633,-12.691062927246094,-3.7132768630981445,-15.291950225830078,-15.517324447631836,-0.8004654049873352,-14.032366752624512,-13.926213264465332,0.04801064357161522,-9.370820045471191,-5.628258228302002,3.1302905082702637,-11.020801544189453,-8.013379096984863,2.859156370162964,-5.241024017333984,-3.1918933391571045
3_yweweler_30.wav,0.3887094259262085,0.009338585659861565,1378.8390106791678,1109.095087168307,2762.2314453125,0.0827365451388889,-532.3287353515625,171.07693481445312,-53.27267837524414,38.12370300292969,39.934173583984375,-47.00541687011719,4.237833023071289,17.1391544342041,-35.37958526611328,-10.627392768859863,-1.1524415016174316,-23.858060836791992,-1.493194341659546,-1.5818263292312622,-17.871871948242188,3.2196240425109863,2.4571385383605957,-9.78585147857666,6.4724345207214355,3.0232388973236084,-9.626776695251465,-1.0827263593673706,-4.581262111663818,-10.066204071044922,-1.5296406745910645,-2.5177903175354004,-2.0715103149414062,2.592664957046509,-4.320233345031738,-4.02885103225708
1_jackson_41.wav,0.26065483689308167,0.07994676381349564,709.2116208340708,832.2321852954834,1367.3583984375,0.034342447916666664,-354.1026916503906,208.81387329101562,-12.894343376159668,28.716703414916992,17.10710334777832,-33.13676071166992,9.511788368225098,-6.476629734039307,-38.388031005859375,1.943900227546692,-2.41178297996521,-21.539859771728516,2.5070314407348633,-8.338529586791992,-19.210779190063477,-1.3419175148010254,-15.51270866394043,-19.92568588256836,-0.3994358777999878,-9.355757713317871,-10.37083625793457,-1.0293787717819214,-16.65461540222168,-15.273930549621582,-4.060642719268799,-16.413461685180664,-12.173473358154297,1.233839511871338,-7.596162796020508,-8.496383666992188
0_nicolas_34.wav,0.26669418811798096,0.04337469860911369,917.3264452476134,1075.676043172862,2239.453125,0.03357651654411765,-372.68768310546875,206.10916137695312,-51.80366516113281,48.188262939453125,45.18119812011719,-36.76789474487305,8.612432479858398,-3.9558348655700684,-35.67667770385742,12.263580322265625,-2.0202043056488037,-27.199695587158203,8.160704612731934,-1.4064315557479858,-13.916629791259766,9.816545486450195,-2.1768226623535156,-5.7739105224609375,11.294464111328125,-3.5776686668395996,-4.803971290588379,5.123203277587891,-10.582253456115723,-8.021324157714844,1.4402666091918945,-6.618200778961182,2.5032286643981934,5.840808868408203,-7.168834209442139,0.980255663394928
0_jackson_20.wav,0.31432560086250305,0.10767651349306107,688.7662178755511,722.97666300843,1284.814453125,0.03759765625,-315.7895202636719,185.45513916015625,6.611371994018555,7.104607582092285,12.868636131286621,-22.726591110229492,-19.734560012817383,-21.609745025634766,-23.72629165649414,-4.180873870849609,-13.304364204406738,-20.095170974731445,3.3108861446380615,1.2760882377624512,-9.546764373779297,-0.2196357548236847,-3.9612417221069336,-6.546907901763916,0.824406087398529,-11.43271541595459,-16.37212371826172,-4.138235092163086,-10.315889358520508,-15.462593078613281,-5.0765767097473145,-5.854152679443359,-7.563565254211426,-2.548042058944702,-7.3973774909973145,-9.744763374328613
1_yweweler_27.wav,0.3873179852962494,0.010965744033455849,963.3225324640066,884.880844885981,1863.4502704326924,0.04957932692307692,-527.0286254882812,212.3773651123047,-44.05669403076172,4.781768321990967,14.620820999145508,-45.36323547363281,6.614267826080322,17.45171356201172,-31.200803756713867,-3.314094305038452,12.071431159973145,-16.434932708740234,-3.9775540828704834,3.363213539123535,-11.091715812683105,-3.0070958137512207,-5.429549694061279,-14.168766975402832,-1.5752190351486206,-2.6911725997924805,-10.888564109802246,-4.692500114440918,-7.756171226501465,-9.175182342529297,0.20133282244205475,-2.7961626052856445,-4.812384128570557,0.3776494860649109,-4.892927169799805,-5.552261829376221
7_theo_17.wav,0.4819908142089844,0.002559838118031621,1163.4488720734494,1024.0862223506685,2408.9274088541665,0.07703993055555555,-607.3182983398438,196.17672729492188,-59.24159240722656,20.99993896484375,34.861083984375,-34.44867706298828,5.310327053070068,7.397000789642334,-23.50543975830078,11.200200080871582,7.681210994720459,-16.675376892089844,3.9839956760406494,0.8427735567092896,-7.481110572814941,4.9409098625183105,-9.060554504394531,-10.520224571228027,6.22156286239624,-7.410146713256836,-9.624932289123535,2.9867441654205322,-6.421485424041748,-1.8896574974060059,7.16145658493042,-6.338782787322998,-2.32493257522583,6.6365180015563965,-4.0685272216796875,-1.0406943559646606
1_theo_19.wav,0.35913053154945374,0.005127680953592062,767.0125543788894,740.7704224066598,1246.7724609375,0.045149739583333334,-588.2207641601562,244.5020294189453,-46.48311233520508,13.084285736083984,17.345252990722656,-50.69118118286133,7.144900321960449,12.388910293579102,-32.410011291503906,1.8163666725158691,4.9318437576293945,-21.48906898498535,-3.122279167175293,-6.8629961013793945,-14.827142715454102,3.497333526611328,-8.364336967468262,-15.375489234924316,0.3670925796031952,-10.053807258605957,-11.74847412109375,1.5590649843215942,-8.514013290405273,-5.975521564483643,5.448119640350342,-9.169882774353027,-12.281389236450195,-0.7292736172676086,-3.400517225265503,-2.336815357208252
0_jackson_27.wav,0.35521596670150757,0.07501814514398575,794.8253584814905,793.3514282467355,1503.47900390625,0.04314313616071429,-326.0436096191406,218.24668884277344,-28.86004066467285,11.348944664001465,31.108318328857422,-27.96132469177246,-20.031198501586914,-19.510299682617188,-20.542455673217773,8.39924430847168,-13.330039978027344,-27.80636215209961,3.633131265640259,-8.09662914276123,-19.418628692626953,4.171265125274658,-9.798710823059082,-17.929058074951172,5.4779558181762695,-7.7154951095581055,-17.602468490600586,1.7865755558013916,-8.764312744140625,-18.05894660949707,-1.9208365678787231,-7.171064853668213,-12.548484802246094,-1.538549542427063,-6.763096809387207,-8.346327781677246
5_lucas_7.wav,0.5156986713409424,0.06826240569353104,1283.2432099892687,871.960765326459,2246.2320963541665,0.09997106481481481,-341.4541320800781,184.05984497070312,-63.47161102294922,-1.7159842252731323,34.32912063598633,-35.19550323486328,-14.540702819824219,7.7588887214660645,-20.708036422729492,-2.6305720806121826,13.299919128417969,-5.214221477508545,-3.726863145828247,-4.602120876312256,-9.725140571594238,3.38250470161438,-3.2629740238189697,-14.781785011291504,-0.5168532133102417,-1.9336193799972534,-14.227639198303223,-5.429964065551758,-3.064779758453369,-9.16655445098877,-4.276068687438965,-4.530612945556641,-6.671886444091797,-1.7280335426330566,-4.93208646774292,-7.897219657897949
3_nicolas_31.wav,0.37456879019737244,0.0203738771378994,1395.872429564985,1223.6312392337911,2898.700420673077,0.07004957932692307,-396.8455810546875,196.38589477539062,-83.33256530761719,45.94924545288086,45.02003860473633,-42.88408660888672,16.48824691772461,6.113934516906738,-33.16995620727539,15.571793556213379,-0.52339768409729,-26.46551513671875,11.526789665222168,-1.0532830953598022,-10.993356704711914,17.462753295898438,-2.325270652770996,-10.615345001220703,11.080438613891602,-5.40241003036499,-9.83762264251709,3.851212501525879,-7.372870922088623,-2.3604073524475098,5.8140869140625,-7.240534782409668,-0.02250942774116993,5.398758888244629,-6.86914587020874,-0.8744374513626099
1_nicolas_38.wav,0.43981248140335083,0.04036443307995796,987.0483582363637,990.0549684720411,1998.74267578125,0.051967075892857144,-349.400634765625,221.39585876464844,-54.25634002685547,24.782115936279297,25.487300872802734,-40.1866569519043,15.343428611755371,3.1035969257354736,-32.57581329345703,14.130395889282227,2.3289530277252197,-22.785600662231445,9.657782554626465,-1.4271477460861206,-13.150174140930176,10.384679794311523,-6.568930625915527,-12.590340614318848,9.545382499694824,-4.738021373748779,-8.87082576751709,5.590769290924072,-6.542732238769531,-6.356638431549072,2.8343544006347656,-6.007252216339111,0.3577522933483124,5.454967498779297,-5.827789306640625,-0.24751348793506622
5_yweweler_42.wav,0.4557647407054901,0.005276775918900967,1233.9283211170716,847.2754770855737,1969.775390625,0.0947265625,-569.0643310546875,195.7757110595703,-59.19184112548828,1.4108482599258423,16.60536766052246,-46.49146270751953,-0.9787814021110535,12.540473937988281,-21.959693908691406,4.094731330871582,8.933067321777344,-9.319680213928223,8.23151683807373,3.335028886795044,-9.558781623840332,2.0764334201812744,-5.744856357574463,-6.745866298675537,7.13925313949585,-7.63739013671875,-9.258963584899902,6.957892417907715,-7.530971527099609,-11.07267951965332,5.656486988067627,-3.8436646461486816,-8.89879322052002,2.5721893310546875,-2.7754712104797363,-5.337056636810303
4_jackson_40.wav,0.3520621061325073,0.09090271592140198,751.7696305479714,731.4766858909437,1285.3271484375,0.048014322916666664,-311.79852294921875,215.9002685546875,-9.810662269592285,-12.121284484863281,-1.314966082572937,-25.282339096069336,-5.657203197479248,-11.451261520385742,-20.831052780151367,-2.2065038681030273,-15.023235321044922,-15.842018127441406,7.690234184265137,-10.847793579101562,-15.710237503051758,11.111894607543945,-5.51709508895874,-20.389984130859375,-2.355604887008667,-12.781088829040527,-22.233596801757812,-4.998239994049072,-9.76406478881836,-16.533573150634766,-4.983656883239746,-8.08726692199707,-9.996271133422852,-1.020410418510437,-5.301053524017334,-5.766225337982178
5_theo_36.wav,0.5723403096199036,0.0014004639815539122,1396.0721973882657,1050.318806076769,2691.8896484375,0.11666666666666667,-660.961181640625,197.44442749023438,-77.22254943847656,18.71534538269043,37.45732879638672,-35.79719543457031,13.370518684387207,14.309760093688965,-22.448711395263672,13.7381010055542,7.605651378631592,-15.310401916503906,9.397784233093262,-0.284684956073761,-9.638833045959473,9.542019844055176,-6.757064342498779,-11.221967697143555,7.325470447540283,-6.947601318359375,-7.504182815551758,7.18059778213501,-7.033369064331055,-6.349189758300781,5.209616661071777,-5.080333232879639,-2.1544976234436035,3.809422492980957,-4.834813594818115,0.926574170589447
4_yweweler_47.wav,0.4664081633090973,0.011904973536729813,899.1207865525801,750.9957516388201,1455.5099487304688,0.055267333984375,-522.7620849609375,194.0924072265625,-19.90532684326172,-7.283621788024902,-9.33826732635498,-46.626243591308594,3.0633721351623535,17.003345489501953,-17.897563934326172,-2.393578290939331,2.5833401679992676,-14.434720039367676,2.3364040851593018,6.149412631988525,-7.450122356414795,-0.20962238311767578,-2.2829227447509766,-8.220626831054688,1.0865254402160645,-4.494429111480713,-10.055488586425781,0.025269687175750732,-4.240171909332275,-7.693436622619629,2.0516855716705322,-2.6928892135620117,-6.840147018432617,1.5926532745361328,-1.8723883628845215,-6.216263294219971
3_lucas_25.wav,0.495586633682251,0.030350644141435623,1224.612511871599,1021.9356091688617,2437.7669795866937,0.08371660786290322,-467.5138244628906,156.2982177734375,-36.0771484375,37.92811965942383,52.312652587890625,-29.135164260864258,-8.648637771606445,12.043465614318848,-17.051372528076172,-4.440708160400391,2.2334229946136475,-11.686126708984375,2.016544818878174,1.3538700342178345,-10.442925453186035,2.189775228500366,1.4189140796661377,-6.884974956512451,2.1847026348114014,-1.7551369667053223,-8.061502456665039,0.15357857942581177,-4.023478984832764,-7.604062557220459,0.9706056714057922,-3.691690683364868,-8.191556930541992,-1.2806391716003418,-4.0984272956848145,-6.351088523864746
5_jackson_35.wav,0.30487242341041565,0.07037018239498138,1062.1448726457402,845.6532339891919,1923.8217002467106,0.06465871710526316,-292.34674072265625,218.3062286376953,-70.61700439453125,-8.296080589294434,8.268406867980957,-58.7426643371582,-11.37856388092041,4.255425930023193,-29.464868545532227,-2.138036012649536,5.50065803527832,-12.228097915649414,-3.2299094200134277,-11.7775239944458,-15.957350730895996,-3.3639893531799316,-15.796582221984863,-11.055315017700195,7.282466888427734,-9.84338665008545,-11.998812675476074,4.439478874206543,-7.365644931793213,-10.699362754821777,-2.172503709793091,-11.812566757202148,-10.610466957092285,-2.624785900115967,-6.804588794708252,-2.5121357440948486
3_jackson_36.wav,0.25189733505249023,0.08826308697462082,908.8393238138655,1054.5680330982284,2270.816703464674,0.03823454483695652,-333.6709899902344,181.68809509277344,-42.776241302490234,50.08547592163086,51.46479415893555,-31.67887306213379,-0.9859528541564941,-8.698755264282227,-38.620849609375,-1.93928861618042,-13.265948295593262,-34.820430755615234,-4.153912544250488,-8.917890548706055,-15.839742660522461,5.749426364898682,-7.644069671630859,-11.76222038269043,4.615192413330078,-11.496225357055664,-11.167132377624512,2.867030620574951,-18.66565704345703,-21.38390350341797,-3.7249419689178467,-13.272612571716309,-13.281840324401855,-1.7617957592010498,-7.554704666137695,-5.292830944061279
9_nicolas_23.wav,0.3969539999961853,0.03536214306950569,1056.7264047320195,1042.419472516132,2182.62939453125,0.049018012152777776,-367.3927307128906,226.98739624023438,-74.28641510009766,19.323087692260742,39.148216247558594,-30.36817741394043,11.96390438079834,2.9922423362731934,-31.00193214416504,13.442398071289062,7.624823570251465,-19.16762924194336,3.389967918395996,-6.949613571166992,-13.522107124328613,10.66780948638916,-3.997182607650757,-9.644814491271973,7.83957576751709,-8.40744686126709,-10.615509986877441,5.051363468170166,-7.358953475952148,-5.281961917877197,6.9448394775390625,-4.221766948699951,-1.1222283840179443,6.462409973144531,-4.0534539222717285,-1.0483367443084717
4_theo_21.wav,0.28935477137565613,0.026058105751872063,838.669914618735,618.1178256027299,1269.86083984375,0.0639377170138889,-445.16802978515625,196.57994079589844,-21.454479217529297,-17.060009002685547,-9.55580997467041,-39.858154296875,-8.97761058807373,-2.4571492671966553,-18.303600311279297,-1.2732168436050415,-11.16345500946045,-22.869108200073242,3.2773120403289795,2.5156028270721436,-8.942008972167969,5.09217643737793,-1.6750739812850952,-13.063033103942871,-2.8451995849609375,-9.251538276672363,-16.455455780029297,-2.8889880180358887,-1.6621060371398926,-6.305925369262695,-1.605063796043396,-5.287806987762451,-9.34017562866211,-6.041031360626221,-5.793753623962402,-3.8291096687316895
9_nicolas_28.wav,0.38662540912628174,0.04628456383943558,1011.7123782886904,967.969291076325,2048.2177734375,0.052013578869047616,-355.2420349121094,233.5063018798828,-77.61687469482422,16.936691284179688,35.5656852722168,-35.67771530151367,18.43320083618164,3.881335973739624,-40.19860076904297,13.644688606262207,10.146845817565918,-23.189289093017578,5.720163822174072,-2.779686212539673,-17.437088012695312,10.370489120483398,1.0694389343261719,-10.256370544433594,5.520901679992676,-6.438632011413574,-9.170151710510254,4.251346111297607,-7.014288902282715,-3.284372329711914,7.5299601554870605,-6.164463520050049,-1.7757494449615479,6.757142543792725,-5.889211177825928,-0.6273484826087952
4_nicolas_12.wav,0.37459486722946167,0.044007591903209686,820.7871780094197,825.3131135784204,1305.243389423077,0.04398287259615385,-350.9924011230469,248.25709533691406,-41.64280700683594,27.389528274536133,3.5138437747955322,-73.14659118652344,-1.6346104145050049,1.4606379270553589,-27.71782112121582,19.497251510620117,5.262721061706543,-18.91492462158203,11.623575210571289,-3.94877290725708,-14.491471290588379,11.465867042541504,-4.94610071182251,-12.365371704101562,4.392216682434082,-11.727418899536133,-12.201351165771484,2.1004793643951416,-9.467700004577637,-2.3160171508789062,8.940820693969727,-4.481505393981934,0.00642149243503809,5.040502548217773,-5.887205123901367,1.7713996171951294
7_yweweler_28.wav,0.3703821003437042,0.01456606574356556,1075.5316384064395,1021.1863198112285,2370.3523334703946,0.040989925986842105,-480.8927917480469,165.0305633544922,-41.4057731628418,18.975971221923828,30.61555290222168,-32.91877365112305,-3.8885891437530518,1.4607439041137695,-28.363618850708008,1.162561058998108,8.378371238708496,-16.426971435546875,-4.459981918334961,1.8577545881271362,-6.662834167480469,-3.407702684402466,-9.78422737121582,-9.585227012634277,0.8947428464889526,-7.510718822479248,-10.344423294067383,-4.191579341888428,-10.807376861572266,-6.274605751037598,0.13504748046398163,-10.60775089263916,-5.950345039367676,3.680013656616211,-5.045629978179932,-2.996079206466675
1_george_23.wav,0.3050213158130646,0.0534529834985733,1088.5948080671105,916.310642420372,2047.6730346679688,0.0574951171875,-342.9491271972656,182.3854217529297,-75.98178100585938,-8.110663414001465,7.313522815704346,-51.47482681274414,-8.65401554107666,-14.126396179199219,-44.970428466796875,-2.3066153526306152,-8.100214958190918,-33.8156852722168,-4.056449890136719,-12.336648941040039,-32.02837371826172,-7.142232418060303,-10.313782691955566,-23.94676971435547,-9.052764892578125,-9.193395614624023,-11.953006744384766,-8.321956634521484,-17.880836486816406,-10.541921615600586,-1.3141107559204102,-13.542192459106445,-5.4521074295043945,3.956303358078003,-13.366230010986328,-10.693794250488281
9_nicolas_9.wav,0.32846739888191223,0.03949218988418579,1025.961669378482,1006.5259769950372,2130.6537828947367,0.05396792763157895,-364.749267578125,226.91835021972656,-72.4704818725586,21.8343563079834,39.38187026977539,-32.029991149902344,12.058489799499512,0.6146232485771179,-32.528053283691406,16.42900848388672,5.594054698944092,-24.038278579711914,7.084599494934082,-2.186677932739258,-15.116042137145996,10.989852905273438,-1.3399507999420166,-10.496066093444824,7.375787734985352,-5.704514503479004,-8.409077644348145,5.434962272644043,-8.041860580444336,-6.091777801513672,7.484866619110107,-2.745189905166626,-0.7472472786903381,4.6845221519470215,-6.053249359130859,-0.5130856037139893
7_jackson_9.wav,0.33223071694374084,0.04065817594528198,883.3621204982098,872.6760288298931,1697.89306640625,0.0501220703125,-373.8458557128906,216.4021453857422,-46.76893997192383,13.404894828796387,23.198270797729492,-51.92803192138672,-22.658456802368164,-12.56190299987793,-36.95594024658203,-1.8273727893829346,6.990531921386719,-18.641462326049805,-11.057683944702148,-4.020772933959961,-0.6189714670181274,4.326693534851074,-12.174276351928711,-11.845683097839355,0.607823371887207,-12.355170249938965,-11.56626033782959,-0.6702170372009277,-12.926897048950195,-10.160941123962402,1.3424166440963745,-11.128458023071289,-13.310760498046875,-4.170541763305664,-8.851783752441406,-8.504598617553711
1_yweweler_46.wav,0.3720436096191406,0.006619356572628021,825.7407641157364,762.9854541962287,1487.057674632353,0.05554917279411765,-581.5850830078125,207.3250732421875,-19.805028915405273,8.413488388061523,7.994047164916992,-36.727699279785156,9.538382530212402,9.40961742401123,-29.63349151611328,0.4173543453216553,8.503559112548828,-16.007959365844727,-1.9243828058242798,1.0980345010757446,-10.106886863708496,-0.08979889750480652,-3.2175047397613525,-8.22370719909668,1.4950265884399414,-4.479335784912109,-7.334911346435547,0.2720378041267395,-7.530405521392822,-7.397474765777588,1.127938151359558,-6.47432279586792,-5.2381911277771,2.8570852279663086,-5.106349468231201,-5.026165008544922
0_lucas_26.wav,0.4654364585876465,0.0492224283516407,1042.0728650672156,870.2479784508928,1991.8212890625,0.06888834635416667,-384.3768615722656,203.63197326660156,-42.362674713134766,8.865337371826172,41.09065628051758,-22.931419372558594,-7.873960018157959,3.871598482131958,-22.955820083618164,-5.625163555145264,0.16522836685180664,-15.12719440460205,2.4874210357666016,5.176657199859619,-9.981375694274902,-1.0137077569961548,-0.6123244762420654,-7.617959499359131,0.3641328811645508,-4.843550205230713,-10.130328178405762,0.8604202270507812,-5.042348861694336,-13.441558837890625,-2.1105458736419678,-1.1747468709945679,-8.190642356872559,-3.3878347873687744,-2.053433418273926,-4.471773147583008
0_lucas_13.wav,0.48225417733192444,0.03552554175257683,1153.6467834406014,849.9202940197925,2092.8617037259614,0.0878155048076923,-421.2657470703125,190.97142028808594,-42.754886627197266,9.454687118530273,37.83123016357422,-19.771360397338867,-0.13841746747493744,4.4010090827941895,-23.624629974365234,1.015387773513794,6.3475141525268555,-14.584547996520996,0.8823384642601013,3.0237650871276855,-11.095763206481934,0.40901845693588257,2.1015379428863525,-4.520333766937256,3.372877836227417,-2.4029452800750732,-8.769052505493164,1.289957046508789,-2.0887420177459717,-8.035422325134277,-0.3523203432559967,-1.9144439697265625,-5.783160209655762,-0.658466100692749,-2.0987954139709473,-4.292110443115234
4_nicolas_21.wav,0.354317843914032,0.04590075835585594,856.3573648359578,927.1954585666316,1562.8136268028845,0.04815204326923077,-350.8092956542969,219.77210998535156,-28.422569274902344,37.12757873535156,10.180780410766602,-66.13629913330078,-6.6296539306640625,-1.911405324935913,-28.752849578857422,15.24156379699707,3.817847967147827,-21.129337310791016,9.740838050842285,0.977733850479126,-9.94761848449707,13.556488990783691,-0.946222186088562,-10.713555335998535,4.0545759201049805,-10.756683349609375,-13.241576194763184,1.098127841949463,-8.764213562011719,-4.222169876098633,7.454800605773926,-3.7761218547821045,-1.6130599975585938,3.5774927139282227,-5.243096351623535,1.3016594648361206
1_nicolas_39.wav,0.4050613343715668,0.0427418015897274,1045.6991005789012,1013.6772025801959,2152.6025390625,0.05498046875,-348.0058288574219,217.00662231445312,-55.65077209472656,22.540861129760742,23.631071090698242,-39.776878356933594,17.691913604736328,2.4850237369537354,-36.8704719543457,13.312506675720215,4.558192729949951,-22.07005500793457,11.134851455688477,-0.4314347207546234,-16.56113624572754,8.372333526611328,-3.2726223468780518,-10.844034194946289,8.385857582092285,-4.584539890289307,-9.386165618896484,3.4151716232299805,-7.4420552253723145,-4.996108055114746,4.760427951812744,-7.2106547355651855,-2.8640170097351074,4.946431636810303,-5.570188045501709,-0.8655157685279846
5_yweweler_28.wav,0.5362816452980042,0.008781063370406628,1121.9043697064667,916.6811146910641,2133.255282315341,0.07486239346590909,-516.1625366210938,203.758056640625,-66.9578857421875,6.223699569702148,36.498905181884766,-32.882747650146484,3.4535882472991943,16.622804641723633,-20.015077590942383,4.0846428871154785,10.04843807220459,-13.371298789978027,-0.6529174447059631,0.6628126502037048,-6.934204578399658,2.3799185752868652,-6.669884204864502,-7.74359130859375,6.736454486846924,-4.780592441558838,-8.024564743041992,4.243215560913086,-6.349609375,-7.176513195037842,5.706160545349121,-2.762570381164551,-5.062925338745117,2.546077013015747,-5.00166654586792,-5.249574184417725
5_jackson_43.wav,0.2967166006565094,0.12088797241449356,948.2873106019795,817.8703990001501,1639.356753700658,0.05481599506578947,-253.01217651367188,225.46961975097656,-66.51625061035156,-2.4180171489715576,16.261783599853516,-48.25408935546875,-13.0910005569458,-16.05682945251465,-36.503807067871094,10.642592430114746,9.936541557312012,-15.813377380371094,-4.457879543304443,-12.979920387268066,-12.183282852172852,-0.46860432624816895,-21.761552810668945,-13.857627868652344,5.129612922668457,-20.17279052734375,-17.532014846801758,2.506821393966675,-16.842945098876953,-16.176570892333984,0.8939024209976196,-9.088299751281738,-5.570919990539551,2.219606399536133,-9.972918510437012,-6.600330352783203
6_nicolas_6.wav,0.43891867995262146,0.03138064965605736,1217.9647078748387,1283.0128675266003,2721.9926313920455,0.052734375,-366.0320129394531,184.64598083496094,-51.50969314575195,47.432682037353516,36.27984619140625,-39.811275482177734,6.952313423156738,-1.066263198852539,-35.750728607177734,3.5654191970825195,-6.335836887359619,-27.150575637817383,5.443465709686279,-0.44651511311531067,-10.704845428466797,10.653882026672363,-0.8083568215370178,-6.17189359664917,10.65694522857666,-1.0117683410644531,-5.707193374633789,3.6624693870544434,-3.8965485095977783,-0.8618482351303101,2.6786608695983887,-6.704225063323975,1.3696658611297607,4.019381999969482,-6.3338623046875,2.9477295875549316
4_george_28.wav,0.3600982129573822,0.0653102844953537,1198.9007583050022,946.5140079781698,2341.73583984375,0.0701171875,-336.7809753417969,167.9253692626953,-70.89374542236328,-7.684023857116699,4.529339790344238,-55.327903747558594,-10.157388687133789,-8.278412818908691,-49.30066680908203,-15.963804244995117,-8.011061668395996,-31.1215877532959,-9.753129005432129,-7.297774314880371,-19.542789459228516,-2.6587576866149902,-6.211143970489502,-19.2470645904541,-13.721071243286133,-19.57726287841797,-15.915278434753418,0.6366955637931824,-6.745323181152344,-9.936219215393066,-1.2890231609344482,-9.453941345214844,-9.33918285369873,-0.27305513620376587,-6.719921112060547,-4.136105537414551
7_george_46.wav,0.27498215436935425,0.05810168758034706,1580.6265693496812,1057.186449308984,2762.6120827414775,0.10986328125,-353.726806640625,157.86268615722656,-94.77961730957031,11.19469928741455,30.264354705810547,-44.74855041503906,-15.320425033569336,-35.11373519897461,-52.40023422241211,8.708778381347656,-13.8206148147583,-48.023963928222656,0.2227453738451004,-3.036353349685669,-28.276391983032227,-4.143741130828857,-9.558098793029785,-19.543882369995117,-2.386801242828369,-12.06933879852295,-15.96182918548584,-4.732175827026367,-14.813530921936035,-7.488359451293945,3.779093027114868,-13.823370933532715,-7.521327018737793,8.63229751586914,-6.625974655151367,-7.4645915031433105
9_lucas_34.wav,0.46745765209198,0.047603100538253784,1025.6468267747987,888.4696027838354,2223.5372792119565,0.06532353940217392,-394.7425842285156,199.84939575195312,-42.458885192871094,24.54401206970215,50.467323303222656,-33.673885345458984,-11.608266830444336,16.60488510131836,-20.550338745117188,-11.441884994506836,10.445744514465332,-5.518252372741699,-8.51006031036377,0.38349649310112,1.1882448196411133,-3.4316115379333496,-13.208106994628906,-5.889758110046387,5.393310070037842,-8.019658088684082,-11.177992820739746,0.567099392414093,-6.377394199371338,-9.389405250549316,-1.9706825017929077,-8.014452934265137,-8.09062671661377,-1.3299068212509155,-7.1648030281066895,-5.426036834716797
8_theo_30.wav,0.38526952266693115,0.029170414432883263,1727.4520418661268,1125.2317225771972,3014.05029296875,0.1176486545138889,-412.5988464355469,146.5338134765625,-71.15583801269531,37.98958206176758,27.398025512695312,-70.38247680664062,-11.115805625915527,6.125997543334961,-36.91864013671875,-5.866903305053711,-0.5499019026756287,-15.851184844970703,8.03774642944336,-1.3838752508163452,-10.288951873779297,10.506319999694824,-5.02708625793457,-14.245235443115234,1.1400904655456543,-12.673572540283203,-14.541765213012695,2.2587785720825195,-5.92409610748291,-4.513712406158447,4.202672958374023,-8.419301986694336,-9.109314918518066,-3.1740362644195557,-5.447755813598633,6.1624603271484375
1_jackson_39.wav,0.2660449743270874,0.08261905610561371,748.426192973094,899.1964411771804,1449.1845703125,0.03162109375,-342.11895751953125,209.9822998046875,-22.28508949279785,26.703208923339844,19.043336868286133,-31.784587860107422,13.040909767150879,-6.270678520202637,-42.23240280151367,1.6452391147613525,0.23261164128780365,-19.763460159301758,4.134540557861328,-7.342840194702148,-20.246784210205078,-2.1430962085723877,-12.62939167022705,-15.535820007324219,-0.195082888007164,-12.270408630371094,-12.686650276184082,-5.0364603996276855,-21.412372589111328,-14.91702651977539,-0.7385743856430054,-15.861921310424805,-13.105302810668945,0.9414014220237732,-8.379807472229004,-9.350324630737305
7_yweweler_20.wav,0.4035288989543915,0.011013069190084934,1242.8270815366163,1051.5265293131906,2637.1840533088234,0.05431410845588235,-485.27655029296875,199.69232177734375,-71.20603942871094,19.856639862060547,36.12252426147461,-42.98512268066406,1.640539288520813,-0.6132985353469849,-41.28298568725586,6.27505350112915,9.249273300170898,-26.357866287231445,-0.9207496047019958,5.303770065307617,-8.82092571258545,2.3413026332855225,-9.112465858459473,-14.000543594360352,4.436477184295654,-7.446126937866211,-12.862634658813477,1.8936243057250977,-7.394899845123291,-6.941312789916992,4.7998948097229,-8.276869773864746,-7.571432590484619,5.141551971435547,-6.118628025054932,-8.947688102722168
2_lucas_34.wav,0.47140902280807495,0.026026122272014618,1030.2469093973166,929.1474032808961,1981.990913722826,0.060759171195652176,-445.9828796386719,190.87232971191406,-39.725013732910156,20.280811309814453,57.2182731628418,-7.193456172943115,3.1522438526153564,8.252795219421387,-26.292831420898438,-7.010772705078125,8.378142356872559,-9.939048767089844,-3.2420432567596436,-1.83640718460083,-12.925658226013184,1.2704147100448608,5.732664108276367,-6.7635416984558105,-1.775203824043274,1.051142930984497,-4.833025932312012,-0.3843231499195099,0.35895705223083496,-3.887899875640869,-1.6422052383422852,-2.895977735519409,-5.031550407409668,-2.1498491764068604,-3.505859375,-5.387524127960205
4_george_6.wav,0.3284134864807129,0.0597580261528492,1092.6235697633726,772.3775262318395,1781.4239501953125,0.07906087239583333,-366.0665283203125,144.31309509277344,-49.09980773925781,-14.629679679870605,3.8808345794677734,-37.50421905517578,-13.083660125732422,-11.841387748718262,-41.44926452636719,-17.50299835205078,-10.320959091186523,-31.609636306762695,-11.60100269317627,1.128129005432129,-13.156562805175781,-3.973656415939331,0.7143551707267761,-14.803436279296875,-14.61206340789795,-10.328936576843262,-11.353169441223145,-4.5913615226745605,-4.542203426361084,-9.210345268249512,-5.143350601196289,-5.965622425079346,-9.288304328918457,-3.0800647735595703,1.9291801452636719,2.0966222286224365
4_yweweler_40.wav,0.4790029525756836,0.010296061635017395,1109.5875053027046,769.8348253320594,1676.0009765625,0.087158203125,-539.2713623046875,191.3409881591797,-42.72715377807617,-11.091890335083008,-10.423592567443848,-54.21874237060547,3.0615992546081543,16.113323211669922,-20.45669937133789,0.566280722618103,1.64320969581604,-17.199310302734375,3.688123941421509,5.2397918701171875,-6.260203838348389,3.6295275688171387,-6.078634262084961,-13.440023422241211,0.2730308175086975,-6.502068996429443,-10.218317985534668,1.8170318603515625,-5.385385513305664,-7.7894110679626465,2.170429229736328,-4.745428562164307,-5.46268367767334,3.684584379196167,-2.9398982524871826,-5.913954734802246
0_george_5.wav,0.20770879089832306,0.06884387880563736,1178.1841956839364,1039.5077401161755,2329.815673828125,0.0517578125,-372.4157409667969,138.98423767089844,-64.5208740234375,21.87594223022461,33.19144058227539,-38.799747467041016,-12.027753829956055,-19.79183006286621,-47.9443244934082,-11.5065336227417,-22.1990909576416,-44.90359878540039,-5.961360454559326,-3.7670369148254395,-24.014150619506836,-6.174910545349121,-6.973597049713135,-15.270125389099121,-4.118697643280029,-10.753674507141113,-12.072629928588867,-1.13052499294281,-11.297856330871582,-11.814316749572754,-0.42755240201950073,-7.9741530418396,-8.478818893432617,-1.960166335105896,-7.593253135681152,-3.962698459625244
5_nicolas_29.wav,0.5670782923698425,0.03890559449791908,1087.9182379171111,957.9360485627358,2100.25634765625,0.06832449776785714,-348.1654968261719,240.4894256591797,-76.8942642211914,13.671826362609863,16.685047149658203,-52.78087615966797,20.49366569519043,10.749269485473633,-35.399024963378906,13.480692863464355,2.3267295360565186,-24.921239852905273,9.026440620422363,-2.9631752967834473,-15.632567405700684,6.5796403884887695,-9.336782455444336,-8.896821975708008,12.073638916015625,-7.861109256744385,-8.557723045349121,6.9948530197143555,-10.809732437133789,-8.507515907287598,6.518767833709717,-4.13655948638916,-1.4063642024993896,4.529201030731201,-4.653430938720703,0.9106116890907288
7_lucas_11.wav,0.4728093147277832,0.030018752440810204,1255.4122491305218,905.3136990909358,2428.3172607421875,0.0853271484375,-412.143310546875,165.75877380371094,-46.9975471496582,25.8478946685791,49.68792724609375,-24.303695678710938,-2.917365789413452,9.817456245422363,-26.888710021972656,-8.813366889953613,10.47788143157959,-3.6398096084594727,-2.716109037399292,-3.6936590671539307,-2.6296799182891846,9.004347801208496,-3.795506238937378,-12.238162994384766,3.4587669372558594,-0.3868248462677002,-10.255975723266602,-3.73249888420105,-5.293142318725586,-6.793540954589844,-1.4459260702133179,-5.578132152557373,-5.3407416343688965,-0.3473935127258301,-4.844743728637695,-3.7175452709198
4_nicolas_35.wav,0.308782696723938,0.03970539569854736,844.6446783951502,937.1384461768206,1644.98291015625,0.04816545758928571,-368.8142395019531,214.2580108642578,-32.55984878540039,44.5609130859375,23.9637451171875,-57.24935531616211,-2.4335196018218994,-8.186264991760254,-38.79548263549805,10.876623153686523,1.4487264156341553,-19.95696449279785,14.537239074707031,1.1541165113449097,-12.139601707458496,12.53124713897705,-3.3429911136627197,-10.484856605529785,8.689885139465332,-5.980614185333252,-8.766858100891113,3.9832911491394043,-9.294098854064941,-7.361305236816406,1.3388029336929321,-8.89340877532959,-0.6574189066886902,6.85073709487915,-3.114461898803711,3.5070958137512207
1_lucas_15.wav,0.463395357131958,0.03515120595693588,962.1127129541886,886.8684165135858,1954.736328125,0.04833984375,-443.6070861816406,171.15032958984375,-24.676607131958008,4.935317516326904,26.400468826293945,-23.963565826416016,-6.193056106567383,13.297985076904297,-15.94343090057373,-14.371342658996582,3.12784481048584,0.4178822934627533,0.42658859491348267,-2.3368797302246094,-6.044536113739014,-0.6587907075881958,-6.760964393615723,-12.602336883544922,-2.310532808303833,-2.5042765140533447,-10.73239517211914,-7.403266906738281,-5.329801082611084,-6.924178600311279,-5.9715094566345215,-8.858074188232422,-8.743643760681152,-3.9455299377441406,-5.935145378112793,-7.464301109313965
6_george_10.wav,0.26116764545440674,0.021698784083127975,1597.2222986974164,1114.72760369842,2944.948858963816,0.0986585115131579,-435.96905517578125,143.1875457763672,-83.90536499023438,35.311256408691406,47.45676040649414,-50.44528579711914,-18.13279914855957,-13.659928321838379,-40.44816589355469,-3.1966147422790527,-19.942790985107422,-45.663333892822266,-4.868650436401367,-9.114090919494629,-29.295734405517578,-3.1265885829925537,-4.006824493408203,-11.405680656433105,0.8643513917922974,-12.441245079040527,-10.67119026184082,5.892210960388184,-13.880486488342285,-16.502927780151367,3.492121696472168,-8.191936492919922,-11.541895866394043,3.5882511138916016,-3.370718002319336,-5.064765930175781
4_yweweler_32.wav,0.3819580376148224,0.008781892247498035,832.6653394945967,705.0970965492298,1375.8583470394738,0.05296566611842105,-520.0986938476562,207.9422607421875,-18.188528060913086,-5.394984722137451,-1.2162656784057617,-39.69697570800781,2.7248575687408447,13.923590660095215,-18.868703842163086,-4.099913597106934,-1.8144266605377197,-19.35349464416504,-2.051905393600464,4.178153038024902,-6.474093437194824,-0.42333588004112244,-3.583083391189575,-6.9394307136535645,3.6695384979248047,-1.8052124977111816,-8.094169616699219,-2.328665018081665,-8.099226951599121,-8.355629920959473,1.073441982269287,-4.266870021820068,-5.054267406463623,3.289262056350708,-2.106954336166382,-4.713290691375732
3_nicolas_46.wav,0.4700949490070343,0.01566234603524208,1310.8395510252474,1182.1836732735487,2947.74169921875,0.058837890625,-414.9005432128906,214.12425231933594,-89.36034393310547,43.728370666503906,44.82686996459961,-44.277801513671875,20.522037506103516,5.491799354553223,-35.08139419555664,16.110637664794922,-1.1360909938812256,-24.982288360595703,14.290606498718262,0.133832186460495,-10.599699974060059,15.452174186706543,-4.424527645111084,-9.747803688049316,8.28156852722168,-9.118391990661621,-4.356537818908691,9.285917282104492,-10.129183769226074,-4.897231101989746,6.90512228012085,-4.601645469665527,2.7431023120880127,5.253468990325928,-6.982962608337402,1.9303098917007446
3_theo_48.wav,0.3745907247066498,0.00805650558322668,996.501847434195,934.3017268782792,2104.87060546875,0.059814453125,-545.1705932617188,198.39453125,-50.84160232543945,26.92201042175293,49.14469528198242,-30.97340965270996,-16.64964485168457,-9.050041198730469,-25.52099609375,-5.410272121429443,-16.119569778442383,-24.031667709350586,3.132507562637329,-3.876871347427368,-8.937443733215332,8.270401000976562,-6.559200763702393,-11.694161415100098,1.5759620666503906,-13.726164817810059,-14.4389066696167,1.2687286138534546,-9.563302040100098,-9.673734664916992,0.4475255012512207,-10.349265098571777,-8.645478248596191,0.6150692105293274,-6.1798415184021,-1.0624276399612427
0_jackson_30.wav,0.34084028005599976,0.07295911759138107,710.1240471825262,759.5280780341749,1371.97265625,0.03810337611607143,-342.9370422363281,207.13430786132812,-11.039278984069824,11.569357872009277,25.40995216369629,-26.21304702758789,-19.92649269104004,-14.672762870788574,-17.497880935668945,0.738969624042511,-14.341885566711426,-22.080202102661133,2.1253483295440674,-9.74846076965332,-18.979015350341797,2.893735408782959,-6.294337272644043,-14.216864585876465,3.504870891571045,-8.86595630645752,-20.16951560974121,-4.103389263153076,-10.684617042541504,-18.207021713256836,-2.5448453426361084,-5.086678504943848,-12.615202903747559,-3.6590840816497803,-5.833789348602295,-9.408027648925781
3_jackson_39.wav,0.24011507630348206,0.08385168015956879,964.1592879070566,1010.883454812641,2123.956853693182,0.039373224431818184,-320.3805847167969,173.5167236328125,-41.92722702026367,40.69804382324219,46.68309020996094,-33.233882904052734,-10.597294807434082,-14.070159912109375,-38.362213134765625,-3.833036184310913,-13.396063804626465,-37.80998229980469,-9.439068794250488,-3.6919031143188477,-8.7288818359375,4.35639762878418,-5.579037666320801,-5.753660678863525,4.4236321449279785,-13.190777778625488,-11.034618377685547,1.1301125288009644,-19.712060928344727,-20.431312561035156,-2.6808855533599854,-11.132307052612305,-11.1292085647583,-1.7138774394989014,-9.145886421203613,-8.149949073791504
7_theo_12.wav,0.27485164999961853,0.008022108115255833,956.8609509951715,873.9518923654311,1993.7788529829545,0.045720880681818184,-517.9619750976562,210.21998596191406,-56.074947357177734,13.086572647094727,29.62049102783203,-46.00099182128906,-15.546218872070312,-6.7655348777771,-28.982908248901367,5.6082444190979,5.692480564117432,-16.675819396972656,-0.7258700728416443,1.2491538524627686,-0.8446111083030701,0.7470425963401794,-20.594255447387695,-15.603744506835938,-0.11140766739845276,-18.905759811401367,-14.619339942932129,4.824608325958252,-5.930953502655029,-3.7374215126037598,3.857113838195801,-11.492871284484863,-7.9472270011901855,3.5917015075683594,-4.787463665008545,-4.773201942443848
0_jackson_32.wav,0.29872050881385803,0.07328224927186966,825.4216825342733,799.4315394204624,1514.1031901041667,0.042082609953703706,-322.703369140625,211.77818298339844,-36.788818359375,6.400302886962891,35.25777816772461,-25.50174331665039,-21.50096893310547,-14.261096954345703,-19.208934783935547,-2.153949499130249,-16.726171493530273,-21.438276290893555,2.8787612915039062,-12.290877342224121,-17.78579330444336,5.87280797958374,-10.774449348449707,-17.15549087524414,9.914839744567871,-3.094287633895874,-18.68185043334961,-1.9311401844024658,-8.0979642868042,-16.97249412536621,-2.991405963897705,-4.762196063995361,-8.710124015808105,-0.14014361798763275,-4.632015705108643,-6.856837749481201
4_jackson_25.wav,0.30334827303886414,0.06896332651376724,677.0220407280119,601.4535715393735,1108.36181640625,0.042778862847222224,-365.86676025390625,225.00180053710938,16.163686752319336,-15.102290153503418,-17.20929527282715,-32.52424621582031,-16.284509658813477,-17.303451538085938,-12.879716873168945,3.3846845626831055,-23.50641632080078,-28.8128662109375,9.105835914611816,2.47690486907959,-13.336430549621582,5.989351749420166,0.07149209082126617,-13.147248268127441,-1.0370159149169922,-8.168893814086914,-18.252479553222656,-5.998185634613037,-8.265453338623047,-14.677821159362793,-8.222940444946289,-11.696491241455078,-9.207381248474121,1.7507379055023193,-7.082770824432373,-10.663320541381836
2_lucas_21.wav,0.4575604200363159,0.04130498692393303,1070.2691897454415,905.1633978960812,2084.234619140625,0.069580078125,-412.5478820800781,164.67161560058594,-33.2027587890625,25.80438995361328,53.59312438964844,-14.957817077636719,-9.418094635009766,3.3125619888305664,-18.78385353088379,-4.847080230712891,1.0333279371261597,-13.344794273376465,-2.556889295578003,-4.171839237213135,-15.273921966552734,1.5284432172775269,4.692430019378662,-9.135401725769043,-2.0266916751861572,1.3308297395706177,-6.670309543609619,-2.7031805515289307,-2.2709715366363525,-8.434945106506348,-6.49359655380249,-6.931355953216553,-7.979063510894775,-1.8019605875015259,-2.185814380645752,-7.091329097747803
6_nicolas_25.wav,0.4894467890262604,0.028965886682271957,1212.3824841798887,1128.6274281765009,2689.34326171875,0.060791015625,-383.66009521484375,204.6226348876953,-71.93743896484375,47.843814849853516,45.83209228515625,-45.72765350341797,10.94640827178955,2.732002019882202,-39.93061065673828,3.9172420501708984,-5.503710746765137,-23.87943458557129,14.15807819366455,-0.5032638311386108,-16.173906326293945,10.177962303161621,-2.3467791080474854,-9.877813339233398,7.214898586273193,-4.962200164794922,-4.635219573974609,5.8246588706970215,-8.429621696472168,-2.4376790523529053,7.1373724937438965,-6.104369640350342,0.4727250039577484,6.588590145111084,-4.023685932159424,3.223527669906616
0_jackson_38.wav,0.31040188670158386,0.060965947806835175,762.874633909267,804.2855210606634,1464.2578125,0.03852370689655173,-347.8009948730469,212.92506408691406,-19.368663787841797,17.38970947265625,34.324928283691406,-24.488862991333008,-19.115442276000977,-17.39877700805664,-19.22494125366211,6.539340972900391,-11.951896667480469,-24.857637405395508,3.7693679332733154,-6.4864912033081055,-17.756511688232422,2.2590513229370117,-9.659188270568848,-14.672191619873047,6.789079189300537,-8.360419273376465,-18.95029067993164,0.15898431837558746,-9.338808059692383,-17.085412979125977,0.4255332052707672,-6.494350910186768,-15.772058486938477,-3.446136236190796,-5.410033226013184,-8.321463584899902
6_theo_40.wav,0.33759844303131104,0.004426502622663975,1851.1315638960723,1156.1812062423644,3095.39794921875,0.16910807291666666,-567.884033203125,151.19252014160156,-75.31504821777344,32.39019775390625,31.47420883178711,-43.10408020019531,8.863540649414062,5.887636184692383,-27.306602478027344,7.713953495025635,-8.325063705444336,-27.45738983154297,8.854914665222168,1.4159369468688965,-7.452103614807129,13.687155723571777,-3.650458335876465,-10.009064674377441,4.686307430267334,-12.243056297302246,-8.822918891906738,8.42376708984375,-7.652046203613281,-7.354551315307617,3.8321523666381836,-5.668635368347168,0.4124268591403961,4.099249362945557,-10.684672355651855,-6.011251449584961
9_nicolas_14.wav,0.38836532831192017,0.038016121834516525,1018.290979624135,980.178061190183,2136.3204152960525,0.05196340460526316,-362.0851745605469,219.15997314453125,-65.8022232055664,19.976877212524414,34.895965576171875,-33.488948822021484,14.046217918395996,-1.0585328340530396,-41.610076904296875,10.200841903686523,9.276613235473633,-20.103097915649414,7.044072151184082,-0.5797526240348816,-15.033673286437988,9.419514656066895,0.815166175365448,-10.571610450744629,4.045742511749268,-4.730563163757324,-7.631464004516602,3.32719349861145,-7.351258277893066,-6.393815994262695,4.011266231536865,-3.664818286895752,0.22052724659442902,6.1776556968688965,-3.2532289028167725,-0.18855154514312744
0_george_23.wav,0.2237548530101776,0.055129434913396835,1155.1479526454975,1055.4295576769377,2369.1417347301135,0.04709694602272727,-374.4975280761719,151.29742431640625,-62.75799560546875,21.219486236572266,27.055633544921875,-46.403228759765625,-8.566229820251465,-11.399910926818848,-46.41983413696289,-11.653519630432129,-18.89099884033203,-42.05537414550781,-6.314055919647217,-8.973745346069336,-29.551830291748047,-3.330348253250122,-1.5980082750320435,-16.974342346191406,-6.2648234367370605,-8.686089515686035,-13.08469009399414,-5.869500637054443,-13.925108909606934,-12.649456977844238,-3.268218755722046,-12.473315238952637,-10.018691062927246,-0.8900340795516968,-10.306950569152832,-8.82479190826416
7_theo_30.wav,0.22902286052703857,0.005161849781870842,879.259842454368,927.5386516440128,1897.4551930147059,0.03257123161764706,-571.4572143554688,225.55953979492188,-65.49208068847656,19.595134735107422,39.2985954284668,-39.218502044677734,-2.126774311065674,8.042882919311523,-23.37541389465332,5.857083797454834,4.816000461578369,-19.50023078918457,-5.438602447509766,-6.39542293548584,-9.250908851623535,-0.5822468400001526,-14.862663269042969,-9.857781410217285,5.446284770965576,-12.880773544311523,-12.440077781677246,4.297292232513428,-4.967580795288086,-2.0873823165893555,5.997941970825195,-8.357610702514648,-7.354274749755859,1.3068387508392334,-4.8007097244262695,-2.437241554260254
5_jackson_38.wav,0.4102229177951813,0.04098460078239441,914.7359494429961,845.0605808605544,1637.6567639802631,0.05440481085526316,-354.52447509765625,243.0140380859375,-52.900970458984375,5.252755641937256,27.963455200195312,-41.545833587646484,-21.457683563232422,-11.715302467346191,-19.766042709350586,14.851325035095215,8.09691047668457,-14.484159469604492,-6.007267475128174,-12.70513916015625,-6.353796482086182,3.596831798553467,-22.669031143188477,-15.533073425292969,8.054435729980469,-14.741072654724121,-14.930757522583008,4.517902374267578,-15.211665153503418,-17.148096084594727,0.7595856785774231,-10.26616382598877,-10.378813743591309,-0.6446629762649536,-11.655428886413574,-8.539451599121094
1_george_14.wav,0.29225146770477295,0.04749469459056854,965.0246486850322,852.4166531479473,1763.330078125,0.04592556423611111,-378.91156005859375,188.0571746826172,-66.26011657714844,-10.560775756835938,9.60728931427002,-46.224708557128906,-13.295817375183105,-13.670198440551758,-37.03885269165039,-0.7215321063995361,-8.864571571350098,-32.94715118408203,-2.2307262420654297,-7.725228309631348,-32.99235916137695,-12.422338485717773,-7.62365198135376,-21.579633712768555,-12.298723220825195,-5.668847560882568,-6.8869476318359375,-10.634316444396973,-17.734371185302734,-6.918759822845459,-1.5590888261795044,-16.176898956298828,-10.392077445983887,-0.09772618860006332,-9.55280876159668,-6.261654376983643
6_george_29.wav,0.29559898376464844,0.03273787721991539,1915.5287662024175,1088.7125258948024,3133.0810546875,0.14507697610294118,-383.4576110839844,152.65872192382812,-113.64289855957031,30.855268478393555,47.513587951660156,-57.69685363769531,-13.090198516845703,-14.862374305725098,-48.5380973815918,-0.7715801000595093,-21.021005630493164,-50.507080078125,-1.0489296913146973,-5.482153415679932,-27.27135467529297,-1.0378708839416504,-8.404748916625977,-13.91442584991455,4.421587944030762,-13.587942123413086,-16.016401290893555,2.2991907596588135,-13.9072847366333,-13.327629089355469,3.3697471618652344,-10.167387008666992,-9.411273956298828,2.6787586212158203,-8.066411018371582,-6.279307842254639
7_george_7.wav,0.2702943980693817,0.04640952870249748,1275.4889627260243,976.0011202600722,2389.7369384765625,0.07639567057291667,-375.5323181152344,148.7659149169922,-68.47638702392578,7.794138431549072,28.095483779907227,-33.3374137878418,-17.686782836914062,-35.62831115722656,-47.2996711730957,5.404758453369141,-13.96576976776123,-45.92974853515625,-0.38117095828056335,5.538379192352295,-20.557058334350586,-6.871219635009766,-9.603787422180176,-20.531023025512695,-8.877585411071777,-12.112125396728516,-13.052319526672363,-5.49439001083374,-14.903841972351074,-10.12667465209961,-1.598913311958313,-16.43610382080078,-10.457659721374512,6.506292343139648,-3.5126419067382812,-4.863473892211914
7_yweweler_18.wav,0.4005831182003021,0.009159978479146957,1183.9349994135725,1040.7017944826548,2499.1973876953125,0.053009033203125,-505.83453369140625,197.55154418945312,-66.08935546875,13.668209075927734,34.66326904296875,-37.317779541015625,-0.09956252574920654,0.29641836881637573,-35.02488708496094,4.652747631072998,8.058382034301758,-20.867969512939453,-0.8733608722686768,2.992898941040039,-5.1018781661987305,4.717634201049805,-9.773591995239258,-11.839613914489746,7.126116752624512,-6.015865802764893,-10.244495391845703,4.018877983093262,-8.067889213562012,-7.93633508682251,6.5734758377075195,-6.108241081237793,-9.001524925231934,3.4436702728271484,-3.8026418685913086,-6.29880428314209
4_nicolas_37.wav,0.24701105058193207,0.08724628388881683,859.7703430695044,852.2699652608451,1561.1572265625,0.048126220703125,-315.158935546875,204.8629608154297,-27.302536010742188,19.86240005493164,3.5087320804595947,-57.9606819152832,-2.7139108180999756,3.286923885345459,-24.386838912963867,7.775242328643799,-3.170922040939331,-21.755264282226562,9.108458518981934,2.0408055782318115,-9.1353120803833,13.948887825012207,2.840934991836548,-10.596613883972168,1.286185383796692,-7.847480297088623,-11.831096649169922,-2.6666836738586426,-8.919960021972656,-2.5491116046905518,5.075135231018066,-6.518290042877197,-0.2377111315727234,7.150104522705078,-4.782496452331543,-0.5802336931228638
4_nicolas_32.wav,0.29470786452293396,0.05254916846752167,814.6830539113457,874.3799943185628,1502.2575827205883,0.04546760110294118,-357.4444274902344,213.16387939453125,-27.238357543945312,41.05898666381836,16.332805633544922,-64.22628021240234,-8.873329162597656,-9.316254615783691,-37.472084045410156,11.219710350036621,4.217031955718994,-18.431703567504883,12.473881721496582,0.8607497215270996,-11.528203964233398,12.897636413574219,-0.6564425826072693,-9.486004829406738,6.263217926025391,-7.049432754516602,-9.049800872802734,2.257776975631714,-10.162153244018555,-5.681926727294922,4.874019622802734,-6.31667423248291,-1.006288766860962,6.165152549743652,-2.451279878616333,3.840869188308716
8_jackson_26.wav,0.31477633118629456,0.05226945877075195,1183.8169691676442,1001.3194175672816,2451.016845703125,0.0760009765625,-368.3560485839844,169.4581756591797,-41.81328201293945,38.692100524902344,36.87612533569336,-55.87732696533203,-25.960193634033203,0.6020766496658325,-19.424123764038086,-7.043173313140869,-13.9946928024292,-22.160369873046875,-0.7192264795303345,-6.411025047302246,-9.146937370300293,5.273287296295166,-8.399833679199219,-9.883706092834473,3.4474456310272217,-10.072702407836914,-9.46922492980957,0.8024230003356934,-13.559844970703125,-9.545915603637695,2.155834674835205,-12.116174697875977,-9.229372024536133,3.5648887157440186,-6.9118332862854,-5.84813928604126
3_george_18.wav,0.2840251922607422,0.03409450873732567,1306.0549131349824,1176.1548943722535,2820.2162798713234,0.05847886029411765,-405.8792724609375,161.52662658691406,-77.05303955078125,35.877113342285156,45.84934616088867,-51.974002838134766,-18.30133056640625,-16.481504440307617,-46.211265563964844,-4.613234519958496,-17.89493751525879,-45.63111877441406,-3.9024860858917236,-7.554635524749756,-31.423540115356445,-5.7379326820373535,-7.865428447723389,-19.943532943725586,-4.561628818511963,-12.750900268554688,-14.90684700012207,-0.40506184101104736,-16.43758773803711,-18.822723388671875,0.7915086150169373,-9.167964935302734,-13.447720527648926,0.7816110253334045,-4.755376815795898,-6.400458812713623
3_theo_37.wav,0.28742659091949463,0.005877468269318342,901.530824840359,934.5785214527933,2074.365234375,0.034220377604166664,-574.8629760742188,208.3540802001953,-53.6352424621582,33.88706588745117,56.06270217895508,-28.505216598510742,-6.184742450714111,-0.08506361395120621,-22.935989379882812,1.7305752038955688,-9.928936958312988,-24.4074649810791,1.1527169942855835,-6.6242289543151855,-10.1661376953125,8.43967342376709,-9.13786506652832,-13.96335220336914,2.155404806137085,-12.065727233886719,-11.385605812072754,4.1090474128723145,-8.5608549118042,-9.659958839416504,-0.39472806453704834,-8.319737434387207,-2.7498626708984375,3.847569704055786,-5.507844924926758,-0.8777088522911072
5_jackson_36.wav,0.34447160363197327,0.06384836137294769,888.9261650678056,758.3277134484324,1544.3344116210938,0.053619384765625,-315.4541015625,242.73196411132812,-63.71650314331055,-7.62403678894043,9.360382080078125,-54.68970489501953,-7.87029504776001,2.4900283813476562,-31.182966232299805,-0.07209357619285583,6.164313793182373,-13.731563568115234,-5.672391891479492,-17.018827438354492,-19.030118942260742,0.26055291295051575,-12.000988006591797,-11.477469444274902,4.876257419586182,-13.247802734375,-13.63706111907959,5.658263683319092,-8.282896995544434,-13.239741325378418,-1.907017469406128,-11.351844787597656,-11.690943717956543,-3.612382411956787,-9.88125228881836,-5.945855140686035
7_theo_41.wav,0.41412341594696045,0.0036907128524035215,1262.9034495358894,1002.2819757669276,2450.8185135690787,0.09922388980263158,-579.7138061523438,212.10153198242188,-76.48978424072266,25.145183563232422,35.51979446411133,-51.42974090576172,0.579220712184906,4.847472190856934,-29.594385147094727,11.907254219055176,3.6177399158477783,-21.717588424682617,7.130631923675537,0.8183097243309021,-8.002423286437988,7.309375286102295,-12.682217597961426,-13.393017768859863,5.006956577301025,-15.260552406311035,-12.966066360473633,7.3611860275268555,-6.900814056396484,-5.855679512023926,4.235803604125977,-8.133143424987793,-1.4771000146865845,5.367339134216309,-8.022607803344727,-3.1294350624084473
8_jackson_5.wav,0.3572874665260315,0.04969281703233719,1210.3731868221346,1082.6816496054823,2559.617855674342,0.07005550986842106,-347.6962585449219,165.01206970214844,-40.36152267456055,46.18179702758789,31.301345825195312,-72.69563293457031,-28.84473991394043,4.297154903411865,-27.1362247467041,-13.996243476867676,-14.341300964355469,-24.811416625976562,0.1944970339536667,-2.7900893688201904,-15.303600311279297,0.9358574748039246,1.0943403244018555,-2.758132219314575,0.8087626695632935,-10.578193664550781,-6.9512739181518555,0.38861680030822754,-14.669473648071289,-9.015219688415527,2.4014973640441895,-14.497653007507324,-14.603574752807617,-1.4175862073898315,-9.506824493408203,-11.659394264221191
3_jackson_11.wav,0.24623991549015045,0.08665784448385239,761.184569112573,859.0485260003377,1674.744873046875,0.03251953125,-330.93194580078125,180.31948852539062,-23.502901077270508,26.751995086669922,39.01153564453125,-29.358694076538086,-23.202320098876953,-17.858154296875,-30.052108764648438,-7.622415065765381,-13.958032608032227,-31.0384521484375,-12.475822448730469,-11.95555305480957,-16.169979095458984,1.3327921628952026,-2.358889102935791,-7.969038486480713,1.144835352897644,-9.01130199432373,-11.438720703125,1.8484163284301758,-8.361613273620605,-15.608856201171875,-5.4078288078308105,-9.282735824584961,-11.053729057312012,-3.407320022583008,-8.732197761535645,-11.20848560333252
9_theo_9.wav,0.3091476261615753,0.00473770359531045,968.5498584219977,926.6078762719883,1934.021638569079,0.04944490131578947,-578.7939453125,223.3662567138672,-63.61211013793945,17.78924560546875,37.45172882080078,-40.94779586791992,-2.1568386554718018,7.096032619476318,-23.05132484436035,10.31995677947998,6.546207904815674,-21.29041862487793,-1.295406699180603,2.2033393383026123,-3.38301682472229,3.521390438079834,-13.66680908203125,-14.400862693786621,0.5826346278190613,-13.993492126464844,-12.391639709472656,3.2340312004089355,-8.61568832397461,-7.086498737335205,4.036676406860352,-6.872646808624268,-3.746950626373291,6.623095512390137,-2.24817156791687,-3.7734649181365967
4_george_21.wav,0.2572629451751709,0.05543294921517372,1121.579345928163,984.4843528069047,2264.1529756433824,0.055922564338235295,-354.03887939453125,166.2885284423828,-65.56449890136719,1.196397304534912,13.257820129394531,-53.612064361572266,-15.66193675994873,-8.779336929321289,-44.50242614746094,-18.568111419677734,-12.79725170135498,-27.303512573242188,-7.19733190536499,-12.133635520935059,-21.881425857543945,-0.8167656064033508,-4.438757419586182,-15.182717323303223,-6.742532253265381,-14.104942321777344,-18.307640075683594,-10.125587463378906,-14.11343765258789,-9.405072212219238,-1.7096056938171387,-9.268281936645508,-4.896144390106201,0.27699214220046997,-8.062861442565918,-1.4480983018875122
4_yweweler_35.wav,0.45148614048957825,0.006529179401695728,897.3629791650975,744.7046603664787,1517.578125,0.05910528273809524,-584.9729614257812,214.6973419189453,-26.190853118896484,6.7288689613342285,6.5801520347595215,-47.36121368408203,1.3878182172775269,16.310853958129883,-16.089828491210938,2.811598777770996,0.5362082123756409,-17.468143463134766,3.845245838165283,2.8576114177703857,-8.993915557861328,4.974890232086182,-1.0740742683410645,-9.211648941040039,2.608766794204712,-3.5705316066741943,-8.477745056152344,-0.6231916546821594,-8.212687492370605,-8.126314163208008,1.535754919052124,-5.935906410217285,-6.758933067321777,0.9606353044509888,-3.5852794647216797,-2.6596012115478516
6_yweweler_44.wav,0.33678117394447327,0.011450070887804031,1084.1185540447457,1007.3554793086716,2423.8311767578125,0.03955078125,-495.61871337890625,204.26876831054688,-63.37224578857422,37.57682800292969,56.09200668334961,-46.51456069946289,-16.650785446166992,4.449108123779297,-28.031490325927734,-10.782480239868164,-12.543190956115723,-22.40076446533203,3.912574529647827,-0.8247157335281372,-9.485450744628906,6.428845405578613,-1.658797264099121,-3.0072362422943115,6.424232482910156,-8.430030822753906,-3.9347264766693115,7.361273288726807,-12.2777099609375,-10.606258392333984,4.3955254554748535,-8.241344451904297,-9.093330383300781,0.9140106439590454,-5.529947757720947,-4.526857376098633
2_nicolas_34.wav,0.2758220434188843,0.024223029613494873,1283.5770118287796,1203.4572052687665,2800.8544921875,0.06337193080357142,-393.0564270019531,179.97091674804688,-70.18097686767578,43.01338577270508,43.10727310180664,-29.182098388671875,22.23907470703125,4.711062908172607,-33.16102981567383,11.535656929016113,-4.482197284698486,-27.588884353637695,9.154419898986816,-4.541623115539551,-18.17302703857422,9.092025756835938,-3.8798022270202637,-8.774226188659668,12.129286766052246,-2.1876988410949707,-4.438366889953613,9.097063064575195,-5.454415798187256,-3.240006923675537,8.10782527923584,-4.585235118865967,-2.2617485523223877,4.042670726776123,-5.456597805023193,0.02215707302093506
2_jackson_32.wav,0.2181486338376999,0.05692153796553612,948.7035449844424,761.1889780786559,1385.9552556818182,0.06955788352272728,-385.9449462890625,164.20285034179688,-13.195479393005371,27.03834342956543,29.64557456970215,-32.290706634521484,-19.383615493774414,-6.818696975708008,-22.025785446166992,-13.799942970275879,-16.93962287902832,-19.75493812561035,-5.913335800170898,-14.822952270507812,-14.770757675170898,3.627047061920166,-7.142879009246826,-10.768819808959961,5.240607738494873,-6.313397407531738,-10.998541831970215,5.125957012176514,-4.976709842681885,-14.31240463256836,-2.977438449859619,-6.474386215209961,-10.885428428649902,-5.5837883949279785,-9.684110641479492,-5.8901472091674805
4_theo_7.wav,0.33778420090675354,0.0068540628999471664,849.1418763412764,658.439265170185,1225.95703125,0.061197916666666664,-543.9863891601562,202.43882751464844,-17.55494499206543,-7.515086650848389,0.6271224617958069,-33.133792877197266,-5.034430027008057,-2.1184892654418945,-18.25107192993164,0.6363517642021179,-9.84589672088623,-21.037439346313477,4.517908573150635,1.0064682960510254,-6.2709527015686035,13.59128189086914,3.641296148300171,-12.185423851013184,-2.9546186923980713,-11.055438995361328,-17.812959671020508,-3.7103724479675293,-6.005046367645264,-10.305798530578613,0.09581054002046585,-0.4002019464969635,-3.124828577041626,-0.01689411886036396,-3.899620294570923,-3.917052745819092
4_theo_41.wav,0.36196112632751465,0.004920934326946735,899.3275755808658,700.6109030776025,1405.04150390625,0.06089564732142857,-578.8546752929688,232.51588439941406,-36.223236083984375,-3.4772284030914307,6.01570987701416,-38.74301528930664,5.019307613372803,6.009190082550049,-22.498992919921875,1.7717788219451904,-9.977978706359863,-24.27248191833496,7.0368499755859375,0.4406926929950714,-9.41230583190918,12.672526359558105,-0.5661525726318359,-14.091605186462402,-1.8655602931976318,-14.082301139831543,-16.22574234008789,1.9977302551269531,-7.290236473083496,-12.62735652923584,-0.9116319417953491,-3.1815905570983887,0.08896182477474213,5.48513126373291,-4.073650360107422,-1.9935351610183716
3_yweweler_29.wav,0.30318716168403625,0.010876137763261795,1046.5813120927924,1064.8902979642958,2492.882361778846,0.040602463942307696,-520.6299438476562,179.52020263671875,-41.11887741088867,41.690792083740234,41.41672897338867,-47.89445114135742,-2.2667455673217773,14.108559608459473,-37.673641204833984,-18.158668518066406,-4.45747184753418,-24.377397537231445,-8.40845012664795,-6.508608818054199,-15.893284797668457,2.464404582977295,-2.168785810470581,-12.250422477722168,6.250804424285889,3.178748846054077,-9.812783241271973,-1.4792845249176025,-3.970371723175049,-9.546952247619629,-4.062655448913574,-7.6705803871154785,-6.093594074249268,0.34346917271614075,-7.915042400360107,-8.350708961486816
6_lucas_36.wav,0.5242168307304382,0.02698870562016964,1709.930176677419,1027.6157615948173,2845.6596042798915,0.16249150815217392,-377.4138488769531,185.41970825195312,-89.60551452636719,30.88892936706543,52.18693161010742,-47.501487731933594,0.31645163893699646,16.20525550842285,-26.3000431060791,7.803610324859619,11.49642276763916,-15.334197998046875,5.7084269523620605,3.451328754425049,-6.882078647613525,9.755627632141113,-1.2868598699569702,-6.20945405960083,9.289908409118652,-3.2102646827697754,-4.335392951965332,8.607069969177246,-5.115386009216309,-4.438002109527588,6.844717502593994,-5.489609241485596,-3.7671475410461426,5.5048909187316895,-3.610987424850464,-0.7927919626235962
4_theo_8.wav,0.30848145484924316,0.003899158677086234,769.2280763005701,718.1644609976989,1188.812255859375,0.041219075520833336,-606.7430419921875,250.97735595703125,-45.04506301879883,4.132850170135498,11.865239143371582,-42.0187873840332,5.8132853507995605,6.129398822784424,-21.283287048339844,7.466709136962891,-5.44761323928833,-18.818246841430664,10.77727222442627,-2.4843695163726807,-11.831371307373047,11.347415924072266,-6.283140659332275,-19.05646324157715,-4.056101322174072,-16.061574935913086,-17.23564338684082,-0.5925267338752747,-8.343330383300781,-7.8307366371154785,-0.036710191518068314,-8.279452323913574,-1.774298071861267,4.398889064788818,-5.856675624847412,-0.49322566390037537
1_nicolas_23.wav,0.4066087603569031,0.021076563745737076,1061.4009659487654,1125.1000374030789,2545.5322265625,0.057896205357142856,-408.1187438964844,240.36415100097656,-76.58196258544922,44.042179107666016,40.630069732666016,-43.05962371826172,22.2930965423584,0.873048722743988,-40.564537048339844,17.270639419555664,0.43649789690971375,-24.98630714416504,15.382331848144531,-2.5097317695617676,-15.625982284545898,11.591056823730469,-9.71971321105957,-12.641759872436523,12.454302787780762,-5.791358947753906,-7.917656421661377,5.9470038414001465,-9.484404563903809,-4.870426177978516,4.3826189041137695,-8.307953834533691,-0.3109496235847473,3.8955323696136475,-7.582673072814941,1.405397653579712
9_jackson_19.wav,0.3153933882713318,0.06696649640798569,884.6877938950402,927.0426680741369,1822.6959228515625,0.0443115234375,-325.2552185058594,221.1931610107422,-48.62204360961914,20.78428840637207,28.51336097717285,-49.59174728393555,-5.539714813232422,5.571584701538086,-33.16616439819336,-2.582667827606201,3.017228126525879,-24.192108154296875,-7.809587001800537,-1.18280827999115,-10.270652770996094,-5.9342803955078125,-13.002680778503418,-10.967206001281738,-1.6825872659683228,-12.077794075012207,-7.783240795135498,-0.469899982213974,-15.425243377685547,-10.05553913116455,-0.7504728436470032,-16.433454513549805,-13.310153007507324,-1.3825777769088745,-9.051582336425781,-5.283836841583252
9_theo_30.wav,0.24758338928222656,0.01086252462118864,991.699691603129,866.2503526862021,1829.091796875,0.05618024553571429,-498.9591369628906,203.54248046875,-77.7708969116211,4.830680847167969,32.51598358154297,-39.20859909057617,-5.6186347007751465,0.9961313605308533,-20.62973403930664,9.296805381774902,-3.783677816390991,-23.011030197143555,-1.8567321300506592,-14.247035026550293,-17.52244758605957,0.75004643201828,-17.69744873046875,-13.217529296875,8.015191078186035,-13.48453426361084,-12.72361946105957,5.070511817932129,-12.710572242736816,-8.677070617675781,8.027176856994629,-7.9581732749938965,-8.332344055175781,2.086045980453491,-4.993548393249512,1.1280646324157715
5_george_42.wav,0.3363223969936371,0.06646192073822021,1408.0771433649977,963.3351503910152,2573.8511029411766,0.08725873161764706,-324.12579345703125,196.60728454589844,-118.67159271240234,-12.99100399017334,19.072546005249023,-59.485313415527344,-13.003059387207031,-15.267967224121094,-46.5023078918457,3.4105966091156006,-9.412810325622559,-38.15718460083008,1.555208683013916,-11.924308776855469,-37.104827880859375,-5.157595157623291,-6.705144882202148,-16.443286895751953,1.3279839754104614,-11.295976638793945,-16.603513717651367,-0.9572123289108276,-12.164655685424805,-10.89615249633789,3.1058318614959717,-9.495030403137207,-9.446503639221191,-0.004642318468540907,-10.056888580322266,-6.347195148468018
3_lucas_16.wav,0.5162774920463562,0.021504579111933708,1513.1387761930484,972.0056531344986,2591.5843290441176,0.12497127757352941,-481.7234191894531,111.39192962646484,-35.399478912353516,23.139636993408203,44.61933135986328,-17.792354583740234,-9.228734016418457,10.40739631652832,-10.192726135253906,-2.844431161880493,6.667964458465576,-6.358095645904541,-2.2530064582824707,2.258293628692627,-4.073827266693115,1.6040586233139038,2.2074477672576904,-5.01085090637207,-1.2601112127304077,-1.477615237236023,-6.383533477783203,-2.3004238605499268,-1.6841914653778076,-3.6814773082733154,0.09688908606767654,-1.3952264785766602,-3.5014946460723877,0.7760359644889832,-0.9608004093170166,-4.475125789642334
4_theo_47.wav,0.32279232144355774,0.004783729091286659,749.9791344917465,670.9806370701202,1228.289794921875,0.0450439453125,-581.2467041015625,250.64830017089844,-35.40645217895508,0.9331873059272766,8.159768104553223,-41.51687240600586,4.406384468078613,2.0705299377441406,-25.76336097717285,5.91088342666626,-4.237472057342529,-19.867477416992188,6.815654754638672,-5.672596454620361,-13.668549537658691,10.066683769226074,-4.74105978012085,-14.54356861114502,-0.5502027273178101,-16.0971622467041,-20.00080680847168,-3.98779559135437,-11.352920532226562,-9.051590919494629,1.6472855806350708,-8.226996421813965,-5.922628879547119,2.5727226734161377,-3.171398878097534,1.0066676139831543
5_lucas_10.wav,0.5135864615440369,0.07954598218202591,1261.587443512834,889.3549901574621,2204.0130615234375,0.09981282552083333,-336.5050354003906,174.0232391357422,-51.3607063293457,-6.515378952026367,28.793716430664062,-28.5203857421875,-14.057029724121094,7.159763336181641,-16.015079498291016,-4.17366886138916,11.360013008117676,-0.8684313893318176,-1.7723827362060547,-4.711222171783447,-9.863930702209473,1.8921904563903809,-0.16537286341190338,-10.638587951660156,-1.4224863052368164,1.1704965829849243,-8.201446533203125,-5.614555358886719,-1.7729592323303223,-3.87310791015625,-3.120476007461548,-3.251274824142456,-2.832005739212036,-0.923535168170929,-4.006858825683594,-5.647119045257568
9_yweweler_26.wav,0.3918610215187073,0.010483895428478718,1041.904457028367,918.9441512637982,2089.6994850852275,0.0537109375,-513.3480834960938,226.24203491210938,-72.70812225341797,8.42878246307373,28.2475528717041,-47.75067138671875,7.258230209350586,16.058095932006836,-33.79928970336914,0.42029523849487305,8.857439041137695,-19.491518020629883,0.3832780718803406,-0.5695412158966064,-16.59615135192871,-2.1134705543518066,-8.668081283569336,-14.848807334899902,0.7185201644897461,-8.548836708068848,-12.349154472351074,1.3135653734207153,-7.505913257598877,-8.391180992126465,1.071647047996521,-10.18845272064209,-7.7988128662109375,3.74904727935791,-6.702529430389404,-6.965620517730713
5_nicolas_38.wav,0.41282084584236145,0.05662553384900093,1013.4063062436112,857.2108938718262,1854.3887867647059,0.05678423713235294,-326.3775939941406,238.27175903320312,-71.44617462158203,3.4639499187469482,16.525638580322266,-45.22024917602539,11.691469192504883,8.920639991760254,-24.160741806030273,11.609336853027344,-5.242025852203369,-20.792926788330078,16.21630859375,-2.8435254096984863,-19.174970626831055,8.865346908569336,-3.7791855335235596,-12.56497859954834,6.215366363525391,-2.8748281002044678,-3.233459234237671,4.662736892700195,-10.13818645477295,-2.772831678390503,8.525291442871094,-6.097014427185059,-1.4797725677490234,7.032446384429932,-2.8218846321105957,2.114733934402466
6_jackson_29.wav,0.34713080525398254,0.06257941573858261,1586.8021534403101,1141.7717776267734,2860.3271484375,0.15049913194444445,-359.4114990234375,126.19588470458984,-44.08749008178711,15.783391952514648,24.773584365844727,-30.289493560791016,-15.573342323303223,-17.7581729888916,-22.56280517578125,6.078426837921143,-8.30233383178711,-17.316741943359375,7.650367259979248,-2.770350694656372,-9.359132766723633,-0.4620744287967682,-18.79294776916504,-11.37811279296875,6.424068450927734,-17.70594024658203,-16.27507209777832,5.283080101013184,-11.46237564086914,-12.763214111328125,3.6919286251068115,-8.340143203735352,-8.611894607543945,3.2527694702148438,-5.4291510581970215,-4.324458599090576
6_theo_6.wav,0.3211718797683716,0.002677667886018753,1836.8990371052428,1156.30188616468,3081.640625,0.15958658854166666,-590.9609375,176.34991455078125,-84.69926452636719,40.93458938598633,37.18252182006836,-48.56525421142578,7.759453773498535,-0.17121513187885284,-29.92278289794922,16.858646392822266,-3.3164379596710205,-23.788253784179688,15.10484790802002,0.9341602325439453,-6.796903610229492,17.51706314086914,-5.421392440795898,-7.934788227081299,11.127729415893555,-12.45395278930664,-10.325788497924805,8.381569862365723,-8.901176452636719,-5.1633710861206055,5.232902526855469,-10.01492691040039,-2.291572332382202,5.865197658538818,-6.929164886474609,-1.6069655418395996
0_yweweler_37.wav,0.2972683608531952,0.010874547064304352,921.1908125368481,825.9588969367422,1762.5560087316176,0.04265280330882353,-505.7993469238281,216.5251922607422,-51.29313278198242,3.829615354537964,21.034671783447266,-41.866241455078125,-1.076222538948059,7.148653984069824,-29.741273880004883,-4.998711109161377,-4.21693229675293,-24.35460662841797,0.4456087350845337,2.606645107269287,-10.996360778808594,2.5606744289398193,-2.3469185829162598,-9.077300071716309,4.231472015380859,-3.0204975605010986,-9.52975082397461,-0.6285839080810547,-7.162456512451172,-8.746049880981445,-1.9396789073944092,-9.565118789672852,-7.968638896942139,-0.3648930788040161,-7.022813320159912,-5.747873306274414
6_jackson_49.wav,0.36338111758232117,0.06162417307496071,1513.4648928891404,1066.0299876414474,2629.56298828125,0.11985677083333333,-368.1078796386719,98.24559783935547,-25.835073471069336,25.38689422607422,24.14629364013672,-29.829906463623047,-14.972254753112793,-11.0719633102417,-20.854108810424805,1.6258666515350342,-3.447483777999878,-17.300771713256836,-1.1006503105163574,1.1461942195892334,-4.1170654296875,-3.660173177719116,-13.415040016174316,-6.332878112792969,2.4476113319396973,-15.248531341552734,-14.385392189025879,-1.5436110496520996,-13.170385360717773,-12.087038040161133,1.6402227878570557,-4.886711597442627,-6.1500396728515625,1.4954456090927124,-1.6932529211044312,-0.8417651653289795
0_yweweler_18.wav,0.30251866579055786,0.009373380802571774,1024.8604203126822,876.429047702566,1860.3554173519738,0.05065275493421053,-512.9661865234375,214.39346313476562,-56.93357467651367,7.516724586486816,24.225000381469727,-44.244930267333984,2.4246697425842285,13.007662773132324,-31.886098861694336,-9.673966407775879,-6.185260772705078,-25.33425521850586,0.9042817950248718,1.5932878255844116,-14.754321098327637,2.561857223510742,1.026437520980835,-8.010565757751465,4.117239952087402,-3.809891939163208,-11.42240047454834,-0.4333207905292511,-6.667478561401367,-9.605276107788086,0.5722872614860535,-5.099304676055908,-5.098024845123291,4.965602874755859,-0.22387585043907166,-3.3701906204223633
3_jackson_38.wav,0.2377573698759079,0.09694033861160278,982.9986999255468,1037.553341449066,2235.2401069972825,0.04301120923913043,-313.566650390625,163.80137634277344,-36.013153076171875,46.702457427978516,47.06632614135742,-35.36157989501953,-11.140558242797852,-10.301813125610352,-34.6516227722168,-3.623586893081665,-12.713523864746094,-36.753299713134766,-9.87934684753418,-3.469132900238037,-8.954469680786133,2.9650309085845947,-4.680078983306885,-5.125692844390869,1.0044996738433838,-15.338238716125488,-8.605358123779297,3.487791061401367,-18.613460540771484,-17.56817626953125,-0.7307565808296204,-14.116944313049316,-15.060675621032715,-2.294996976852417,-9.44049072265625,-9.603830337524414
8_yweweler_5.wav,0.37963786721229553,0.007805197965353727,1595.87110241151,1156.0623214682118,2936.590576171875,0.0826416015625,-527.3982543945312,204.03004455566406,-91.84738159179688,49.71906661987305,52.657291412353516,-69.13744354248047,-3.021864175796509,14.231117248535156,-40.614078521728516,-3.3400166034698486,-4.310946941375732,-28.543188095092773,9.137361526489258,0.09047198295593262,-19.300521850585938,11.02851390838623,2.835744619369507,-10.427599906921387,7.6191086769104,-2.7730791568756104,-5.611850738525391,6.49822473526001,-9.476046562194824,-5.769678592681885,7.146416187286377,-12.434365272521973,-10.233048439025879,4.480862140655518,-9.032022476196289,-7.636824131011963
8_george_13.wav,0.28027477860450745,0.047129541635513306,1519.1805445756745,1126.855171855932,2945.3676970108695,0.07347571331521739,-387.4581298828125,136.46469116210938,-78.62999725341797,37.023399353027344,40.136558532714844,-58.782752990722656,-18.356342315673828,-11.006319999694824,-46.62611389160156,-11.48069953918457,-20.197355270385742,-41.74155044555664,2.214080572128296,-3.237490177154541,-32.99467849731445,-5.107410907745361,-0.7472127676010132,-20.046676635742188,-8.817743301391602,-5.474679946899414,-8.283294677734375,-4.336122035980225,-13.03122615814209,-8.370903015136719,0.8241829872131348,-12.597758293151855,-10.900067329406738,0.42166242003440857,-8.020959854125977,-5.383857250213623
6_yweweler_5.wav,0.4472120702266693,0.010014249943196774,1246.9697076775224,1072.928659650166,2612.369051846591,0.06618430397727272,-513.4240112304688,189.40875244140625,-63.952491760253906,39.611968994140625,48.618587493896484,-48.990211486816406,-8.671554565429688,6.220239639282227,-29.721094131469727,-5.91184663772583,-9.59931755065918,-23.373323440551758,4.169076919555664,-2.7812435626983643,-11.889856338500977,7.079570293426514,-2.46004319190979,-4.165578842163086,8.424295425415039,-7.335029602050781,-6.337328910827637,2.954155206680298,-15.95947265625,-11.255589485168457,3.4085443019866943,-10.719345092773438,-7.9689741134643555,2.941763162612915,-7.283509731292725,-4.072684288024902
1_nicolas_15.wav,0.3509059250354767,0.04670584201812744,985.3607487700202,1007.5911948792902,1997.6186899038462,0.052095853365384616,-344.4806823730469,231.62571716308594,-60.6103515625,18.569196701049805,22.576770782470703,-34.99667739868164,18.462404251098633,0.7648038268089294,-36.04914855957031,11.615721702575684,1.0533933639526367,-22.659006118774414,9.408231735229492,-1.8693549633026123,-13.772150993347168,7.428030014038086,-9.027061462402344,-11.985681533813477,9.712936401367188,-4.834946632385254,-7.75032901763916,5.075587749481201,-7.720787525177002,-5.457394599914551,3.4686737060546875,-6.7092461585998535,-0.6721595525741577,3.269686698913574,-7.158459186553955,1.6341959238052368
8_jackson_12.wav,0.2375875860452652,0.05128498747944832,1005.9748862258351,1067.279675757492,2389.5126342773438,0.041412353515625,-381.2904052734375,178.6238555908203,-25.57843017578125,55.33823013305664,42.56903839111328,-57.520503997802734,-18.0564022064209,16.881103515625,-15.392383575439453,-11.700325012207031,-9.31365966796875,-16.6658935546875,-6.162169933319092,-12.532156944274902,-11.041706085205078,2.4678869247436523,-11.28029727935791,-10.751495361328125,3.7044973373413086,-12.132275581359863,-15.645983695983887,-3.521855115890503,-14.34451675415039,-13.428300857543945,-3.456049919128418,-14.510351181030273,-10.820980072021484,1.9290848970413208,-6.671059608459473,-5.434198379516602
4_theo_9.wav,0.3336194157600403,0.004887205082923174,740.5251068621138,679.4348834033607,1155.615234375,0.036295572916666664,-594.5798950195312,247.370361328125,-35.06403732299805,4.555423259735107,12.870360374450684,-38.45994567871094,2.6076114177703857,0.4287373125553131,-26.16640281677246,4.772617340087891,-6.5824809074401855,-23.26775550842285,8.708157539367676,3.3973171710968018,-7.693936824798584,9.534879684448242,-7.505812168121338,-18.673612594604492,-1.9318281412124634,-12.216143608093262,-15.84072494506836,-0.04898301884531975,-7.897602081298828,-11.227973937988281,-1.9564558267593384,-6.312692165374756,-2.778862953186035,3.7873449325561523,-1.9531346559524536,0.67741459608078
8_theo_15.wav,0.4743490517139435,0.004797768779098988,1501.423285773925,1140.4367991763957,2905.18798828125,0.1079372829861111,-560.759033203125,171.17442321777344,-61.77370071411133,48.71234893798828,41.98121643066406,-57.75133514404297,-2.8597915172576904,10.986743927001953,-34.43764877319336,-8.509407997131348,-5.7513580322265625,-18.553956985473633,4.981705188751221,-2.6364588737487793,-5.992668151855469,12.758918762207031,-4.126480579376221,-7.916780948638916,4.858169078826904,-14.089944839477539,-12.235615730285645,4.312425136566162,-8.900313377380371,-6.562859535217285,3.234804153442383,-7.727730751037598,-0.9137395024299622,5.807440280914307,-6.693314552307129,-2.7020230293273926
2_george_29.wav,0.21793727576732635,0.04116090387105942,943.7147990599833,952.6250485904371,1929.1216681985295,0.036908318014705885,-402.8013610839844,184.92430114746094,-59.53036880493164,11.24431037902832,14.281006813049316,-56.06406784057617,-7.048647403717041,-1.5988540649414062,-40.621849060058594,-12.669866561889648,-17.390705108642578,-39.60667037963867,-14.495506286621094,-19.84156608581543,-30.10663414001465,-3.5756783485412598,-6.412057876586914,-14.229915618896484,-0.5674691796302795,-13.92790699005127,-23.620800018310547,-10.193265914916992,-11.942564010620117,-10.306657791137695,-3.978332042694092,-12.445931434631348,-7.862178325653076,-2.2915103435516357,-12.35448169708252,-5.718724250793457
1_george_43.wav,0.3651125431060791,0.051185768097639084,1283.8168385003996,1028.9495346263552,2549.151252297794,0.06945082720588236,-346.38348388671875,197.70457458496094,-90.13272857666016,-1.7331608533859253,6.415053367614746,-58.73381423950195,-1.9046239852905273,-20.37948226928711,-53.10299301147461,7.943357467651367,-11.834567070007324,-46.607208251953125,1.1998958587646484,-10.441065788269043,-40.25733947753906,-7.240060329437256,-7.447497367858887,-22.936243057250977,-8.226024627685547,-11.603948593139648,-13.043423652648926,-8.128623962402344,-18.138521194458008,-5.565701007843018,1.4107309579849243,-19.583271026611328,-10.736771583557129,1.8674542903900146,-13.030004501342773,-6.952803134918213
5_george_21.wav,0.41145727038383484,0.054547809064388275,1663.677639714152,1069.7881278195823,2957.3701171875,0.11544921875,-350.453857421875,157.0628662109375,-106.44328308105469,0.6404999494552612,19.845735549926758,-56.212886810302734,-6.172117710113525,-10.043792724609375,-47.09321212768555,-0.17375938594341278,-6.636986255645752,-34.268165588378906,-0.9054338335990906,-11.078970909118652,-30.834331512451172,-3.597470998764038,-9.5211820602417,-18.914518356323242,0.6010106801986694,-8.385157585144043,-13.415574073791504,-0.7112004160881042,-11.990538597106934,-11.213610649108887,2.0111966133117676,-7.925687789916992,-7.420464992523193,0.009183273650705814,-9.243721961975098,-5.373498916625977
7_theo_8.wav,0.30538931488990784,0.004702948033809662,1089.8790358259098,981.0103000590334,2100.25634765625,0.06731305803571429,-584.78662109375,215.94386291503906,-65.8601303100586,29.63625717163086,38.76066207885742,-42.3844108581543,-1.5228317975997925,-0.5665468573570251,-27.253416061401367,13.78420352935791,4.460200309753418,-21.52803611755371,2.7692110538482666,-0.7145813703536987,-5.680550575256348,4.389389514923096,-18.0237979888916,-14.93058967590332,5.63590145111084,-13.974345207214355,-13.516596794128418,3.147706985473633,-10.130274772644043,-4.808452129364014,5.706532955169678,-11.148293495178223,-6.927787780761719,4.724605083465576,-3.839052677154541,-0.6390728950500488
9_george_24.wav,0.3753831088542938,0.07005128264427185,1657.5017014564341,1090.7458448334712,3006.2744140625,0.1179470486111111,-320.620849609375,185.15806579589844,-126.38370513916016,9.282187461853027,35.04132080078125,-53.362178802490234,-0.18143326044082642,-15.787449836730957,-51.90974426269531,14.678211212158203,-2.7223355770111084,-44.159732818603516,0.8510739207267761,-8.523579597473145,-33.86237716674805,-0.9328155517578125,-7.859708309173584,-21.75035858154297,-1.019410252571106,-9.29462718963623,-14.220869064331055,-4.819474697113037,-15.84877872467041,-5.987558841705322,4.3007402420043945,-14.408523559570312,-6.146669387817383,4.199962615966797,-14.77222728729248,-9.393412590026855
8_theo_7.wav,0.3033396899700165,0.004704352468252182,1559.626727047183,1090.9740753051324,2893.90869140625,0.10431780133928571,-580.4401245117188,165.03273010253906,-60.519676208496094,56.1209716796875,46.37189483642578,-56.16349411010742,-1.7073920965194702,9.326284408569336,-33.51117706298828,-4.154187202453613,-5.951289176940918,-17.765682220458984,11.119783401489258,-1.186016321182251,-7.089531898498535,16.150672912597656,-3.1141469478607178,-9.656936645507812,6.5373992919921875,-11.544148445129395,-9.989090919494629,5.843778133392334,-12.102662086486816,-11.473152160644531,-0.06155552342534065,-12.412874221801758,-5.2483320236206055,5.620035648345947,-3.7524163722991943,1.3805283308029175
1_george_11.wav,0.23240645229816437,0.05566897615790367,1061.3401412040207,940.6642237110207,1879.0553042763158,0.051423725328947366,-361.2925109863281,178.83535766601562,-71.95896911621094,-4.689823150634766,10.08459186553955,-45.38332748413086,-8.81372356414795,-15.663325309753418,-39.979183197021484,0.5719942450523376,-9.926647186279297,-33.1274528503418,-1.5762377977371216,-10.8981294631958,-32.229610443115234,-8.11660385131836,-7.544757843017578,-20.978912353515625,-12.580473899841309,-10.450895309448242,-5.113631248474121,-3.502157211303711,-17.36229133605957,-8.355082511901855,0.4588070809841156,-15.412135124206543,-9.754050254821777,1.2998442649841309,-10.617358207702637,-8.106620788574219
7_nicolas_37.wav,0.40052011609077454,0.02880764938890934,1176.1571946084046,1110.9024867172436,2600.13427734375,0.0546875,-365.6509094238281,184.8377685546875,-53.9662971496582,34.07632827758789,35.047752380371094,-37.45175552368164,7.425304889678955,-3.310420036315918,-34.722381591796875,11.8651704788208,2.5890092849731445,-21.755495071411133,10.151606559753418,3.8545336723327637,-7.826515197753906,9.961886405944824,-4.620314121246338,-8.417970657348633,6.816590785980225,-9.693305969238281,-9.719541549682617,5.3133416175842285,-6.085147380828857,-2.10969614982605,7.274833679199219,-5.488111972808838,-0.1868038922548294,6.930032730102539,-4.998424530029297,-0.7270511388778687
4_lucas_13.wav,0.5094989538192749,0.059681545943021774,1130.8056343818141,844.8770550618755,1883.687160326087,0.08793308423913043,-393.02569580078125,172.19540405273438,-21.47417449951172,12.080737113952637,11.74652099609375,-50.79301071166992,-11.167646408081055,20.910072326660156,-12.952425956726074,-5.859703540802002,12.123710632324219,-3.5634799003601074,-5.295877456665039,-0.9819138646125793,-4.842331886291504,-1.1750900745391846,-5.651703357696533,-9.083677291870117,1.0797361135482788,-4.112180709838867,-13.13054084777832,-4.4979023933410645,-4.325104713439941,-9.167581558227539,-1.4907445907592773,-1.5018030405044556,-7.022603511810303,-2.1304593086242676,-0.696511447429657,-4.5444254875183105
6_jackson_40.wav,0.41607099771499634,0.054149772971868515,1538.0623220197594,1114.8156848919448,2751.6948993389424,0.13553560697115385,-356.52838134765625,118.52632904052734,-32.770145416259766,18.685361862182617,22.921539306640625,-34.77572250366211,-20.780651092529297,-10.310078620910645,-14.461506843566895,3.7551283836364746,-5.855292797088623,-12.189240455627441,6.339885234832764,-2.1607282161712646,-9.31041145324707,-4.413962364196777,-18.054603576660156,-10.777420997619629,2.2877092361450195,-19.188261032104492,-17.384708404541016,3.2577223777770996,-10.482784271240234,-14.33507251739502,1.6012274026870728,-4.6796464920043945,-7.884222984313965,-0.25624358654022217,-4.977484703063965,-3.7217867374420166
6_nicolas_8.wav,0.4691564440727234,0.03963747248053551,1406.560877095145,1341.6095566022962,2933.30078125,0.07514105902777778,-322.64453125,181.11260986328125,-60.15299987792969,47.49602508544922,37.03724670410156,-47.9446907043457,2.4612197875976562,1.1789900064468384,-39.39958190917969,-3.1489734649658203,-6.071817398071289,-24.135452270507812,6.641138553619385,-0.005129602272063494,-11.909805297851562,10.82995319366455,1.9613829851150513,-8.001575469970703,5.548078536987305,-1.0796830654144287,-3.378207206726074,3.695890188217163,-4.386615753173828,-2.070223808288574,1.7128198146820068,-4.827977180480957,2.560349702835083,3.1635971069335938,-4.927720069885254,4.809106826782227
9_theo_39.wav,0.36181044578552246,0.010978683829307556,1033.5582193524856,869.5577784004948,1942.0257568359375,0.061431884765625,-484.4591064453125,194.20571899414062,-62.76660919189453,2.8213486671447754,31.039722442626953,-37.57378387451172,-11.366599082946777,0.8110747337341309,-25.290687561035156,-0.9131860733032227,-0.7645470499992371,-20.974872589111328,-1.1160351037979126,0.2823013961315155,-14.064668655395508,-9.13848876953125,-15.71088981628418,-14.116541862487793,-1.2478070259094238,-13.59431266784668,-13.214497566223145,3.8678598403930664,-3.1120946407318115,-0.139379620552063,13.910774230957031,1.1335506439208984,-3.8742237091064453,5.723520755767822,-1.2884770631790161,-0.8953319787979126
5_yweweler_12.wav,0.5136963725090027,0.008628028444945812,1149.6074804534471,928.4531094786626,2199.078369140625,0.0828369140625,-508.92474365234375,210.8531951904297,-73.24870300292969,10.206210136413574,34.552040100097656,-37.27395248413086,10.111771583557129,14.35236930847168,-27.895742416381836,10.218487739562988,14.045794486999512,-15.718525886535645,6.527301788330078,5.525437355041504,-10.375484466552734,4.8731489181518555,-4.441101551055908,-11.913642883300781,6.439396858215332,-3.963986873626709,-9.68785285949707,7.430455207824707,-2.835575580596924,-8.942262649536133,5.239994049072266,-1.9321987628936768,-6.475797176361084,3.176894187927246,-2.429934024810791,-5.376769065856934
2_theo_37.wav,0.30559810996055603,0.005430042743682861,1395.5168491486918,996.0257316705928,2486.187744140625,0.09684244791666667,-577.3229370117188,197.6226043701172,-78.10079193115234,45.13576126098633,50.680999755859375,-43.8175048828125,10.490668296813965,6.257869720458984,-34.59082794189453,4.4402031898498535,-10.689013481140137,-27.516794204711914,8.839200019836426,-10.657523155212402,-17.197114944458008,15.462428092956543,-6.816225528717041,-13.706962585449219,9.622261047363281,-8.487017631530762,-6.407515048980713,10.074374198913574,-13.367977142333984,-13.177716255187988,1.5012162923812866,-12.45389175415039,-7.156179904937744,2.3468141555786133,-8.546151161193848,-1.4281247854232788
7_yweweler_41.wav,0.2952050566673279,0.005082103423774242,1329.0710434148698,994.8172039795354,2456.57958984375,0.08730061848958333,-585.7166748046875,181.88084411621094,-64.43465423583984,24.200286865234375,35.001163482666016,-38.465087890625,7.70179557800293,3.795863389968872,-36.61705017089844,6.556060314178467,6.953210353851318,-24.121129989624023,0.09127893298864365,0.23855547606945038,-11.03856372833252,6.860805511474609,-3.80206036567688,-10.044026374816895,7.9126410484313965,-5.101977825164795,-11.226115226745605,3.654733419418335,-6.582698822021484,-8.53901481628418,2.3735225200653076,-8.456558227539062,-6.469685077667236,5.908145904541016,-3.2476937770843506,-4.3763885498046875
6_lucas_12.wav,0.5492353439331055,0.02663499489426613,1695.014314969606,996.112633741585,2814.6163137335525,0.16164679276315788,-386.8243713378906,181.19491577148438,-85.1872329711914,29.560949325561523,50.59003448486328,-47.98313522338867,-4.553979873657227,11.71273136138916,-29.593338012695312,3.114043712615967,9.030647277832031,-16.301937103271484,3.948397159576416,2.470668315887451,-8.112213134765625,8.127632141113281,-2.5240225791931152,-7.654818058013916,9.789706230163574,-3.1817634105682373,-8.8770112991333,5.730856418609619,-4.412651538848877,-6.499983310699463,4.941244125366211,-4.207624912261963,-4.102662563323975,4.086336135864258,-4.015142440795898,-1.751961350440979
8_theo_46.wav,0.34027397632598877,0.005033634603023529,1550.8590062711353,1116.630308974587,2943.715533088235,0.10647403492647059,-572.913330078125,181.9578399658203,-74.17317199707031,48.514739990234375,45.477359771728516,-58.19829559326172,2.4710018634796143,13.195825576782227,-34.11948776245117,0.7432212829589844,-0.3716484308242798,-21.5788516998291,5.089473247528076,-4.169166088104248,-12.93115520477295,8.05524730682373,-7.590569019317627,-11.268756866455078,5.854035377502441,-11.453603744506836,-12.295226097106934,2.902224540710449,-9.29798412322998,-6.632741451263428,1.9647268056869507,-8.498064041137695,-1.4268534183502197,2.4700541496276855,-9.24075984954834,-0.9096523523330688
1_yweweler_45.wav,0.3356650769710541,0.010451731272041798,837.3107240691767,756.5970953616762,1591.4382934570312,0.054931640625,-527.447265625,217.52505493164062,-32.193084716796875,9.282669067382812,14.042040824890137,-43.52739715576172,4.6126203536987305,12.35470199584961,-31.872005462646484,-5.178695201873779,9.23647403717041,-13.37459945678711,-4.74192476272583,-2.875985622406006,-9.809213638305664,0.08381414413452148,-6.005964279174805,-8.847122192382812,2.8985183238983154,-6.0320658683776855,-9.227527618408203,1.950750708580017,-5.711627960205078,-8.447646141052246,-0.8159275054931641,-7.776980400085449,-6.643640518188477,1.510404348373413,-5.359109878540039,-4.7700700759887695
8_theo_19.wav,0.30971917510032654,0.0034785098396241665,1449.383448036074,1139.9490762326545,2858.8916015625,0.07516276041666667,-603.8267822265625,194.9818572998047,-77.4982681274414,57.20449447631836,53.71499252319336,-61.003726959228516,0.13018321990966797,16.776561737060547,-30.86370277404785,-2.7531864643096924,-5.167097568511963,-20.093523025512695,5.807450294494629,-7.936365604400635,-12.945140838623047,9.20668888092041,-9.483899116516113,-9.965518951416016,9.106606483459473,-9.02592658996582,-7.893178462982178,5.109328746795654,-9.53128719329834,-3.247265100479126,4.147042274475098,-10.372106552124023,-1.6908915042877197,1.313860297203064,-13.185833930969238,-1.3708164691925049
4_lucas_49.wav,0.5138178467750549,0.057085029780864716,988.5488685168833,706.6668032916375,1522.3974609375,0.074462890625,-381.0664367675781,217.8667449951172,-26.46407127380371,11.604534149169922,12.309652328491211,-57.5792121887207,-10.08884334564209,21.062013626098633,-16.03689193725586,-1.6974875926971436,13.770439147949219,-8.462440490722656,-9.240009307861328,-3.6472535133361816,-2.6912083625793457,2.8300368785858154,-6.895877838134766,-7.236010551452637,4.165234088897705,-8.434248924255371,-11.409610748291016,4.224061012268066,-4.290826797485352,-10.279021263122559,1.241838812828064,-4.999089241027832,-9.114103317260742,1.403662085533142,-2.02995228767395,-4.848729610443115
7_george_42.wav,0.3385612368583679,0.04486757889389992,1509.9789817658864,1071.981355433762,2781.551513671875,0.0976806640625,-365.11474609375,171.73574829101562,-100.4476547241211,12.139402389526367,33.626678466796875,-45.22235870361328,-15.260663986206055,-35.468666076660156,-56.21966552734375,6.974639892578125,-11.924732208251953,-48.33979034423828,-1.3704755306243896,-1.306761622428894,-25.995208740234375,-4.759171485900879,-10.740838050842285,-20.284183502197266,-4.025053024291992,-13.283589363098145,-17.075170516967773,-6.599203586578369,-13.684144973754883,-4.697566509246826,2.2778544425964355,-15.750452041625977,-5.809077262878418,8.140997886657715,-9.44906234741211,-7.591915130615234
7_jackson_39.wav,0.33527469635009766,0.07780959457159042,951.3219231368581,951.5185252120467,1901.4754585597825,0.047872792119565216,-299.9309387207031,186.28228759765625,-40.882877349853516,12.040060043334961,29.780576705932617,-30.595178604125977,-11.308633804321289,-10.096405982971191,-32.841041564941406,-2.9210832118988037,5.8840861320495605,-13.912564277648926,-10.647727966308594,-6.985398769378662,-3.7865149974823,-6.654637336730957,-23.404115676879883,-12.803670883178711,-0.3923523426055908,-17.950496673583984,-14.859724044799805,-2.950291156768799,-12.653218269348145,-5.491977691650391,1.1702663898468018,-15.6639986038208,-12.735809326171875,-2.0404767990112305,-9.429399490356445,-7.290616989135742
9_theo_10.wav,0.2989651560783386,0.004693725146353245,1026.2056833696502,941.1735003514416,2049.0188598632812,0.048919677734375,-567.028076171875,232.68560791015625,-81.66026306152344,16.078628540039062,44.24592590332031,-43.268104553222656,-4.284651279449463,6.319439888000488,-24.827239990234375,9.977807998657227,3.2963883876800537,-23.388286590576172,2.6624507904052734,0.8866170048713684,-11.062227249145508,0.3033912181854248,-14.153682708740234,-14.874549865722656,1.5204590559005737,-15.620132446289062,-15.445995330810547,1.3771326541900635,-11.76922607421875,-7.444962024688721,7.228894233703613,-8.641162872314453,-8.55246353149414,4.296113014221191,-4.653839111328125,-4.045046806335449
1_jackson_40.wav,0.2825276553630829,0.07899780571460724,733.8519691383561,870.5840771291386,1453.4912109375,0.03517433449074074,-354.7047119140625,210.18621826171875,-12.57111930847168,28.71300506591797,13.533045768737793,-35.911460876464844,11.546151161193848,-4.708908557891846,-38.61622619628906,1.7074644565582275,-2.953303098678589,-21.496591567993164,2.5357069969177246,-10.129021644592285,-19.596118927001953,1.5201287269592285,-12.751280784606934,-18.208175659179688,1.2508524656295776,-9.332291603088379,-12.745661735534668,-3.018066883087158,-15.95849609375,-13.228949546813965,-1.7836546897888184,-13.64106273651123,-11.733781814575195,-1.9967926740646362,-10.013324737548828,-8.59730339050293
7_theo_38.wav,0.3141670227050781,0.009414085187017918,1267.0566980966578,958.5681299887859,2219.186580882353,0.09441061580882353,-530.2100219726562,182.4359893798828,-57.69144821166992,15.072332382202148,23.023395538330078,-41.59210205078125,-4.083693504333496,-9.4349365234375,-32.1386604309082,10.009540557861328,2.21707820892334,-17.974079132080078,6.722593307495117,-1.4291363954544067,-5.978346824645996,6.772985458374023,-18.427881240844727,-15.87320327758789,9.754902839660645,-10.840213775634766,-13.379584312438965,6.275835037231445,-9.16757583618164,-8.578510284423828,5.784371376037598,-10.326949119567871,-10.534497261047363,2.5436489582061768,-6.116210460662842,-3.9616990089416504
8_nicolas_39.wav,0.4655427932739258,0.04028690978884697,1150.4291494717381,1129.059523201424,2597.1435546875,0.041829427083333336,-352.36871337890625,196.63983154296875,-64.28189849853516,37.90760803222656,42.777565002441406,-45.21278381347656,0.13167709112167358,4.869355201721191,-28.067031860351562,7.4107232093811035,-2.3756566047668457,-21.468215942382812,11.491663932800293,-1.0565837621688843,-17.608673095703125,6.002713680267334,-3.9144222736358643,-9.409287452697754,8.794605255126953,-5.123936653137207,-7.678844928741455,7.234086036682129,-5.274526119232178,-3.5126867294311523,8.607649803161621,-2.8809897899627686,0.5364221930503845,7.293639183044434,-4.8515143394470215,1.1291035413742065
4_jackson_14.wav,0.39878836274147034,0.07390449196100235,704.756232789843,545.5171162189018,1088.693416819853,0.04877068014705882,-360.4197692871094,233.89697265625,13.523058891296387,-18.686752319335938,-21.01217269897461,-43.35530471801758,-18.63578224182129,-5.695209503173828,-15.02776050567627,-8.884974479675293,-14.345229148864746,-14.64416217803955,2.24774169921875,-6.550363063812256,-12.026036262512207,5.413579940795898,-3.253061532974243,-14.346071243286133,-0.30053016543388367,-6.71580696105957,-17.802640914916992,-3.0185043811798096,-4.422300815582275,-17.560504913330078,-8.13532829284668,-3.2356815338134766,-9.733417510986328,-5.740581512451172,-5.162714958190918,-9.90966796875
7_yweweler_38.wav,0.3544375002384186,0.007458983920514584,1234.9682189102466,1024.858043190634,2492.724609375,0.06691778273809523,-524.8668823242188,205.00790405273438,-74.62744903564453,17.180776596069336,33.25722122192383,-42.963783264160156,5.7967529296875,2.282090663909912,-38.88511657714844,7.273097991943359,9.085945129394531,-22.378814697265625,0.31022706627845764,1.0782800912857056,-6.281321048736572,8.67451286315918,-7.00881814956665,-10.019641876220703,8.271395683288574,-7.652002334594727,-10.999422073364258,1.3352915048599243,-14.446208000183105,-10.300471305847168,6.294497013092041,-8.353792190551758,-7.903062343597412,5.831691265106201,-3.78450083732605,-4.412059783935547
0_lucas_32.wav,0.4318470358848572,0.04351362586021423,1127.862138963615,881.5357232499096,2094.10400390625,0.07525634765625,-379.3623046875,211.4754180908203,-56.21113204956055,12.233386993408203,50.5164909362793,-22.895334243774414,-5.111084938049316,6.089954376220703,-25.898832321166992,-1.9267069101333618,6.902536869049072,-16.898550033569336,-0.8065212368965149,7.611854553222656,-8.267195701599121,-1.3979405164718628,3.720874786376953,-2.297201156616211,0.104730524122715,-2.761262893676758,-3.6511361598968506,1.3826578855514526,-5.54888916015625,-7.777841091156006,-0.1313740462064743,-2.324108362197876,-4.508247375488281,-2.351940155029297,-4.360540866851807,-2.327346086502075
0_theo_41.wav,0.2967379689216614,0.004882119130343199,914.0577333084551,904.5934985789016,1900.5615234375,0.041666666666666664,-574.1030883789062,216.11453247070312,-53.66209030151367,20.74540138244629,40.05045700073242,-32.04335403442383,-3.018216848373413,-4.554289817810059,-28.154891967773438,5.660349369049072,-6.4159111976623535,-25.04180908203125,4.553425312042236,-4.280187606811523,-13.327503204345703,10.117117881774902,-3.9964382648468018,-15.860380172729492,-1.9539440870285034,-11.902570724487305,-10.89587116241455,2.94801926612854,-10.035362243652344,-10.464409828186035,0.38381150364875793,-7.935512065887451,-4.233322620391846,2.318880319595337,-6.541838645935059,-1.9890143871307373
8_jackson_46.wav,0.3150053322315216,0.07562598586082458,1588.023824780226,1256.590312478128,2961.9487561677633,0.0908460115131579,-336.29864501953125,140.75308227539062,-45.6671028137207,68.6156997680664,39.189453125,-67.15751647949219,-3.5430431365966797,11.407259941101074,-43.9661979675293,-22.076534271240234,-11.785154342651367,-21.766576766967773,-3.5857532024383545,-12.575908660888672,-15.043177604675293,2.400576591491699,-13.157171249389648,-13.808794975280762,2.6285741329193115,-10.197395324707031,-7.753856658935547,2.2819435596466064,-11.224575996398926,-6.326359272003174,-1.8675774335861206,-14.77492618560791,-3.4919843673706055,-0.00635302672162652,-15.635164260864258,-4.175532341003418
0_yweweler_29.wav,0.3352057635784149,0.010970154777169228,935.1074440358889,839.6766902874634,1712.5229779411766,0.04848345588235294,-508.576416015625,209.2635040283203,-39.99003982543945,9.518294334411621,18.537336349487305,-49.2253532409668,-3.2191078662872314,17.808414459228516,-26.13311004638672,-12.801359176635742,-3.206936836242676,-19.74677276611328,-1.6177760362625122,0.3516404628753662,-15.708996772766113,-1.0618761777877808,3.4562110900878906,-6.6604719161987305,-0.4162476062774658,-2.138460636138916,-7.368262767791748,-2.322239637374878,-7.314487457275391,-8.632885932922363,-1.0176475048065186,-6.664285182952881,-8.42857551574707,-0.8469281196594238,-4.007716178894043,-4.892879486083984
9_lucas_6.wav,0.4087289869785309,0.04765140265226364,908.8784711424239,848.6884153966804,1926.1962890625,0.05952380952380952,-395.9094543457031,220.76292419433594,-46.02568054199219,11.378026008605957,40.564727783203125,-38.59429168701172,-10.283727645874023,19.029354095458984,-25.781837463378906,-17.86942481994629,12.027578353881836,-1.8145043849945068,-9.794522285461426,-6.825994491577148,-8.168130874633789,-5.501063823699951,-10.31403636932373,-10.036060333251953,-1.1668999195098877,-9.999846458435059,-15.200037956237793,-3.206773281097412,-4.834377765655518,-10.509956359863281,-4.827971458435059,-6.162929058074951,-8.880571365356445,-5.459346294403076,-6.6406097412109375,-5.363982200622559
9_george_49.wav,0.27453988790512085,0.05182746797800064,1509.4564693452803,1051.3365226191477,2841.844482421875,0.091015625,-369.91497802734375,179.13864135742188,-117.7915267944336,11.180418968200684,39.64023208618164,-48.761375427246094,-4.426510334014893,-15.516819953918457,-48.9949836730957,6.52899694442749,-12.475313186645508,-46.870933532714844,-1.6607043743133545,-10.267434120178223,-32.97920227050781,-2.825688123703003,-10.275988578796387,-20.2192325592041,-0.43613189458847046,-11.992874145507812,-15.58629035949707,-6.145443439483643,-20.450641632080078,-7.595439910888672,7.5884246826171875,-15.710301399230957,-10.909124374389648,5.859485626220703,-10.618382453918457,-9.397701263427734
8_jackson_47.wav,0.365129679441452,0.11134802550077438,942.3481764703113,949.9171560368894,2017.321134868421,0.056126644736842105,-313.1669006347656,139.27236938476562,-5.251913070678711,42.57322692871094,26.92979621887207,-49.8189582824707,-29.202285766601562,-5.682376861572266,-23.22987174987793,-21.072778701782227,-21.897119522094727,-17.245546340942383,-0.5369288325309753,-12.7505464553833,-17.702688217163086,0.2406580001115799,-5.846035480499268,-13.205731391906738,-4.8550286293029785,-7.1599202156066895,-4.658931732177734,-0.6686525940895081,-10.01325511932373,-6.005322456359863,-1.8847483396530151,-14.099591255187988,-9.03631591796875,-0.1325056105852127,-10.33069133758545,-9.232956886291504
8_lucas_25.wav,0.5337905883789062,0.04778726026415825,1477.4050740514429,1015.5116850812809,2680.8837890625,0.09978515625,-401.9877014160156,140.32040405273438,-47.727603912353516,31.96173858642578,46.37379455566406,-35.68894958496094,-10.438129425048828,15.377538681030273,-13.207147598266602,-2.2475719451904297,4.877469062805176,-8.339140892028809,3.981790065765381,4.842033863067627,-4.761823654174805,3.181973457336426,-0.3934682011604309,-4.473005294799805,3.5693204402923584,-3.9687399864196777,-6.629494667053223,2.949672222137451,-4.6600565910339355,-6.660109043121338,4.602321147918701,-0.7686124444007874,-5.533018589019775,0.35799476504325867,-3.019893169403076,-3.3704681396484375
6_yweweler_41.wav,0.33870527148246765,0.008824758231639862,1576.7366715457713,1034.9403120148017,2762.3062133789062,0.115020751953125,-555.9423217773438,126.51182556152344,-65.35377502441406,30.03697967529297,46.18181610107422,-34.206382751464844,-7.179565906524658,3.7335762977600098,-24.032413482666016,-0.2890188992023468,-4.468616962432861,-24.618305206298828,0.9664113521575928,3.9717657566070557,-7.7103681564331055,6.1323699951171875,2.132598876953125,-2.7574713230133057,8.168787002563477,-2.0238420963287354,-5.719585418701172,5.550955295562744,-4.862240791320801,-9.135734558105469,1.1675429344177246,-4.887943744659424,-7.664725303649902,-2.333540916442871,-6.891475677490234,-4.90373420715332
2_lucas_46.wav,0.37700557708740234,0.019638029858469963,1616.2395611975323,976.9711588929291,2598.005995639535,0.1421352652616279,-521.364990234375,78.72691345214844,-21.25062370300293,19.249042510986328,35.01307678222656,-8.434147834777832,-4.996214866638184,6.498859405517578,-10.033805847167969,-5.558016777038574,4.287887096405029,-5.408473014831543,-7.795260429382324,-1.9884001016616821,0.17609690129756927,1.586656093597412,-1.1839079856872559,-2.7486562728881836,-0.06743857264518738,-1.7688454389572144,-1.3120250701904297,1.0698224306106567,-4.373424053192139,-4.690951347351074,0.8741964101791382,-3.8620736598968506,-5.953855991363525,1.3844082355499268,-0.9803187251091003,-5.786777496337891
0_lucas_15.wav,0.4183410108089447,0.03740930184721947,1309.307653980914,843.1822146497362,2176.3916015625,0.09920828683035714,-423.76611328125,165.832763671875,-38.830814361572266,16.835315704345703,41.39101028442383,-22.129602432250977,-6.455420017242432,6.676448345184326,-19.56159019470215,-5.192701816558838,0.33478498458862305,-15.156744003295898,0.2865224778652191,4.92590856552124,-9.531476020812988,-3.0177206993103027,0.17981413006782532,-4.7252655029296875,0.9061482548713684,-2.995431423187256,-8.864083290100098,-1.2679003477096558,-2.0865962505340576,-7.361858367919922,-2.708467483520508,-1.4073034524917603,-3.2504982948303223,-2.1779327392578125,-3.516632556915283,-3.0952391624450684
1_jackson_21.wav,0.27631789445877075,0.07340586185455322,753.6252496463925,778.9864915303015,1203.2958984375,0.040318080357142856,-331.719970703125,215.60598754882812,-22.210586547851562,8.891800880432129,12.574878692626953,-51.57381057739258,-13.440174102783203,11.248857498168945,-26.5546932220459,-20.62347984313965,-4.634674072265625,-11.462623596191406,-6.41509485244751,-9.533100128173828,-13.209952354431152,-0.24138754606246948,-3.4749934673309326,-9.294442176818848,-1.4472805261611938,-8.218929290771484,-13.32084846496582,-3.536038637161255,-7.291111469268799,-14.340750694274902,-10.098201751708984,-10.089814186096191,-9.027365684509277,-4.183474063873291,-6.526997089385986,-7.400676250457764
7_george_12.wav,0.23820093274116516,0.05078732967376709,1129.8063862644271,964.3546167734877,2236.0273881392045,0.056818181818181816,-367.9399719238281,156.65892028808594,-74.30624389648438,10.69614028930664,37.13236999511719,-36.94231414794922,-24.40772247314453,-30.174806594848633,-42.49795150756836,2.429044723510742,-10.8912992477417,-38.74477767944336,-4.283681869506836,-5.913454055786133,-25.830707550048828,-5.538883209228516,-9.597794532775879,-22.330596923828125,-8.984095573425293,-13.767522811889648,-16.870929718017578,-5.062084674835205,-12.408550262451172,-10.131026268005371,0.8448294997215271,-13.944940567016602,-14.795609474182129,2.26035213470459,-4.576411724090576,-9.061151504516602
1_yweweler_42.wav,0.3197585940361023,0.010567002929747105,842.204690937211,817.6016456844652,1416.1669921875,0.04544270833333333,-547.9826049804688,213.61404418945312,-43.412269592285156,-2.0245277881622314,0.08565114438533783,-43.69197463989258,15.60992431640625,7.949569225311279,-38.26028060913086,1.2569732666015625,6.677703380584717,-19.9317684173584,1.8503938913345337,-1.5888656377792358,-18.478757858276367,-2.0176186561584473,-8.02284049987793,-17.18633460998535,-2.9718070030212402,-10.367063522338867,-15.882967948913574,-4.135445594787598,-9.44382381439209,-9.87918472290039,-2.653703212738037,-9.761301040649414,-4.555781364440918,3.6460845470428467,-5.926506519317627,-3.0219430923461914
5_jackson_11.wav,0.36853280663490295,0.059424836188554764,931.5764195208789,872.9639917405817,1698.9697265625,0.051171875,-324.04400634765625,232.82119750976562,-62.09345626831055,-2.354869842529297,21.082717895507812,-44.939918518066406,-11.545421600341797,-3.373072862625122,-28.5776424407959,2.82991099357605,4.462986469268799,-15.946657180786133,-6.200921058654785,-15.1930513381958,-15.095860481262207,3.923651933670044,-12.2413969039917,-15.952127456665039,3.189303159713745,-10.033514976501465,-13.519648551940918,3.0165412425994873,-7.299973487854004,-12.501676559448242,-3.482750415802002,-9.531489372253418,-8.07385540008545,-2.72642183303833,-9.44037914276123,-4.610548973083496
5_yweweler_17.wav,0.3944438099861145,0.012816435657441616,1084.9631900496765,840.5762401933521,1812.1018629807693,0.06227463942307692,-485.6150207519531,225.49990844726562,-74.58138275146484,-8.814876556396484,12.77637767791748,-51.26243209838867,1.5291316509246826,8.108895301818848,-33.82552719116211,3.3195383548736572,10.242715835571289,-13.793187141418457,9.034347534179688,4.575446605682373,-12.679707527160645,1.8392316102981567,-8.419913291931152,-11.726492881774902,11.336141586303711,-2.4653513431549072,-11.187652587890625,9.990985870361328,0.39272913336753845,-9.837651252746582,2.682534694671631,-6.184485912322998,-11.577549934387207,0.9469770193099976,-3.8306498527526855,-6.521520137786865
1_george_34.wav,0.2740910053253174,0.04414169862866402,1226.40600781119,1001.4340675699596,2361.2857216282896,0.0644788240131579,-372.7522277832031,186.85543823242188,-93.0057373046875,-0.9162666201591492,15.067450523376465,-52.80108642578125,0.2054188847541809,-8.133685111999512,-44.5369758605957,1.8570010662078857,-9.968772888183594,-34.286563873291016,5.122064113616943,-8.746078491210938,-32.10902404785156,-4.604394435882568,-15.133983612060547,-30.1857852935791,-8.50986385345459,-9.716296195983887,-12.656217575073242,-6.570529937744141,-18.606121063232422,-11.550516128540039,-1.9194841384887695,-17.741689682006836,-11.010766983032227,0.5731063485145569,-12.335517883300781,-7.297548770904541
9_jackson_30.wav,0.35634151101112366,0.07179772108793259,962.9088495602647,992.1228386925957,2103.717041015625,0.04274204799107143,-322.8454284667969,207.9082794189453,-58.1115837097168,26.973390579223633,40.8773193359375,-34.30842208862305,4.714373588562012,0.3190516531467438,-37.40594482421875,-2.332556962966919,0.5354991555213928,-17.796438217163086,-5.095221042633057,-16.051103591918945,-16.84065055847168,-2.345489501953125,-18.04562759399414,-12.441571235656738,1.3896675109863281,-18.339481353759766,-14.247929573059082,-2.712169647216797,-17.520587921142578,-8.412259101867676,-1.2456542253494263,-20.13153648376465,-10.255879402160645,3.5767321586608887,-8.967428207397461,-7.834957122802734
5_lucas_21.wav,0.47219666838645935,0.02657344751060009,1519.9284460718438,913.7149130910019,2491.3349352384867,0.13571648848684212,-457.3359375,130.36233520507812,-39.7750244140625,13.026493072509766,33.185062408447266,-24.844982147216797,-6.0182342529296875,11.376039505004883,-16.76389503479004,-4.846670627593994,11.917518615722656,-0.6447789072990417,0.41593727469444275,1.7877388000488281,-3.1841044425964355,4.100579261779785,0.2537262439727783,-7.081053256988525,2.730658769607544,0.8579893708229065,-9.150418281555176,-2.89947247505188,0.2756117582321167,-3.0662827491760254,-0.34425076842308044,-2.205359697341919,-3.421327590942383,1.9313005208969116,-0.8804925680160522,-4.045929431915283
8_theo_33.wav,0.3222348690032959,0.03907828778028488,1456.5150260336884,1065.254605963672,2823.6582880434785,0.08368716032608696,-410.3731384277344,132.60377502441406,-60.05852508544922,36.08977127075195,25.660924911499023,-64.09126281738281,-13.545270919799805,2.467512607574463,-37.53386306762695,-13.906933784484863,-10.343818664550781,-22.650867462158203,1.9297243356704712,-2.152108669281006,-8.892233848571777,9.370680809020996,-3.179478168487549,-11.700499534606934,-0.4328564703464508,-13.8132905960083,-13.772248268127441,5.460496425628662,2.263704776763916,3.948683261871338,9.638418197631836,-2.4390153884887695,-1.9053733348846436,2.664228677749634,-4.102595329284668,1.9162079095840454
4_lucas_17.wav,0.4821808636188507,0.044109046459198,1008.88745978456,747.191540100299,1612.9197340745193,0.08152418870192307,-401.55718994140625,179.88636779785156,-11.847624778747559,17.768226623535156,15.602426528930664,-46.01383590698242,-11.840707778930664,14.785029411315918,-14.246295928955078,-2.6959140300750732,11.696391105651855,-5.39056396484375,-4.498956203460693,-0.8191446661949158,-6.118784427642822,-0.22778643667697906,-2.293600559234619,-7.476803779602051,-0.40529048442840576,-4.179559707641602,-10.694061279296875,-3.9459829330444336,-3.834895133972168,-5.386772155761719,-0.05006568133831024,-4.4490766525268555,-8.237059593200684,-2.024129867553711,-2.36625337600708,-4.121967792510986
1_nicolas_44.wav,0.38592711091041565,0.049619853496551514,1089.1239697426497,1115.6900256810184,2210.0244140625,0.05188802083333333,-332.6302490234375,200.9324493408203,-50.97232437133789,20.150928497314453,18.783464431762695,-36.738826751708984,15.114913940429688,4.2187371253967285,-30.236881256103516,10.445693969726562,2.4115025997161865,-18.49655532836914,9.754166603088379,-1.790951132774353,-12.096112251281738,11.176828384399414,-4.468508243560791,-11.854287147521973,8.817768096923828,-3.8137075901031494,-8.467782974243164,6.081270694732666,-5.381321907043457,-6.610028266906738,4.2444024085998535,-4.717703819274902,-2.7861478328704834,4.1962480545043945,-3.394477605819702,-0.21294479072093964
6_jackson_23.wav,0.5019497871398926,0.044006507843732834,1521.8360986949929,1078.336381700698,2721.5576171875,0.1370171440972222,-374.4991455078125,102.66403198242188,-31.971458435058594,10.658035278320312,21.70301628112793,-24.356075286865234,-14.71884822845459,-7.923285484313965,-16.938922882080078,-1.8168729543685913,-3.6414740085601807,-11.971196174621582,0.03986337408423424,0.04750917851924896,-4.681902885437012,-4.9900126457214355,-13.507336616516113,-7.155097007751465,1.3332151174545288,-11.451464653015137,-10.46810531616211,-1.4153633117675781,-10.153684616088867,-7.763125896453857,0.06371673196554184,-7.702817916870117,-4.296441078186035,3.76436185836792,-2.32790470123291,-0.93562251329422
9_lucas_37.wav,0.3890882134437561,0.04710228368639946,1157.1998647476682,880.6333927865516,2187.2151692708335,0.07081886574074074,-380.55078125,186.29794311523438,-48.81452941894531,18.22536849975586,48.63776779174805,-32.64719772338867,-15.694374084472656,13.31260871887207,-17.89039421081543,-10.562580108642578,8.043952941894531,-6.140041828155518,-9.631439208984375,-3.264989137649536,-0.9651265740394592,-2.677586317062378,-12.584529876708984,-7.865607738494873,2.1512529850006104,-9.017932891845703,-10.559409141540527,-0.34996795654296875,-7.494393825531006,-9.034028053283691,-2.554372787475586,-9.828827857971191,-8.606348037719727,-1.1122006177902222,-8.475592613220215,-8.111861228942871
2_george_33.wav,0.23935125768184662,0.03826132416725159,909.1529276478536,1039.2259270011252,1692.3140092329545,0.03409090909090909,-388.5557861328125,178.23129272460938,-42.44900894165039,9.920498847961426,4.870105743408203,-51.6954345703125,-5.014723777770996,1.410395860671997,-34.665645599365234,-12.104804039001465,-15.706612586975098,-36.78837203979492,-12.110522270202637,-10.751399993896484,-22.827014923095703,-3.003103494644165,-4.722767353057861,-17.258153915405273,-6.481454372406006,-9.867339134216309,-17.59866714477539,-8.328563690185547,-7.844583511352539,-8.86767864227295,-4.196771144866943,-7.584274768829346,-5.421387195587158,-1.004099726676941,-7.462452411651611,-9.134413719177246
8_lucas_47.wav,0.4037684500217438,0.05716031789779663,1368.9419570147757,1041.657170133015,2628.2930814302886,0.09534630408653846,-376.28125,144.00765991210938,-40.380435943603516,37.59481430053711,48.39527130126953,-38.76547622680664,-17.468473434448242,8.379385948181152,-18.85723304748535,-5.314005374908447,2.915787696838379,-13.27595329284668,1.1909071207046509,8.331473350524902,-3.877058267593384,-0.7499988079071045,-1.7681431770324707,-5.202296733856201,0.06491708755493164,-6.220299243927002,-6.677661418914795,3.158087730407715,-5.410028457641602,-10.515689849853516,-0.555655837059021,-3.333169460296631,-5.646777153015137,1.347955584526062,-3.366054058074951,-6.442654132843018
4_yweweler_31.wav,0.4566522538661957,0.013066635467112064,902.4609349895698,707.4858868140334,1404.0915096507354,0.07174862132352941,-507.1382141113281,190.60609436035156,-21.66301155090332,-13.953970909118652,-6.919304370880127,-42.222930908203125,-3.6972033977508545,12.841629028320312,-17.306352615356445,-7.97424840927124,-1.552107810974121,-14.317581176757812,0.15857577323913574,6.134358882904053,-7.010600566864014,-3.5792553424835205,-1.0321918725967407,-4.828039646148682,-1.5241740942001343,-5.598079681396484,-9.111543655395508,-4.114001274108887,-7.149764060974121,-7.2159318923950195,-0.05473197251558304,-3.674529552459717,-5.715800762176514,-0.7122870683670044,-4.680965900421143,-6.44179105758667
9_nicolas_44.wav,0.3560624420642853,0.031479109078645706,950.0638746084445,994.8911420909599,2088.720703125,0.043868215460526314,-389.668212890625,228.42784118652344,-70.87371826171875,31.104726791381836,47.1171760559082,-32.25904846191406,11.91585922241211,0.5396225452423096,-34.546627044677734,13.336030960083008,4.068359851837158,-23.3503475189209,5.6060872077941895,-3.7344226837158203,-12.640603065490723,12.032379150390625,-3.5642201900482178,-10.864643096923828,7.492555141448975,-6.840965747833252,-8.854594230651855,3.714430093765259,-9.577306747436523,-3.6954522132873535,9.246660232543945,-4.273443222045898,-1.3146133422851562,5.891252517700195,-4.428808212280273,0.6595180034637451
1_lucas_38.wav,0.47138383984565735,0.04390228912234306,914.2888833768708,863.4059475148163,1843.780517578125,0.0480712890625,-423.3267517089844,194.77195739746094,-29.254308700561523,15.35725212097168,32.52229690551758,-37.7451171875,-12.888311386108398,15.006406784057617,-19.09783935546875,-15.469293594360352,4.4176506996154785,-1.652564287185669,-2.4542248249053955,-6.308241844177246,-10.326303482055664,-1.8116085529327393,-7.177159786224365,-13.083984375,-2.7446036338806152,-5.564485549926758,-13.191671371459961,-7.517594337463379,-7.577242374420166,-8.990678787231445,-5.019265174865723,-9.091667175292969,-9.875608444213867,-3.608227491378784,-5.304042339324951,-5.926560401916504
5_jackson_5.wav,0.31867823004722595,0.07004398107528687,846.9084824682058,789.7369958903292,1466.7911305147059,0.050063189338235295,-313.76629638671875,223.40162658691406,-42.03059005737305,-8.234733581542969,7.022216320037842,-45.37296676635742,-17.704172134399414,-5.762239456176758,-21.138193130493164,0.5169962644577026,0.7350108027458191,-11.329337120056152,-7.00072717666626,-18.693527221679688,-13.7020902633667,3.5630223751068115,-10.330074310302734,-9.887311935424805,3.4577295780181885,-11.098337173461914,-11.733142852783203,-1.0263559818267822,-13.95147705078125,-14.749436378479004,-5.671453952789307,-12.07717514038086,-8.698387145996094,-3.7182986736297607,-10.851282119750977,-7.369639873504639
1_theo_23.wav,0.34934455156326294,0.004457535687834024,775.4370332807911,736.7138369642877,1253.770751953125,0.0488037109375,-585.4150390625,217.14144897460938,-35.0082893371582,13.471379280090332,22.81084632873535,-38.082191467285156,1.784895658493042,7.41820764541626,-27.064767837524414,0.10297870635986328,0.10072384029626846,-24.012441635131836,-4.139196872711182,-0.4516030251979828,-9.608884811401367,0.9144503474235535,-7.456306457519531,-10.7805814743042,2.385715961456299,-8.648468017578125,-11.342083930969238,1.3802303075790405,-9.883001327514648,-11.94404411315918,1.6653087139129639,-6.625546932220459,-10.489457130432129,-0.5001507997512817,-3.8813891410827637,-5.491432189941406
2_jackson_36.wav,0.31974345445632935,0.05146472528576851,1216.1475212432456,985.2953023617126,2056.4208984375,0.076171875,-373.6712646484375,180.3218231201172,-47.58929443359375,37.68987274169922,53.2072868347168,-25.85193634033203,-15.660299301147461,-18.714262008666992,-26.286956787109375,8.370347023010254,-13.725711822509766,-31.84105682373047,0.7994596362113953,-12.514556884765625,-20.435237884521484,9.899829864501953,-7.353593349456787,-17.338825225830078,11.934115409851074,-2.0038161277770996,-17.517963409423828,2.4735677242279053,-4.399824619293213,-14.00912094116211,-1.271525263786316,-7.787748336791992,-12.384993553161621,-1.193427324295044,-5.990757465362549,-8.629265785217285
6_yweweler_21.wav,0.37159842252731323,0.012066562660038471,1223.6404458723332,1067.8989569041144,2519.384765625,0.045947265625,-491.9469299316406,198.86959838867188,-75.23576354980469,41.605064392089844,53.762351989746094,-56.16499710083008,-16.2122745513916,2.624044895172119,-33.87013626098633,-12.071453094482422,-17.7298526763916,-26.323450088500977,5.168732166290283,-7.7644758224487305,-14.652410507202148,12.09825325012207,-3.047677516937256,-8.100126266479492,10.731913566589355,-7.084319114685059,-8.645488739013672,5.689881324768066,-14.86139965057373,-14.35559368133545,2.7871928215026855,-11.074000358581543,-10.489733695983887,2.0871877670288086,-6.088932991027832,-3.7547595500946045
7_yweweler_48.wav,0.3353080749511719,0.010204887017607689,1068.3884107284216,963.6839072151811,2193.902118389423,0.061673677884615384,-508.5601806640625,193.3242950439453,-56.50004196166992,22.437448501586914,40.141353607177734,-33.879695892333984,1.371601939201355,2.277416706085205,-34.81700897216797,2.729170799255371,7.622016429901123,-21.713275909423828,-1.848318338394165,4.065109729766846,-6.50304651260376,1.7324011325836182,-9.113091468811035,-11.46561336517334,5.081450462341309,-6.846010208129883,-11.812627792358398,0.5600724816322327,-10.143988609313965,-10.107151985168457,1.9081369638442993,-9.979729652404785,-8.923407554626465,5.131676197052002,-3.3816680908203125,-4.809745788574219
0_lucas_47.wav,0.44867101311683655,0.036134496331214905,933.7386815970991,901.3293679513307,2020.8082932692307,0.050912710336538464,-417.9007263183594,194.8935546875,-39.5396728515625,20.97724723815918,53.46302032470703,-17.269380569458008,-7.243595600128174,5.31719970703125,-16.414844512939453,7.016188621520996,11.233027458190918,-15.619417190551758,-3.2320759296417236,6.465677261352539,-6.409024715423584,-1.2894986867904663,1.3770661354064941,-3.74318265914917,2.0541417598724365,-0.4252835810184479,-5.288958549499512,-0.44310182332992554,-5.241718769073486,-9.294681549072266,-1.3076800107955933,-1.631216287612915,-6.391493797302246,-3.9372453689575195,-2.8824310302734375,-3.3292906284332275
6_theo_7.wav,0.3125975430011749,0.002923680003732443,1965.9451012790087,1085.5943680801909,3121.776123046875,0.184130859375,-585.5134887695312,162.8242645263672,-88.5257568359375,37.123573303222656,41.59592056274414,-42.35163116455078,9.291881561279297,-0.7297892570495605,-30.053028106689453,16.43240737915039,-5.246591567993164,-24.175891876220703,17.00309944152832,1.701001763343811,-7.5837883949279785,15.097193717956543,-8.089113235473633,-7.385800838470459,12.756105422973633,-12.022260665893555,-8.219734191894531,10.471014022827148,-10.332708358764648,-7.6612982749938965,3.636000871658325,-10.724027633666992,-2.2131941318511963,5.327673435211182,-6.45658016204834,1.2758986949920654
1_nicolas_45.wav,0.35464978218078613,0.03399203345179558,979.62412184764,1067.202625665766,2139.4775390625,0.04059709821428571,-365.6369934082031,213.0309600830078,-48.90322494506836,33.493228912353516,27.461925506591797,-40.1866569519043,14.241996765136719,0.6498095393180847,-32.756595611572266,14.630327224731445,-1.1481783390045166,-27.574554443359375,7.965855121612549,-0.8231799006462097,-13.021515846252441,11.106114387512207,-2.6946640014648438,-9.003763198852539,9.317174911499023,-6.179553508758545,-10.633821487426758,2.5274317264556885,-8.067113876342773,-4.7133026123046875,4.3039469718933105,-6.894149303436279,-0.8722557425498962,5.552044868469238,-4.814369201660156,1.1370993852615356
0_nicolas_36.wav,0.24774070084095,0.040611930191516876,917.5281424568489,1123.2378613523686,2221.5087890625,0.03815104166666667,-367.9874572753906,197.69241333007812,-42.00653076171875,49.37845230102539,39.89700698852539,-37.11397171020508,10.284340858459473,-0.10071869194507599,-33.94709014892578,7.834259033203125,-5.052972316741943,-24.637386322021484,11.071867942810059,-1.5310438871383667,-16.676570892333984,7.292893886566162,-3.264852285385132,-8.110952377319336,8.456442832946777,-4.041463851928711,-3.0694420337677,7.37078332901001,-10.43260669708252,-9.520342826843262,0.9623759984970093,-8.694543838500977,-1.6145848035812378,5.770845413208008,-3.496504068374634,3.483428478240967
4_theo_19.wav,0.3240276277065277,0.004544911440461874,838.8712643160826,685.8725880181337,1398.391544117647,0.06112132352941176,-582.6253662109375,221.1646728515625,-27.167999267578125,3.8913588523864746,8.843338966369629,-38.304412841796875,2.5756189823150635,3.450624465942383,-25.116975784301758,0.28780612349510193,-6.4640069007873535,-20.66641616821289,6.30001163482666,-0.8836355805397034,-11.884700775146484,9.301451683044434,-0.23925049602985382,-11.722776412963867,0.9807599186897278,-10.107083320617676,-16.50489616394043,-2.556806802749634,-8.283753395080566,-9.994297981262207,0.7121906280517578,-4.249229431152344,-4.27519416809082,0.8978981971740723,-5.910282611846924,-3.879274606704712
2_jackson_42.wav,0.32197248935699463,0.07105925679206848,981.7708125193778,888.3609580944291,1729.2818509615386,0.06625600961538461,-349.3450622558594,146.86502075195312,-21.318805694580078,27.898427963256836,38.48846435546875,-15.045440673828125,-10.27737808227539,-15.737390518188477,-30.239479064941406,-11.91254997253418,-19.736021041870117,-26.844167709350586,-6.232693672180176,-14.984004974365234,-20.082317352294922,1.597208023071289,-4.152083396911621,-7.725689888000488,9.457295417785645,-2.127711296081543,-13.536993980407715,-0.9214226603507996,-6.317080497741699,-15.538143157958984,-9.73977279663086,-11.82548999786377,-9.955936431884766,-2.005039930343628,-7.580251216888428,-7.809004783630371
6_theo_36.wav,0.32190418243408203,0.002663917141035199,1909.5597964294986,1113.3910590381336,3108.4075927734375,0.18300374348958334,-592.67919921875,178.81640625,-91.05399322509766,38.01155471801758,37.421138763427734,-50.047359466552734,12.470898628234863,5.306224822998047,-27.08893394470215,20.20363426208496,-3.7526042461395264,-26.330698013305664,14.795756340026855,-1.5558093786239624,-10.434453010559082,16.254913330078125,-5.741011142730713,-5.957679748535156,13.676673889160156,-13.678051948547363,-11.40291976928711,10.264630317687988,-6.967782497406006,-2.969630479812622,8.308700561523438,-7.280681610107422,-1.7966089248657227,2.561412811279297,-8.897393226623535,1.2988544702529907
7_jackson_8.wav,0.33154743909835815,0.056207768619060516,827.3504519902283,796.0946320475989,1549.2572985197369,0.04628392269736842,-335.7950744628906,213.91490173339844,-40.462947845458984,11.37108039855957,21.58014488220215,-53.608272552490234,-28.626972198486328,-12.060705184936523,-30.463138580322266,-2.8662779331207275,1.8151568174362183,-17.38064956665039,-6.844545841217041,-2.67745041847229,-2.6881115436553955,-1.9975357055664062,-17.8757381439209,-9.693595886230469,5.746879577636719,-12.318910598754883,-13.983111381530762,-1.5643784999847412,-13.194997787475586,-10.101112365722656,1.506846308708191,-11.663553237915039,-14.190119743347168,-5.246652126312256,-8.872101783752441,-6.402761459350586
3_theo_28.wav,0.3242458999156952,0.003642383264377713,1080.457746001739,1012.6059004728586,2343.9524931066176,0.05333754595588235,-602.67236328125,218.06378173828125,-70.84703826904297,44.76054000854492,57.61159896850586,-47.85192108154297,-3.0204386711120605,10.291967391967773,-28.075801849365234,0.9297611713409424,-6.5154900550842285,-23.905624389648438,6.73748779296875,-3.2096304893493652,-12.70727252960205,9.469439506530762,-6.398375988006592,-11.512898445129395,7.411772727966309,-7.0324201583862305,-8.930004119873047,3.0567522048950195,-9.856776237487793,-4.572995185852051,3.8796753883361816,-12.263981819152832,-7.265701770782471,0.34010395407676697,-10.434038162231445,-2.5670015811920166
0_theo_29.wav,0.3430502116680145,0.0293329618871212,1016.049481444738,868.2705570480459,1998.9990234375,0.059268043154761904,-424.1138916015625,175.19720458984375,-44.93091583251953,-1.276445984840393,22.12887191772461,-24.509687423706055,-10.07691478729248,-15.174468994140625,-29.63592529296875,-3.6120822429656982,-12.296486854553223,-22.13701820373535,4.624042987823486,-1.2263236045837402,-10.197861671447754,6.204894065856934,-4.383328437805176,-13.733583450317383,-4.935288429260254,-15.243623733520508,-14.722611427307129,-1.7769463062286377,-10.222463607788086,-6.664485454559326,6.713397979736328,-2.438483715057373,-3.225001335144043,5.91800594329834,0.07703302055597305,-0.6470329761505127
2_theo_19.wav,0.3099463880062103,0.003948589321225882,1048.2497364918704,864.7919404936656,1894.4091796875,0.06847563244047619,-595.7991943359375,220.7398223876953,-62.24125289916992,25.915964126586914,39.16679763793945,-33.20188522338867,9.868220329284668,6.513208389282227,-31.683212280273438,-5.973902225494385,-13.090925216674805,-17.88236427307129,11.812819480895996,-8.279243469238281,-13.418268203735352,16.06293296813965,-2.5839786529541016,-9.484722137451172,11.127870559692383,-6.508611679077148,-11.56640625,3.14103627204895,-9.35863971710205,-7.831516265869141,1.8560291528701782,-10.02107048034668,-4.637095928192139,2.3185582160949707,-7.710165023803711,0.5968057513237
8_theo_47.wav,0.42224204540252686,0.0073676579631865025,1409.7281038904962,1117.8057031668488,2858.173828125,0.08655598958333334,-530.7677612304688,170.0730743408203,-55.168113708496094,48.43780517578125,38.87062454223633,-59.05272674560547,-3.6198129653930664,11.540238380432129,-34.76328659057617,-9.705283164978027,-6.941092491149902,-21.276865005493164,4.852940082550049,-1.5363813638687134,-10.21212100982666,10.770809173583984,-0.6846453547477722,-8.909607887268066,4.068243026733398,-9.05594253540039,-13.174456596374512,-3.1095011234283447,-11.5022554397583,-6.49068546295166,1.008853554725647,-9.593205451965332,-1.6299388408660889,5.199208736419678,-6.1165571212768555,0.623745858669281
2_theo_6.wav,0.33092018961906433,0.010494515299797058,1284.2511583687149,938.8565084348626,2212.53662109375,0.08173828125,-504.8429260253906,199.3757781982422,-74.61102294921875,39.1080436706543,48.37770080566406,-40.90827178955078,7.517472743988037,1.0494439601898193,-37.391387939453125,1.3655246496200562,-17.413959503173828,-36.80223846435547,6.463791847229004,-7.310251712799072,-19.048606872558594,13.45557975769043,-5.622037410736084,-16.875568389892578,7.297349452972412,-9.320348739624023,-14.606183052062988,5.992938041687012,-4.518780708312988,-5.201485633850098,3.683190107345581,-11.519999504089355,-7.890085697174072,2.721649646759033,-8.186442375183105,-5.3520612716674805
0_lucas_7.wav,0.49445322155952454,0.04503211751580238,1069.824963386084,812.4957816738934,2008.2052479619565,0.07914402173913043,-382.5988464355469,206.8074493408203,-45.277366638183594,6.95604133605957,44.214656829833984,-19.48037338256836,-8.404468536376953,1.6888023614883423,-22.440641403198242,-1.7528126239776611,3.4801437854766846,-15.52385139465332,0.6233441829681396,4.48548698425293,-10.078630447387695,-0.1244921088218689,1.3242937326431274,-6.964476108551025,0.5479283332824707,-3.0554988384246826,-8.94642162322998,1.02992582321167,-2.8854329586029053,-10.701178550720215,-1.3904792070388794,-0.06003163009881973,-5.197668552398682,-1.3263038396835327,-2.1324479579925537,-4.237737655639648
3_lucas_22.wav,0.48320290446281433,0.028589967638254166,1464.3912592896268,1051.7759995010458,2684.9212646484375,0.1114501953125,-463.01275634765625,121.20179748535156,-37.01399230957031,27.220844268798828,43.45033645629883,-23.795181274414062,-4.683955669403076,15.332609176635742,-14.459572792053223,-4.277061462402344,9.245487213134766,-8.112615585327148,-4.794589042663574,2.784524440765381,-4.1472487449646,0.3532916307449341,3.286327838897705,-2.1796417236328125,-0.4808306396007538,-1.1841626167297363,-3.724000930786133,-0.8562501668930054,-2.1501479148864746,-2.611175060272217,0.093409463763237,-3.503754138946533,-4.275007247924805,-0.5670415163040161,-2.239123821258545,-1.7446563243865967
9_lucas_21.wav,0.3809509873390198,0.028773263096809387,847.8524081929166,833.1294590593394,1976.3173828125,0.05029296875,-447.7027587890625,218.50852966308594,-44.334686279296875,20.447181701660156,54.8426628112793,-27.643369674682617,-11.612521171569824,12.424093246459961,-25.47650718688965,-17.83998680114746,8.456740379333496,2.6050024032592773,-4.727792739868164,-10.99096393585205,-7.303163051605225,1.118263602256775,-12.277373313903809,-12.171473503112793,4.81120491027832,-7.020206451416016,-16.955297470092773,-2.54789137840271,-2.5545434951782227,-9.380391120910645,-6.438538074493408,-8.353558540344238,-6.848076343536377,-3.383563280105591,-8.823308944702148,-6.355472564697266
5_nicolas_36.wav,0.3190331757068634,0.06564977020025253,1026.3758074973114,899.7796424055422,1922.1217105263158,0.06728001644736842,-319.8365173339844,231.6091766357422,-71.84839630126953,8.462782859802246,18.703834533691406,-46.97209167480469,12.323646545410156,7.169443130493164,-32.627113342285156,8.909613609313965,0.7520489692687988,-19.272432327270508,13.415670394897461,-2.118576765060425,-17.587913513183594,8.822593688964844,-2.363060235977173,-7.888350486755371,11.15058422088623,-4.048567295074463,-8.823498725891113,3.2424869537353516,-9.499117851257324,-6.259896755218506,5.825483322143555,-4.381237506866455,-0.19740967452526093,6.783425807952881,-3.0511913299560547,0.10241247713565826
4_lucas_16.wav,0.44176897406578064,0.07630331814289093,963.9741854382952,745.3616995111277,1450.799560546875,0.070166015625,-343.81561279296875,197.57217407226562,-22.17221450805664,13.313015937805176,10.040159225463867,-59.60306930541992,-14.558573722839355,18.21727752685547,-19.328676223754883,-7.2732977867126465,13.236299514770508,-5.381854057312012,-7.267369747161865,-3.5935325622558594,-7.9897308349609375,-1.7483078241348267,-5.883710861206055,-11.218071937561035,-1.0356099605560303,-4.789603233337402,-12.431463241577148,-4.063022613525391,-4.853656768798828,-9.369233131408691,-2.3571889400482178,-3.289349317550659,-7.541043281555176,-2.6425719261169434,-2.612638473510742,-6.208992004394531
6_jackson_8.wav,0.465570330619812,0.045694999396800995,1453.248639902743,1105.2192272938653,2758.941650390625,0.1310085720486111,-376.0240478515625,111.558837890625,-31.414419174194336,11.647953987121582,22.2703857421875,-24.012514114379883,-14.129497528076172,-8.285945892333984,-14.60026741027832,-0.7883729338645935,-8.598051071166992,-13.489737510681152,1.3519901037216187,-4.127536773681641,-5.293765544891357,-0.9144185185432434,-17.064287185668945,-11.120367050170898,3.841432809829712,-13.560515403747559,-14.509244918823242,0.6919803023338318,-11.20260238647461,-12.577919960021973,1.9395498037338257,-4.460519790649414,-6.943939208984375,1.855165958404541,-1.0886765718460083,-1.6956621408462524
9_lucas_25.wav,0.5095966458320618,0.02186064049601555,1454.3433566689382,992.6530532540193,2582.7880859375,0.115966796875,-515.2325439453125,111.62081909179688,-27.42778968811035,25.156909942626953,37.975032806396484,-22.946468353271484,-7.626450538635254,15.034345626831055,-9.630693435668945,-6.894514083862305,7.813002586364746,-0.5332005620002747,-4.822786331176758,-3.797434091567993,-2.586843252182007,-0.6788403987884521,-7.158331871032715,-5.528210639953613,3.662580728530884,-3.0550849437713623,-7.848196983337402,-1.3880889415740967,-3.7857556343078613,-4.490542411804199,0.49071550369262695,-4.687140464782715,-7.019065856933594,-2.643984794616699,-4.954562664031982,-3.167820930480957
2_jackson_25.wav,0.2003224939107895,0.06244567036628723,943.1645236955559,845.523331102675,1571.923828125,0.0615234375,-370.7994689941406,156.45787048339844,-13.482048034667969,28.414459228515625,33.542999267578125,-32.668880462646484,-24.2076473236084,-5.480802059173584,-14.441337585449219,-10.941256523132324,-20.435935974121094,-24.519805908203125,-9.810521125793457,-13.420443534851074,-8.809925079345703,3.5885846614837646,-12.521105766296387,-11.359801292419434,7.715628147125244,-6.390842914581299,-12.798893928527832,2.439051866531372,-6.2474236488342285,-13.403282165527344,-6.336501598358154,-14.2241849899292,-14.683798789978027,-5.87494421005249,-11.910496711730957,-7.701824188232422
1_george_38.wav,0.31401222944259644,0.02794116735458374,1286.1643613343686,1098.4079540080343,2363.6279296875,0.06354166666666666,-388.9869079589844,161.92762756347656,-76.33537292480469,-11.10368537902832,17.926910400390625,-26.20741081237793,-5.960718154907227,-18.773881912231445,-32.181060791015625,4.38580846786499,-12.090860366821289,-28.709505081176758,1.0240896940231323,-13.901040077209473,-27.451040267944336,-0.9506950378417969,-10.80086898803711,-23.248456954956055,-6.440805912017822,-10.402667045593262,-13.190311431884766,-6.4327392578125,-14.427896499633789,-5.592990398406982,1.8342736959457397,-16.053600311279297,-9.40710735321045,4.5714945793151855,-9.05919075012207,-7.912528038024902
0_george_34.wav,0.25296318531036377,0.06465117633342743,1181.2963723499436,944.4982480070339,2149.552001953125,0.054248046875,-356.905517578125,148.22203063964844,-67.07415008544922,18.348613739013672,31.23580551147461,-42.034217834472656,-13.156445503234863,-15.431376457214355,-43.95951461791992,-12.87513256072998,-22.216033935546875,-39.42770004272461,-2.52640438079834,-5.680717468261719,-24.18358039855957,-1.200500726699829,-2.8949902057647705,-15.07403564453125,-2.3487725257873535,-7.182585716247559,-13.710931777954102,-7.49025821685791,-16.001697540283203,-13.935029983520508,-2.126502513885498,-8.912910461425781,-6.5804443359375,3.0143723487854004,-3.0241775512695312,-1.7176167964935303
3_george_37.wav,0.2953155040740967,0.03415638953447342,1407.6577228090448,1205.072761103988,2869.29931640625,0.06703404017857142,-397.82855224609375,164.39285278320312,-83.39017486572266,49.86026382446289,54.85554122924805,-52.46836471557617,-16.35477638244629,-16.8886775970459,-49.17472457885742,-6.563389301300049,-22.40208625793457,-45.56209945678711,1.3919496536254883,-7.6394243240356445,-29.668155670166016,2.149217367172241,-7.471871852874756,-25.016460418701172,-4.858992576599121,-12.197016716003418,-15.45191764831543,0.543576180934906,-14.314371109008789,-14.333906173706055,4.237976551055908,-11.116679191589355,-15.684260368347168,1.52169930934906,-4.52981424331665,-8.573254585266113
6_theo_32.wav,0.373737096786499,0.002440626733005047,1936.3272320654203,1156.9959488347022,3161.4142166940787,0.17760587993421054,-599.5076293945312,176.7248992919922,-91.83255004882812,44.354644775390625,40.87635803222656,-48.65617752075195,11.005598068237305,2.7064592838287354,-29.860441207885742,15.414731979370117,-5.233270645141602,-20.846290588378906,16.175037384033203,-5.472874164581299,-8.576969146728516,19.501405715942383,-8.586910247802734,-8.305063247680664,14.90624713897705,-13.172762870788574,-12.32436466217041,8.67680549621582,-7.854304313659668,-3.161195993423462,5.691918849945068,-10.611844062805176,-2.9340426921844482,2.0375003814697266,-7.147271633148193,5.789172649383545
7_lucas_44.wav,0.509297788143158,0.03703129291534424,1104.2770156146323,961.9578668181229,2275.341796875,0.0791015625,-384.4273681640625,177.99209594726562,-38.41358184814453,28.45407485961914,49.35885238647461,-25.509450912475586,-4.097689151763916,11.53630542755127,-23.020978927612305,-6.328184604644775,11.251970291137695,-4.465106964111328,-4.127097129821777,-2.1188852787017822,-0.2525424063205719,7.081557273864746,-6.379512786865234,-11.5430269241333,3.5245466232299805,-1.221799612045288,-8.565156936645508,-2.6174445152282715,-6.959402084350586,-6.477101802825928,2.0180866718292236,-4.016831398010254,-7.505253314971924,-2.482778549194336,-4.116915225982666,-1.6591135263442993
1_nicolas_33.wav,0.39013218879699707,0.032996583729982376,1073.0862119164835,1161.5569525118185,2294.482421875,0.053276909722222224,-367.1504211425781,201.281982421875,-48.62790298461914,35.11471176147461,27.916404724121094,-35.83159255981445,14.77298641204834,-0.08638540655374527,-34.141536712646484,11.221967697143555,2.3224360942840576,-18.228355407714844,10.946308135986328,-3.989305257797241,-15.167972564697266,9.046859741210938,-5.91731595993042,-11.374133110046387,7.66347599029541,-6.333048343658447,-7.6606879234313965,6.4291462898254395,-5.748274803161621,-3.5355093479156494,5.257036209106445,-6.583127498626709,-1.7931417226791382,4.583055019378662,-5.090599060058594,0.16524508595466614
6_nicolas_9.wav,0.3589019179344177,0.05237734317779541,1008.5878087068025,1124.9125113231316,2693.1884765625,0.04038783482142857,-339.3647766113281,197.91490173339844,-46.263370513916016,58.64120101928711,43.697532653808594,-51.17659378051758,3.393075704574585,1.7913728952407837,-47.048030853271484,-9.806564331054688,-9.279158592224121,-30.445907592773438,-0.2800573706626892,-5.436901569366455,-16.728227615356445,8.412310600280762,1.8850680589675903,-7.723713397979736,6.688986778259277,0.1480657011270523,-4.208126544952393,1.6065311431884766,-4.316125869750977,0.17278431355953217,1.842386245727539,-6.406641960144043,3.080120325088501,2.4566519260406494,-9.252118110656738,2.6584994792938232
5_nicolas_30.wav,0.3807356655597687,0.049660585820674896,1075.2332736172054,994.6688528099587,2029.50439453125,0.063446044921875,-324.01611328125,225.0980224609375,-68.4592056274414,13.452887535095215,15.562151908874512,-48.371299743652344,14.088768005371094,5.998889446258545,-34.4417839050293,11.488216400146484,4.017413139343262,-20.50457000732422,11.562142372131348,-1.1925995349884033,-17.925838470458984,8.225314140319824,0.3155853748321533,-6.253298759460449,9.485225677490234,-6.143672943115234,-9.99582290649414,4.941149711608887,-6.854728698730469,-7.244009017944336,4.588791847229004,-3.825186252593994,-1.792386531829834,5.674317359924316,-0.8866690397262573,1.2381089925765991
9_jackson_31.wav,0.3372657895088196,0.04949239268898964,849.7827234492462,853.2462239820119,1624.603271484375,0.047607421875,-357.5605163574219,236.6630401611328,-58.04852294921875,16.209304809570312,37.406463623046875,-36.97542953491211,-0.1956482231616974,3.5254061222076416,-32.12195587158203,-3.315419912338257,-2.229698419570923,-19.951431274414062,-3.4932572841644287,-10.757926940917969,-16.502323150634766,-4.390511989593506,-16.290706634521484,-12.761786460876465,-0.8121859431266785,-17.119722366333008,-12.349222183227539,-0.7744137644767761,-15.232259750366211,-8.482484817504883,-1.2245566844940186,-19.83089828491211,-13.601850509643555,-0.24604704976081848,-9.423441886901855,-5.9219255447387695
5_george_11.wav,0.25567328929901123,0.08474034070968628,1327.469908298456,990.8135351393867,2497.8515625,0.07212201286764706,-309.36053466796875,181.99502563476562,-110.50651550292969,-2.3003315925598145,26.660442352294922,-62.267520904541016,-20.816396713256836,-12.629679679870605,-44.838741302490234,-2.546687364578247,-8.751337051391602,-34.49073028564453,2.5662689208984375,-7.266171932220459,-33.459022521972656,-4.907530784606934,-7.179203510284424,-21.407238006591797,-1.9762907028198242,-9.712689399719238,-19.12268829345703,-3.4071903228759766,-13.039803504943848,-18.24532127380371,-1.2651543617248535,-8.00728988647461,-13.223111152648926,-0.7995865345001221,-4.682528495788574,-8.39340877532959
4_nicolas_28.wav,0.34391292929649353,0.04131859540939331,927.6013143055468,909.857989414993,1715.2542114257812,0.046783447265625,-353.20831298828125,223.2728729248047,-37.54401397705078,26.63119888305664,5.289968013763428,-65.16082763671875,1.8058860301971436,3.8105199337005615,-27.516624450683594,13.329914093017578,-2.868124008178711,-25.444236755371094,10.442368507385254,2.1566503047943115,-6.880075454711914,16.691421508789062,-1.7033395767211914,-13.243462562561035,0.24969547986984253,-14.708539962768555,-13.876907348632812,2.3987936973571777,-6.0126237869262695,0.15298320353031158,8.832820892333984,-4.812830448150635,0.5116886496543884,8.341148376464844,-1.1405143737792969,3.2916359901428223
6_jackson_5.wav,0.487901896238327,0.04869209975004196,1327.615504413466,1048.9797733160146,2339.2236328125,0.10485026041666666,-383.6589660644531,129.27145385742188,-21.726171493530273,12.567279815673828,11.913467407226562,-35.00028610229492,-14.33942985534668,-5.190328121185303,-13.204808235168457,5.0005645751953125,-4.455811500549316,-18.29473876953125,-1.6128458976745605,-1.238826036453247,-6.661247730255127,-2.749222755432129,-11.424013137817383,-7.833256244659424,-0.09227649122476578,-15.35103702545166,-14.65295696258545,-2.4962456226348877,-12.332809448242188,-12.138525009155273,-1.0485292673110962,-6.129702091217041,-5.232206344604492,1.5048110485076904,-3.080906867980957,-3.377462863922119
4_jackson_34.wav,0.31271278858184814,0.08174784481525421,758.5882284209972,664.2096427384441,1178.3447265625,0.05381944444444445,-332.25146484375,240.44747924804688,-18.969581604003906,-9.019399642944336,-1.8170509338378906,-48.23090744018555,-20.26522445678711,-1.2584285736083984,-10.200401306152344,5.166903972625732,-7.789473533630371,-23.53693199157715,-1.1361416578292847,-2.812211275100708,-12.948884010314941,0.13329900801181793,-9.119388580322266,-16.799232482910156,-1.1423076391220093,-10.755725860595703,-20.75037956237793,-4.148235321044922,-5.674468517303467,-12.81175708770752,-1.6731667518615723,-3.7432055473327637,-11.14590835571289,-6.317568302154541,-7.149504661560059,-4.792296886444092
5_nicolas_24.wav,0.4110337197780609,0.024072887375950813,1045.2016139816003,1088.02183931453,2222.9865579044117,0.05916819852941176,-386.3957824707031,235.19955444335938,-71.48218536376953,33.1405029296875,29.603557586669922,-48.45798110961914,14.892376899719238,2.662370204925537,-34.79344177246094,15.818951606750488,0.11666973680257797,-21.277225494384766,17.778100967407227,-1.211963415145874,-16.761133193969727,9.801153182983398,-6.89024019241333,-9.837226867675781,11.72996711730957,-5.785129547119141,-7.376997470855713,4.660338878631592,-11.204938888549805,-5.975081443786621,4.082579612731934,-7.986907005310059,-0.11875107884407043,4.548059463500977,-7.256950855255127,0.6096312403678894
5_nicolas_33.wav,0.4911513030529022,0.036761973053216934,1123.2275683116936,942.0378136835194,2087.5244140625,0.07359483506944445,-351.8460693359375,247.342041015625,-88.18609619140625,13.754701614379883,24.498010635375977,-52.283817291259766,15.318359375,6.24818229675293,-33.96099090576172,17.724262237548828,2.683940887451172,-23.191076278686523,13.822856903076172,-3.8641862869262695,-19.09835433959961,9.03244686126709,-4.63398551940918,-6.447739124298096,12.476428985595703,-9.734821319580078,-10.2803955078125,7.624273300170898,-9.273091316223145,-7.74425745010376,5.015679836273193,-6.763686180114746,-2.0644311904907227,5.600979804992676,-2.7427563667297363,2.6237587928771973
0_lucas_20.wav,0.4701956808567047,0.024553697556257248,1145.0948546790478,825.1621499522568,1984.89990234375,0.08238002232142858,-454.9256286621094,196.2809295654297,-40.271060943603516,19.0059871673584,40.01508331298828,-30.035017013549805,-3.960226535797119,12.199136734008789,-18.417236328125,-1.7127172946929932,5.1170759201049805,-9.412470817565918,3.5798861980438232,-0.6297351121902466,-11.935628890991211,3.215045928955078,0.7506158947944641,-7.877614498138428,2.706285238265991,-2.2152793407440186,-8.672770500183105,0.22845646739006042,-5.671023845672607,-10.550992012023926,0.07083310186862946,-1.8621666431427002,-7.464759826660156,-2.667530059814453,-3.4235832691192627,-5.601546764373779
4_yweweler_16.wav,0.46689373254776,0.015165064483880997,808.9193369593521,689.3207719682676,1038.97705078125,0.052490234375,-500.1561584472656,217.75120544433594,-13.478325843811035,-2.205679178237915,-25.76616668701172,-68.4786605834961,1.5221513509750366,14.450767517089844,-23.174400329589844,4.788987159729004,4.5938849449157715,-21.945098876953125,-1.8998016119003296,0.49393561482429504,-10.540977478027344,3.1580393314361572,-5.0443854331970215,-11.912879943847656,3.248250961303711,-7.550804138183594,-13.533782958984375,1.749936580657959,-8.695026397705078,-12.702164649963379,5.464102268218994,-1.7993578910827637,-9.252463340759277,3.1497867107391357,-1.7028108835220337,-7.830266952514648
7_jackson_11.wav,0.29075849056243896,0.029437405988574028,755.225263308475,737.3567448413291,1298.57177734375,0.043212890625,-405.11602783203125,234.56060791015625,-41.47709655761719,9.583744049072266,21.527395248413086,-46.96310806274414,-20.663822174072266,-12.519320487976074,-32.39189910888672,-1.0870423316955566,5.4344048500061035,-11.41202163696289,-7.705840110778809,-11.966195106506348,-3.777649402618408,5.951407432556152,-14.083518028259277,-10.169844627380371,4.016817092895508,-13.085042953491211,-9.70369815826416,1.5308077335357666,-14.996541023254395,-9.537215232849121,3.3165996074676514,-12.202648162841797,-13.03237247467041,-3.5983450412750244,-9.62121295928955,-6.87106990814209
7_yweweler_14.wav,0.40825244784355164,0.006396292708814144,1000.7266160555876,943.0521851370657,2160.24169921875,0.04010881696428571,-528.99462890625,211.09963989257812,-58.55215072631836,17.50372886657715,37.30774688720703,-36.29676055908203,0.1616358757019043,2.995628833770752,-30.548660278320312,7.376082897186279,8.70377254486084,-21.9265193939209,-3.7661192417144775,0.24083971977233887,-8.34514045715332,-0.3940871059894562,-12.122430801391602,-10.628440856933594,5.679314136505127,-9.320135116577148,-11.040029525756836,4.78934907913208,-5.2583794593811035,-4.451229572296143,5.169059753417969,-9.217215538024902,-8.54537296295166,3.067697525024414,-5.680739402770996,-4.8838605880737305
2_yweweler_42.wav,0.22954946756362915,0.00788840651512146,761.6352190773378,847.4908233051565,1527.960205078125,0.030476888020833332,-572.0900268554688,181.7052459716797,-23.95488166809082,28.767831802368164,40.99504089355469,-20.036500930786133,0.4361112415790558,-1.5839024782180786,-31.633150100708008,-6.832324981689453,-4.437724590301514,-23.097105026245117,-7.780812740325928,-8.203845024108887,-10.422987937927246,8.865487098693848,-2.4073050022125244,-12.108417510986328,7.542751789093018,0.9162914752960205,-10.304218292236328,3.0493924617767334,-2.5130374431610107,-13.506522178649902,-5.84705114364624,-8.47883129119873,-11.680933952331543,-2.7493762969970703,-3.648900270462036,-5.166919231414795
9_theo_6.wav,0.25429394841194153,0.006213886197656393,897.5402352574546,964.8300587800614,1877.23388671875,0.03466796875,-570.8724365234375,214.0572052001953,-68.60834503173828,23.388025283813477,42.00980758666992,-38.61027145385742,-0.14792755246162415,7.407084941864014,-19.346193313598633,12.525917053222656,2.5557122230529785,-20.196256637573242,0.34524568915367126,-7.5001912117004395,-13.58613395690918,-2.502973794937134,-20.31981086730957,-14.043213844299316,3.9009759426116943,-17.434614181518555,-13.537007331848145,5.676525592803955,-8.587713241577148,-4.644591331481934,4.023601055145264,-13.483206748962402,-6.851049900054932,4.4221110343933105,-7.170031547546387,-2.664876937866211
9_yweweler_28.wav,0.4080808758735657,0.009233701974153519,1092.9907709902368,949.250483181618,2209.686638327206,0.05959903492647059,-509.9422607421875,244.6301727294922,-85.55382537841797,10.463464736938477,30.144742965698242,-52.956382751464844,10.228828430175781,15.960140228271484,-37.127037048339844,2.9924917221069336,7.32471227645874,-22.49778938293457,3.2323989868164062,-1.3923274278640747,-18.691144943237305,1.9733588695526123,-5.145755767822266,-12.150641441345215,5.636638641357422,-5.5101542472839355,-10.30721664428711,2.3552405834198,-10.207918167114258,-10.050080299377441,3.2169132232666016,-7.845119476318359,-7.086512088775635,3.2322018146514893,-6.715759754180908,-6.711856365203857
1_yweweler_6.wav,0.39288443326950073,0.018501581624150276,987.7590906849605,874.2044933619995,1875.18310546875,0.050984700520833336,-465.99658203125,217.680419921875,-57.540130615234375,-0.9699309468269348,10.406453132629395,-49.09906005859375,8.13163948059082,12.61233139038086,-37.397403717041016,-2.3694658279418945,10.692127227783203,-16.621225357055664,-0.10242816060781479,-0.774925708770752,-17.92573356628418,-5.374721527099609,-9.736287117004395,-14.996773719787598,0.5156694054603577,-9.455734252929688,-16.73280906677246,-1.8186181783676147,-7.71613883972168,-11.640433311462402,-1.4353471994400024,-8.073975563049316,-7.1469502449035645,2.6925106048583984,-6.362613201141357,-6.359431743621826
0_nicolas_38.wav,0.26661691069602966,0.04379461333155632,909.9963608461978,1068.577586679115,2167.67578125,0.043131510416666664,-358.2303771972656,202.69949340820312,-46.03607177734375,44.688621520996094,40.662132263183594,-35.41875076293945,10.273479461669922,-1.5843582153320312,-35.11599349975586,10.040908813476562,-1.3950467109680176,-28.285030364990234,3.2988128662109375,-1.6768057346343994,-12.495229721069336,8.062376976013184,-2.889132261276245,-4.893218040466309,11.497857093811035,-6.0625786781311035,-9.303747177124023,3.4098434448242188,-9.951220512390137,-6.348535537719727,5.818453788757324,-4.319329261779785,1.4622520208358765,7.457225322723389,-5.200668811798096,1.3663384914398193
3_yweweler_6.wav,0.3632856607437134,0.011582593433558941,1175.2220799043762,1050.7002442282894,2471.885052849265,0.05747357536764706,-507.9819641113281,168.91783142089844,-41.33583068847656,23.995817184448242,32.151161193847656,-32.98423385620117,4.724407196044922,9.002830505371094,-32.95167541503906,-12.247000694274902,-7.074009895324707,-22.672521591186523,-1.4366804361343384,-2.8779828548431396,-14.514095306396484,2.2638349533081055,-2.5941171646118164,-8.640920639038086,9.373186111450195,1.5497016906738281,-11.6775484085083,-2.772282838821411,-6.524494647979736,-10.821660995483398,-3.6214065551757812,-6.940673828125,-4.942238807678223,1.0497848987579346,-6.020174980163574,-2.2249484062194824
1_nicolas_12.wav,0.4180440306663513,0.025294987484812737,993.2157502125531,1048.713019158897,2133.22265625,0.056315104166666664,-390.4139709472656,244.6671600341797,-70.47445678710938,35.017822265625,31.016223907470703,-47.06459426879883,16.436742782592773,-4.917303085327148,-43.57183837890625,18.422163009643555,9.16336727142334,-18.54598045349121,11.064719200134277,-7.728997230529785,-15.625033378601074,15.402230262756348,-3.5046567916870117,-10.908586502075195,7.845830917358398,-9.906765937805176,-9.87942886352539,4.0692009925842285,-10.113293647766113,-2.9585647583007812,8.358333587646484,-5.975251197814941,-2.2648823261260986,2.3151214122772217,-6.384763717651367,2.314602851867676
1_lucas_48.wav,0.44425323605537415,0.08007048815488815,921.7876372848399,836.0339359340674,1745.98388671875,0.037434895833333336,-333.4908752441406,217.09071350097656,-39.098228454589844,9.60855770111084,22.924240112304688,-54.845367431640625,-12.910706520080566,22.915632247924805,-23.123811721801758,-17.557788848876953,9.437382698059082,-4.447449207305908,-8.441060066223145,-3.4309303760528564,-5.402329921722412,-3.132338762283325,-9.870442390441895,-11.267317771911621,0.05509106442332268,-7.5976409912109375,-16.899335861206055,-7.237199306488037,-6.297298431396484,-9.951605796813965,-4.90361213684082,-7.975931167602539,-11.210453033447266,-5.480199813842773,-6.414784908294678,-8.818093299865723
3_jackson_18.wav,0.23590248823165894,0.08082958310842514,781.9799912955946,886.98425495283,1495.01953125,0.03552827380952381,-334.25518798828125,193.11935424804688,-21.88211441040039,33.59247589111328,27.94820213317871,-39.79010009765625,-12.14210033416748,-12.262969970703125,-27.909263610839844,4.211429595947266,-14.621329307556152,-40.036766052246094,-6.819726943969727,-0.4445134997367859,-10.60740852355957,2.065014600753784,-2.2240219116210938,-2.83469820022583,3.012085437774658,-12.863725662231445,-8.757002830505371,1.9763474464416504,-16.7939395904541,-15.217002868652344,-1.5657775402069092,-14.12208366394043,-12.110185623168945,-0.00790588092058897,-8.357505798339844,-7.309105396270752
1_yweweler_16.wav,0.3396369218826294,0.008688247762620449,957.3713143682277,880.3699529182416,1678.8720703125,0.05813802083333333,-540.6027221679688,213.8888397216797,-42.48816680908203,4.741893291473389,4.258222579956055,-45.096946716308594,16.558767318725586,12.253080368041992,-33.73340606689453,6.852808475494385,11.581768035888672,-19.14058494567871,1.114050269126892,1.0291579961776733,-13.527012825012207,0.9267846345901489,-6.589059829711914,-14.18590259552002,0.9639922380447388,-6.75156831741333,-11.920389175415039,0.22119338810443878,-4.881553649902344,-5.631326675415039,-0.018617264926433563,-8.869545936584473,-5.231732368469238,1.6352063417434692,-7.724557876586914,-3.738595485687256
1_theo_25.wav,0.2955595850944519,0.004612129647284746,824.3180039596585,892.7793831475778,1486.688232421875,0.036865234375,-584.28271484375,239.3003387451172,-46.90962219238281,12.433428764343262,17.525964736938477,-47.52236557006836,3.1254913806915283,10.676671028137207,-29.726076126098633,-3.4386188983917236,1.1067785024642944,-15.194384574890137,1.4071903228759766,-3.558953046798706,-7.184629917144775,7.052364826202393,-9.655668258666992,-15.864312171936035,-1.5334936380386353,-12.622810363769531,-12.73262882232666,0.18519747257232666,-9.762581825256348,-7.354023456573486,4.876403331756592,-3.5726842880249023,-5.550791263580322,-1.9783090353012085,-6.961820602416992,-2.3548831939697266
5_nicolas_48.wav,0.35813918709754944,0.04770992696285248,1048.6420661303227,924.1831080831703,1963.70849609375,0.06673177083333333,-343.0442810058594,235.04415893554688,-76.84740447998047,10.329776763916016,18.701196670532227,-44.60901641845703,16.736053466796875,5.703271865844727,-32.23342514038086,11.8929443359375,-2.5578625202178955,-21.64458465576172,17.963241577148438,1.6423966884613037,-16.437820434570312,10.019468307495117,-3.046891212463379,-10.976669311523438,7.968718528747559,-4.102940082550049,-5.3251166343688965,4.720945358276367,-10.223143577575684,-3.840725898742676,8.342015266418457,-5.430261611938477,-1.064404010772705,7.091461181640625,-2.63972544670105,1.4199167490005493
7_george_47.wav,0.33303385972976685,0.05035301297903061,1369.3820902655727,1084.0399549726396,2564.1511615953946,0.0780993009868421,-355.8797302246094,172.7467041015625,-92.77477264404297,7.4128594398498535,31.38580322265625,-43.04619598388672,-20.574560165405273,-37.73188781738281,-51.3243522644043,7.7367329597473145,-12.35665512084961,-44.715213775634766,-0.11282692104578018,-3.6707065105438232,-26.533401489257812,-2.199925184249878,-7.427981853485107,-18.92453384399414,-4.223898410797119,-12.77065658569336,-16.1103572845459,-6.872206211090088,-16.24472999572754,-6.6541428565979,4.176031589508057,-14.778270721435547,-8.667860984802246,7.823693752288818,-6.728325366973877,-6.978595733642578
2_lucas_15.wav,0.446533203125,0.03512125462293625,1257.154976590771,991.3175443791399,2389.6961558948865,0.08953302556818182,-428.3034362792969,151.67262268066406,-39.35299301147461,22.31140899658203,49.19869613647461,-20.30088996887207,-13.164119720458984,3.1419570446014404,-17.42237091064453,-3.142559289932251,4.767566204071045,-11.249405860900879,-4.930000305175781,-2.2019546031951904,-6.5173659324646,3.8260321617126465,-1.1336151361465454,-9.740795135498047,3.251042127609253,4.442672252655029,-4.7967681884765625,-0.9466109871864319,-1.766140341758728,-4.638782024383545,0.320792555809021,-4.430356979370117,-8.400931358337402,0.4869930148124695,0.23765549063682556,-6.281888961791992
4_yweweler_24.wav,0.41428321599960327,0.015343832783401012,788.231911216729,614.9468086452249,1113.984375,0.05390625,-489.2621765136719,218.2094268798828,-17.9996395111084,-13.643627166748047,-14.453112602233887,-52.25397872924805,-3.4995062351226807,11.244588851928711,-23.20450782775879,-6.166846752166748,1.0286757946014404,-18.10601043701172,-3.3153319358825684,6.035426139831543,-3.703918933868408,-1.1578534841537476,-5.166906833648682,-7.588962078094482,2.131903886795044,-3.9634511470794678,-9.209197998046875,-1.3040931224822998,-5.564537525177002,-7.264932155609131,0.19339421391487122,-5.133820056915283,-6.8095550537109375,0.3527553677558899,-3.36541748046875,-4.981919765472412
4_george_32.wav,0.33810946345329285,0.07366754859685898,1042.0032471347195,804.9282278420161,1698.73046875,0.0632595486111111,-340.73333740234375,157.9239501953125,-55.38265609741211,-11.426431655883789,5.087313175201416,-49.12788009643555,-20.506118774414062,-9.553712844848633,-37.08391571044922,-16.184892654418945,-11.919679641723633,-29.274166107177734,-9.087362289428711,-4.928285598754883,-17.67603302001953,-2.430176019668579,-3.5330827236175537,-20.881248474121094,-13.565422058105469,-9.207317352294922,-13.579950332641602,-6.667933464050293,-5.210511207580566,-7.431889057159424,-6.135288715362549,-11.299839973449707,-9.029963493347168,0.04861077666282654,-1.2389845848083496,-0.04375101625919342
0_yweweler_8.wav,0.27279359102249146,0.010400185361504555,971.3617174674971,865.1540593344674,1818.1201171875,0.0443359375,-508.80096435546875,214.398681640625,-57.729881286621094,5.352590560913086,23.982576370239258,-40.613834381103516,4.651631832122803,9.55632209777832,-34.24414825439453,-4.082413673400879,0.18912138044834137,-25.9263858795166,-0.14076505601406097,5.17904806137085,-13.724687576293945,-1.6359107494354248,-1.9660813808441162,-8.723864555358887,1.9786241054534912,-6.741461753845215,-12.288163185119629,1.5400829315185547,-4.099855899810791,-9.6863431930542,-1.53897225856781,-7.33575439453125,-9.525336265563965,-2.449774980545044,-6.6775641441345215,-5.615103244781494
3_yweweler_39.wav,0.36149466037750244,0.006299061235040426,1201.8959930094015,1003.9149332463264,2449.815955528846,0.06148587740384615,-586.0025634765625,164.5101776123047,-54.510658264160156,36.41272735595703,50.916263580322266,-35.954307556152344,-6.262356281280518,6.915166854858398,-28.46025848388672,-8.249624252319336,-6.9121012687683105,-22.422880172729492,-0.13508351147174835,-6.819272041320801,-19.84339714050293,5.028861045837402,3.0008935928344727,-10.608084678649902,2.966779947280884,1.0092108249664307,-5.55208158493042,2.0373568534851074,-4.270561218261719,-6.482778072357178,-0.17953971028327942,-8.975095748901367,-8.323354721069336,0.5314332246780396,-6.9289069175720215,-7.49862003326416
2_george_11.wav,0.1983947604894638,0.04084128886461258,904.28038265452,894.3792274430436,1740.1519775390625,0.037506103515625,-410.9047546386719,174.1566162109375,-54.18452453613281,7.262364864349365,12.5201997756958,-50.61096954345703,-9.028312683105469,-6.327009201049805,-42.233428955078125,-16.519638061523438,-20.037242889404297,-38.161102294921875,-11.913686752319336,-15.801199913024902,-27.376108169555664,-3.6721410751342773,-5.75529670715332,-15.920265197753906,-4.216710567474365,-9.529266357421875,-13.451539993286133,-4.460653305053711,-9.627602577209473,-7.988229751586914,-1.5871484279632568,-10.556352615356445,-9.974742889404297,-4.384136199951172,-6.512743949890137,0.13942313194274902
7_jackson_35.wav,0.36748144030570984,0.045294567942619324,757.8006079326994,752.9774091641627,1389.48974609375,0.03526475694444445,-357.73748779296875,225.42759704589844,-35.125633239746094,11.292695999145508,31.37252426147461,-38.17136764526367,-21.115062713623047,-4.0406413078308105,-17.55982780456543,6.363494873046875,7.999644756317139,-13.622417449951172,-9.447370529174805,-6.561334609985352,-1.5537066459655762,2.2470462322235107,-17.40668296813965,-14.885190963745117,2.2551662921905518,-12.035128593444824,-14.410612106323242,-0.59295654296875,-12.52989673614502,-15.076404571533203,-1.4431376457214355,-8.76204776763916,-13.76039981842041,-6.548257827758789,-8.229537010192871,-5.488204002380371
8_jackson_19.wav,0.29452967643737793,0.05723201483488083,1074.6061715325782,1112.6880714785111,2444.0185546875,0.05132697610294118,-362.7479553222656,170.92681884765625,-27.275447845458984,56.571956634521484,33.78023910522461,-64.97599029541016,-23.12521743774414,3.364130735397339,-23.468637466430664,-9.203652381896973,-17.93132209777832,-30.023534774780273,-2.4855215549468994,-3.889822483062744,-11.789384841918945,3.6553421020507812,-1.769638180732727,-4.1589436531066895,1.2131726741790771,-12.388779640197754,-7.770155906677246,-1.6006853580474854,-22.03565788269043,-16.734283447265625,-2.130708694458008,-16.552183151245117,-14.37148380279541,-1.0285253524780273,-7.854913234710693,-5.994088649749756
7_george_39.wav,0.266221821308136,0.05919058993458748,1266.2001442806695,999.1068470269366,2396.6455078125,0.07171223958333334,-337.0373229980469,180.787109375,-94.80064392089844,9.626797676086426,37.25312042236328,-42.58552169799805,-21.410789489746094,-33.91353988647461,-49.87184143066406,6.928994178771973,-10.576998710632324,-41.95939254760742,2.682366371154785,-1.500836730003357,-26.02306365966797,-1.267634630203247,-8.72171688079834,-22.578773498535156,-1.2899091243743896,-5.5591325759887695,-14.406932830810547,-7.594656467437744,-16.142696380615234,-8.625178337097168,3.5530683994293213,-13.053494453430176,-9.166794776916504,7.604773044586182,-5.053943157196045,-8.57020092010498
4_yweweler_9.wav,0.42993444204330444,0.010979650542140007,904.4199350138588,721.1652232416277,1349.4140625,0.061263020833333334,-526.3151245117188,216.5796661376953,-36.871253967285156,-10.56508731842041,-1.863855242729187,-47.96916580200195,3.5053608417510986,18.063838958740234,-22.34084129333496,-1.682599663734436,7.880238056182861,-14.419516563415527,1.1236437559127808,8.821305274963379,-5.541633129119873,-1.007333755493164,-2.2070112228393555,-7.870657920837402,-0.5943930149078369,-4.50931978225708,-8.46008586883545,-2.547450304031372,-6.443894386291504,-4.119058609008789,3.8364994525909424,-4.669978618621826,-7.189101696014404,0.23229357600212097,-3.5892550945281982,-3.421588659286499
2_yweweler_7.wav,0.3352436423301697,0.013601130805909634,1158.2902607604872,869.3632218634282,2022.685546875,0.0669921875,-497.3558044433594,197.7101287841797,-58.527591705322266,17.077360153198242,30.21744155883789,-41.15463638305664,2.112637519836426,6.089914321899414,-34.4122200012207,-9.17033863067627,-11.235615730285645,-26.327396392822266,2.2997705936431885,-3.220649003982544,-15.345800399780273,2.487550973892212,-8.603321075439453,-10.248844146728516,11.246004104614258,-6.53384256362915,-17.047258377075195,1.729217529296875,-7.302786350250244,-15.022151947021484,-2.3547279834747314,-6.489146709442139,-8.61436653137207,-2.741258382797241,-8.401598930358887,-4.530640602111816
2_jackson_37.wav,0.2501165568828583,0.04089273884892464,965.151931751224,838.8036057153417,1491.17431640625,0.0676540798611111,-405.9285583496094,169.63531494140625,-16.017168045043945,43.7400016784668,36.22149658203125,-41.47563171386719,-18.916627883911133,-5.060704708099365,-28.678802490234375,-16.666799545288086,-17.856916427612305,-21.580448150634766,-2.9017868041992188,-13.15949821472168,-14.66472053527832,7.426651954650879,-7.028247356414795,-10.13221549987793,15.724217414855957,-1.273023247718811,-18.76508331298828,1.621745228767395,-0.8117619156837463,-10.436244010925293,0.4569043517112732,-6.857494354248047,-15.404948234558105,-6.623562812805176,-10.766388893127441,-12.790029525756836
8_yweweler_49.wav,0.42463839054107666,0.009388739243149757,1477.3209820364461,1169.123768858221,2889.364346590909,0.07195490056818182,-516.1885986328125,185.14756774902344,-73.6133804321289,49.08773422241211,49.55146408081055,-59.7084846496582,-1.483017086982727,13.370408058166504,-38.97411346435547,-6.1252760887146,-4.2431960105896,-28.26471710205078,5.376511096954346,1.6540554761886597,-18.361068725585938,6.454643249511719,3.368741512298584,-9.798731803894043,2.310220956802368,-5.388275623321533,-7.622675895690918,2.039215326309204,-10.29250431060791,-7.10110330581665,1.7866814136505127,-15.462693214416504,-11.444072723388672,2.550853729248047,-8.726550102233887,-6.432521343231201
4_yweweler_14.wav,0.46987712383270264,0.010373333469033241,839.2388495945511,720.8231187403813,1111.651611328125,0.053385416666666664,-537.0283203125,244.57373046875,-27.99299430847168,1.3112300634384155,-19.242338180541992,-74.1115493774414,7.90452241897583,21.0365047454834,-29.087295532226562,6.263192653656006,9.379836082458496,-26.014846801757812,-1.6408053636550903,5.170090198516846,-12.55563735961914,1.927564024925232,-1.8762449026107788,-12.536659240722656,2.297565460205078,-2.8867921829223633,-9.98154354095459,1.2263160943984985,-6.750575542449951,-9.479447364807129,4.152246475219727,-4.417891025543213,-10.729704856872559,-0.15789499878883362,-4.657571792602539,-8.869019508361816
0_nicolas_42.wav,0.2847497761249542,0.0419531986117363,963.4018993303388,1108.3055174018205,2205.615234375,0.041294642857142856,-370.8510437011719,196.39085388183594,-46.01216506958008,41.083038330078125,30.729219436645508,-44.072940826416016,10.716005325317383,8.821122169494629,-24.75852394104004,11.104536056518555,-3.913379430770874,-24.76205825805664,6.777120590209961,-5.255220890045166,-13.356853485107422,14.439353942871094,0.36433809995651245,-7.496151924133301,10.152600288391113,-3.7975399494171143,-6.034536838531494,6.764864444732666,-7.443514347076416,-8.31446361541748,0.6033729910850525,-7.426461219787598,-0.857977032661438,4.627730369567871,-5.0288567543029785,0.8536165952682495
0_yweweler_30.wav,0.3216077983379364,0.013293558731675148,905.6407678267085,833.4985162153026,1716.6748046875,0.047064887152777776,-497.8951416015625,203.70005798339844,-37.390987396240234,9.676944732666016,17.56632423400879,-49.56745910644531,-5.334027290344238,17.14223861694336,-25.158327102661133,-13.635178565979004,-3.3436508178710938,-18.651033401489258,-1.8155038356781006,1.4729175567626953,-13.778571128845215,-2.619244337081909,1.6938358545303345,-5.11210298538208,0.6798614859580994,-3.215576171875,-8.681509971618652,-3.4525411128997803,-8.326790809631348,-10.069504737854004,-3.155653953552246,-7.607665061950684,-7.896702289581299,-0.9834228157997131,-5.075645923614502,-5.7894182205200195
7_yweweler_30.wav,0.3213218152523041,0.01033178623765707,951.6895995010256,910.400558778552,2069.3408203125,0.03359375,-513.3184204101562,192.007568359375,-48.06569290161133,12.498393058776855,26.31366729736328,-36.01698303222656,1.7754896879196167,3.563067674636841,-33.828941345214844,0.06304308772087097,9.490468978881836,-17.23326301574707,-4.893906116485596,-1.5581462383270264,-10.795076370239258,-2.5502922534942627,-7.82088041305542,-8.259801864624023,2.6067235469818115,-8.19831657409668,-10.140175819396973,-1.2348648309707642,-12.330799102783203,-9.991488456726074,2.561260223388672,-6.998588562011719,-6.889967918395996,2.1814663410186768,-6.802660942077637,-6.381823539733887
0_jackson_35.wav,0.31430473923683167,0.06545201689004898,822.8201674866102,835.5217904603217,1681.982421875,0.04445167824074074,-341.2353820800781,217.47039794921875,-26.198974609375,11.167511940002441,24.11935043334961,-29.019933700561523,-12.291682243347168,-18.115243911743164,-25.097936630249023,9.3865327835083,-9.97474193572998,-26.305320739746094,6.892858028411865,-4.804467678070068,-19.073867797851562,3.062250852584839,-10.758489608764648,-16.630582809448242,8.580552101135254,-7.273568153381348,-19.86243438720703,0.7110529541969299,-8.406496047973633,-17.490001678466797,-1.483917236328125,-8.297884941101074,-14.783020973205566,-1.3333975076675415,-4.231218338012695,-8.060393333435059
3_george_27.wav,0.3460652828216553,0.03556782752275467,1444.6174035839927,1100.7829661377227,2777.1498736213234,0.08599494485294118,-396.8427429199219,172.73660278320312,-93.3241195678711,46.265625,53.6866455078125,-58.472991943359375,-13.607597351074219,-14.44735050201416,-56.12672805786133,-7.94463586807251,-17.729408264160156,-48.42873764038086,-2.729161262512207,-4.90129280090332,-31.643144607543945,-8.375810623168945,-13.269548416137695,-25.051483154296875,-6.799731254577637,-13.02420711517334,-16.13834571838379,-4.127029895782471,-15.750432968139648,-13.712644577026367,-0.7082598805427551,-12.362881660461426,-9.8577241897583,2.111917018890381,-7.017518043518066,-5.501965045928955
6_yweweler_46.wav,0.3432823717594147,0.008069111965596676,1325.2951185188672,1045.2543455588736,2463.1591796875,0.058756510416666664,-545.2155151367188,170.83592224121094,-64.14341735839844,28.593318939208984,55.01112747192383,-32.18057632446289,-13.417217254638672,0.8507493138313293,-23.23279571533203,-3.628870964050293,-7.8912177085876465,-18.956525802612305,5.490877151489258,-4.095087051391602,-15.903011322021484,5.205820083618164,-1.9424359798431396,-8.954198837280273,6.037912368774414,-5.08480978012085,-9.848941802978516,3.9276323318481445,-5.235380172729492,-5.381147384643555,7.122555255889893,-5.299745559692383,-10.150470733642578,-1.39253568649292,-9.003321647644043,-10.15786075592041
0_lucas_6.wav,0.4028237462043762,0.04032238572835922,1015.5004725357779,872.1374854993186,1957.72705078125,0.06953938802083333,-427.01953125,187.3958740234375,-31.5771541595459,11.657992362976074,36.7695426940918,-18.118669509887695,-2.2388556003570557,5.090088367462158,-18.300199508666992,1.4684518575668335,4.3756232261657715,-13.815030097961426,2.072779893875122,4.286230087280273,-10.880074501037598,-0.8432620167732239,2.0666720867156982,-6.375663757324219,-0.9816222190856934,-3.028343439102173,-7.453244686126709,0.35146236419677734,-2.583247423171997,-8.639726638793945,-1.6937776803970337,-0.7210240364074707,-5.024252414703369,-2.8598556518554688,-3.191633939743042,-4.998203277587891
2_jackson_38.wav,0.25430575013160706,0.05206076800823212,991.3416889124597,904.3232178971729,1834.423828125,0.056873139880952384,-365.2817077636719,175.9865264892578,-29.838239669799805,29.852188110351562,34.598201751708984,-39.824344635009766,-22.294387817382812,-9.3104248046875,-24.37837791442871,-8.930915832519531,-19.457361221313477,-26.645841598510742,-1.1186349391937256,-13.250574111938477,-23.75893211364746,0.927923321723938,-5.015618801116943,-8.05833625793457,15.721710205078125,-0.21051406860351562,-19.13326644897461,0.01205462496727705,-0.4242699444293976,-12.493352890014648,-6.3344855308532715,-9.56956672668457,-10.691227912902832,-2.4688546657562256,-10.202180862426758,-10.99150562286377
5_jackson_21.wav,0.2679678499698639,0.10885506868362427,830.5546941973465,762.4509766361463,1358.4917853860295,0.04868451286764706,-279.3847351074219,214.85557556152344,-38.37989807128906,-12.161473274230957,-0.7492543458938599,-44.10394287109375,-9.68325424194336,-4.571512222290039,-22.749120712280273,2.3311092853546143,-0.42128127813339233,-13.109369277954102,-4.174777984619141,-14.23583984375,-8.766608238220215,5.215659141540527,-14.41226863861084,-11.730186462402344,2.7668185234069824,-16.549827575683594,-11.978978157043457,5.254997253417969,-13.875012397766113,-17.46308135986328,-4.511388778686523,-12.619535446166992,-9.777737617492676,-2.3408379554748535,-10.592597007751465,-6.141712188720703
6_nicolas_34.wav,0.3127323091030121,0.06052813678979874,866.8151610705291,1035.5626863634689,2266.36962890625,0.0333251953125,-348.41558837890625,216.3995819091797,-43.366241455078125,62.44659423828125,46.5299072265625,-56.56414031982422,-3.7492525577545166,-6.082714557647705,-49.99467086791992,-3.3437211513519287,-5.819287300109863,-29.413572311401367,7.072223663330078,-2.5792768001556396,-20.60110855102539,9.461915969848633,5.112570762634277,-7.18046760559082,5.739349365234375,-2.941913604736328,-5.538036346435547,2.4102230072021484,-6.186402320861816,-0.2708832323551178,3.0507142543792725,-9.580099105834961,0.6440525650978088,4.847284317016602,-7.5376739501953125,2.4863204956054688
4_george_45.wav,0.2769524157047272,0.071218341588974,1077.1554634715014,893.9128976523405,1906.884765625,0.0635036892361111,-338.6207580566406,181.643798828125,-72.18153381347656,-13.425581932067871,8.733814239501953,-50.584415435791016,-12.832427978515625,-9.29508113861084,-48.92692947387695,-17.331832885742188,-8.921137809753418,-35.36702346801758,-11.94908618927002,-2.946758985519409,-21.37919807434082,-6.057241916656494,0.1338014006614685,-16.285776138305664,-13.145918846130371,-10.23891830444336,-14.75547981262207,-11.029031753540039,-12.029783248901367,-10.151061058044434,-2.054189443588257,-5.469888687133789,-7.347416400909424,-2.6806182861328125,-4.902266502380371,-3.2927234172821045
8_nicolas_28.wav,0.4218551516532898,0.040246497839689255,1132.6168546439478,1065.1399638379153,2506.7181755514707,0.043198529411764705,-360.1545715332031,201.81800842285156,-65.29222106933594,36.30946350097656,42.99334716796875,-48.65684127807617,-1.7601137161254883,6.336373805999756,-27.99871253967285,6.508534908294678,-0.6796754002571106,-20.01128387451172,10.59786319732666,-0.8218088746070862,-16.773956298828125,5.025213718414307,-4.745433330535889,-9.999115943908691,8.036680221557617,-4.496706008911133,-6.838291645050049,7.9029693603515625,-4.828330039978027,-5.438050746917725,7.046192169189453,-2.8416616916656494,-2.101762056350708,5.347476959228516,-3.0098206996917725,1.0953030586242676
1_lucas_20.wav,0.5034822225570679,0.03851001337170601,975.7529053501028,845.6606782448691,1910.7551125919117,0.05485983455882353,-443.32855224609375,182.58624267578125,-21.924184799194336,10.390178680419922,28.571197509765625,-32.37910842895508,-12.827341079711914,15.918631553649902,-13.575728416442871,-14.402419090270996,6.498685359954834,2.5610790252685547,-3.8316893577575684,-6.904423713684082,-6.9511566162109375,-1.1793068647384644,-6.149835109710693,-7.768095016479492,2.874723434448242,-1.644057273864746,-10.998321533203125,-5.10145378112793,-2.6944022178649902,-5.563340187072754,-5.032179355621338,-8.700483322143555,-8.363182067871094,-2.0037190914154053,-4.204507350921631,-6.326105117797852
8_george_45.wav,0.27822333574295044,0.03623757138848305,1570.8131180143066,1133.7556806012049,2838.4161698190787,0.09156558388157894,-403.123291015625,166.6864013671875,-93.17762756347656,31.528244018554688,40.28934097290039,-60.29265213012695,-12.865059852600098,-5.917015552520752,-44.79535675048828,-6.823827743530273,-18.941158294677734,-45.228370666503906,0.17837664484977722,-7.276294231414795,-37.004024505615234,-3.5529239177703857,-2.345771074295044,-26.467409133911133,-11.135697364807129,-7.343621730804443,-13.464957237243652,-6.663301467895508,-12.178622245788574,-6.478851795196533,3.841627359390259,-11.426909446716309,-8.80782699584961,6.501153469085693,-6.151943683624268,-8.951971054077148
4_theo_27.wav,0.30387672781944275,0.06148861348628998,905.7758773692415,629.8629993623906,1360.7327974759614,0.07224684495192307,-379.7369689941406,159.50460815429688,-11.211604118347168,-23.362483978271484,-15.121438026428223,-30.26479721069336,-9.959423065185547,-4.124370098114014,-13.76190185546875,-3.6904172897338867,-7.020288467407227,-9.96145248413086,6.612940311431885,3.467160940170288,-3.299099922180176,6.473116397857666,-2.7672007083892822,-15.571181297302246,-7.962886333465576,-9.31344985961914,-13.526755332946777,-0.7810099720954895,7.798474311828613,8.062590599060059,9.120638847351074,5.340057373046875,1.0009732246398926,-1.6354882717132568,-3.0820553302764893,2.7784483432769775
3_yweweler_46.wav,0.309792160987854,0.012491238303482533,1087.6876295777593,1009.6388186722946,2234.967041015625,0.0445556640625,-511.8235168457031,194.1312713623047,-63.3971061706543,36.24829864501953,55.63596725463867,-44.84335708618164,-11.057047843933105,11.859627723693848,-29.4650936126709,-14.051274299621582,-9.273390769958496,-23.436704635620117,-0.07808228582143784,-2.5713860988616943,-14.853652000427246,5.576969623565674,2.5263302326202393,-7.328728199005127,4.647716045379639,-3.3323605060577393,-10.13676929473877,-0.45000937581062317,-7.827915668487549,-9.3202486038208,-1.7301111221313477,-12.070473670959473,-10.257133483886719,1.3619022369384766,-7.7296624183654785,-9.521567344665527
5_theo_9.wav,0.4355425238609314,0.004820939619094133,1104.6842591717764,819.1997600523385,1868.00537109375,0.07659040178571429,-541.6688842773438,254.17379760742188,-93.57366943359375,-9.96104907989502,22.512908935546875,-46.08932876586914,0.8707116842269897,4.380087852478027,-20.003015518188477,20.37290382385254,11.881743431091309,-8.460675239562988,4.836440563201904,-17.367013931274414,-11.954323768615723,13.25023365020752,-18.794307708740234,-17.969440460205078,9.99580192565918,-16.800474166870117,-16.575557708740234,9.875041007995605,-10.019170761108398,-12.574556350708008,4.569680213928223,-7.534090995788574,-2.843769073486328,7.238914489746094,-8.253582954406738,-6.181316375732422
2_nicolas_24.wav,0.23371060192584991,0.026544129475951195,1042.7106651034505,1249.4986396692452,2806.85302734375,0.034375,-408.3467712402344,189.576171875,-60.62748336791992,53.86488723754883,47.4983024597168,-28.657217025756836,25.7251033782959,7.879942417144775,-34.32209396362305,9.690351486206055,-3.5114517211914062,-27.520233154296875,6.299802303314209,-7.165874481201172,-20.920576095581055,6.127597808837891,-5.467260837554932,-11.517372131347656,7.361697196960449,-4.394086837768555,-4.538232326507568,7.85010290145874,-5.145993709564209,-1.3021348714828491,8.634417533874512,-3.6482272148132324,-0.666857123374939,2.8711445331573486,-8.39647102355957,-2.5812697410583496
6_theo_12.wav,0.3490912616252899,0.0034595143515616655,1836.7984685374147,1113.2259570490319,3006.03515625,0.156640625,-576.0158081054688,162.56866455078125,-77.25173950195312,37.37924575805664,34.21996307373047,-49.34706497192383,1.6901836395263672,-1.8557088375091553,-30.664688110351562,12.515214920043945,-2.106905221939087,-22.811792373657227,12.592775344848633,4.074882507324219,-3.7620320320129395,15.008279800415039,-7.054817199707031,-9.664250373840332,8.216606140136719,-14.473027229309082,-13.648603439331055,7.150637626647949,-6.257754325866699,-4.930929660797119,4.176580905914307,-8.34262466430664,-0.4506097733974457,6.712176322937012,-6.601406097412109,-1.754625678062439
3_george_47.wav,0.31359198689460754,0.057734470814466476,1614.8236005863428,1117.4334533517936,2951.484375,0.09244791666666667,-356.3677978515625,163.8962860107422,-103.96585845947266,41.22185516357422,48.96043014526367,-60.47779846191406,-16.101905822753906,-18.777477264404297,-53.46710968017578,-6.988062858581543,-24.660358428955078,-47.26570510864258,4.565693378448486,-5.649333477020264,-32.4695930480957,-3.550869941711426,-9.207508087158203,-19.682415008544922,-1.225577473640442,-10.519946098327637,-10.464171409606934,2.3319127559661865,-13.630230903625488,-8.90427017211914,5.361351013183594,-12.399030685424805,-9.599660873413086,6.8899760246276855,-4.948784828186035,-8.630326271057129
8_jackson_28.wav,0.29947760701179504,0.04419152811169624,1066.3720790691345,1019.9925561228509,2409.92431640625,0.0627170138888889,-387.8019104003906,173.2470703125,-31.582481384277344,45.98640823364258,38.001827239990234,-59.09880828857422,-27.89887809753418,5.436976432800293,-16.000267028808594,-8.537162780761719,-8.951536178588867,-13.776714324951172,-3.21938157081604,-13.729748725891113,-11.56904125213623,3.4278812408447266,-9.984134674072266,-7.13713264465332,6.36593770980835,-11.144024848937988,-11.89583969116211,-0.7725095152854919,-15.764805793762207,-12.752264976501465,0.4653075933456421,-12.588560104370117,-11.828085899353027,-0.0772620439529419,-8.44235610961914,-7.644328594207764
0_george_33.wav,0.24375060200691223,0.06918548047542572,1342.3718000494507,1027.717505402849,2485.469970703125,0.0708984375,-347.57025146484375,151.99166870117188,-80.6494140625,22.165489196777344,38.28211212158203,-45.389198303222656,-14.430604934692383,-15.56407356262207,-44.70403289794922,-12.298357009887695,-28.067424774169922,-46.93099594116211,-4.774410247802734,-11.392168998718262,-29.7391357421875,0.5401142239570618,-4.469227313995361,-20.081111907958984,-2.8034682273864746,-9.212235450744629,-16.207622528076172,-3.0039587020874023,-11.60721492767334,-13.429044723510742,-1.9458860158920288,-13.097600936889648,-13.903109550476074,-1.3802193403244019,-8.15373706817627,-7.069911003112793
2_lucas_28.wav,0.4995381534099579,0.03737259283661842,1216.8459832908943,999.5565893486499,2311.4193564967104,0.08167146381578948,-414.01123046875,177.88906860351562,-51.44820022583008,15.147245407104492,54.38742446899414,-14.75919246673584,-8.117238998413086,2.6322193145751953,-22.812183380126953,-5.871074676513672,2.608233690261841,-11.969596862792969,-1.009445309638977,-1.0564285516738892,-8.939770698547363,5.035198211669922,0.6083755493164062,-11.35275650024414,1.2289484739303589,2.3732004165649414,-6.731270790100098,-1.5943342447280884,-3.0249462127685547,-6.062280178070068,1.4142866134643555,-1.5038341283798218,-6.1435227394104,0.26022854447364807,-0.7198524475097656,-4.057779788970947
6_theo_42.wav,0.3206033706665039,0.004028238821774721,1916.0395521311905,1031.969551663556,3006.03515625,0.168017578125,-556.84423828125,171.2102508544922,-94.77490234375,32.38005447387695,36.05807113647461,-51.77161407470703,5.612893581390381,1.474932074546814,-31.355382919311523,13.732656478881836,-3.597534656524658,-24.747468948364258,14.503850936889648,3.114356756210327,-7.08475399017334,14.130571365356445,-8.133124351501465,-11.521181106567383,6.815965175628662,-16.39568519592285,-13.362890243530273,10.022253036499023,-5.304401874542236,-5.477795600891113,5.360438346862793,-6.138823509216309,0.05313241481781006,5.399930953979492,-7.343537330627441,-0.9571954011917114
7_george_37.wav,0.29475125670433044,0.03154479339718819,1279.126941007025,1043.2590942187244,2399.5166015625,0.06438802083333334,-379.5552673339844,167.9382781982422,-85.90873718261719,10.498769760131836,38.48917770385742,-35.655208587646484,-20.295942306518555,-30.687471389770508,-44.04954147338867,5.055176734924316,-10.024687767028809,-36.87162780761719,1.076351523399353,-2.477034091949463,-21.59605598449707,-0.3918694257736206,-9.725741386413574,-22.62981605529785,-4.150726318359375,-8.594063758850098,-15.349851608276367,-7.28920316696167,-13.439569473266602,-7.5997748374938965,-0.2482489049434662,-15.672833442687988,-8.333732604980469,6.896028518676758,-8.020816802978516,-9.553216934204102
4_lucas_30.wav,0.49786123633384705,0.0428275428712368,1064.4095991230881,777.8156647958757,1674.20654296875,0.08522727272727272,-404.9385681152344,185.7545928955078,-17.924577713012695,20.133394241333008,15.57928466796875,-52.232540130615234,-10.104260444641113,17.799028396606445,-17.754196166992188,-3.1080427169799805,14.611441612243652,-4.1540374755859375,-2.7091598510742188,-0.4099290072917938,-6.7025909423828125,2.26244854927063,-1.4840240478515625,-8.90397834777832,1.8211455345153809,-2.4876818656921387,-11.617827415466309,-2.639906406402588,-4.844405651092529,-10.097152709960938,0.1526346355676651,-1.9966853857040405,-10.259988784790039,-3.9088385105133057,-2.562985897064209,-5.989030361175537
3_george_11.wav,0.24993403255939484,0.060063719749450684,1266.7462538902987,1080.745539738521,2644.39697265625,0.05471462673611111,-364.5806579589844,141.5730743408203,-71.55231475830078,33.9595832824707,46.14104080200195,-46.68850326538086,-23.286876678466797,-21.380035400390625,-44.92455291748047,-5.940112590789795,-17.46118927001953,-43.15950393676758,-6.038737773895264,-9.346294403076172,-30.32577896118164,-4.624575614929199,-5.341034889221191,-16.457847595214844,-0.9430592060089111,-10.752196311950684,-18.47130584716797,-4.683598518371582,-17.324392318725586,-21.089038848876953,0.087837815284729,-5.134045600891113,-11.67575454711914,1.6629972457885742,0.08280156552791595,-3.371832847595215
7_george_17.wav,0.245555579662323,0.04759485274553299,1260.4001223102655,987.4832433178453,2403.643798828125,0.06696428571428571,-366.4930725097656,150.4345703125,-78.21562957763672,10.024833679199219,33.46788024902344,-42.654876708984375,-24.7298526763916,-27.31331443786621,-41.8525276184082,2.710829973220825,-10.501181602478027,-39.77095413208008,-3.336711883544922,-2.1816487312316895,-24.935049057006836,-8.933870315551758,-11.345405578613281,-18.78459358215332,-4.152962684631348,-10.9096040725708,-12.96189022064209,-1.220123052597046,-14.557442665100098,-14.638145446777344,1.0115958452224731,-12.385539054870605,-15.060011863708496,3.4165728092193604,-2.2420105934143066,-8.149956703186035
3_theo_20.wav,0.38525328040122986,0.01993921399116516,1053.6480159285845,961.9745709201572,2214.607121394231,0.057204026442307696,-465.8100891113281,170.47315979003906,-44.048397064208984,26.552072525024414,49.24151611328125,-26.62153434753418,-17.972606658935547,-9.041507720947266,-27.75442123413086,-11.61968994140625,-14.21430778503418,-21.494028091430664,-2.878174304962158,-7.108075141906738,-8.961342811584473,4.023466110229492,-8.443370819091797,-8.67299747467041,5.296142578125,-8.974075317382812,-11.719597816467285,-0.14453932642936707,-11.122282981872559,-10.620052337646484,-0.05573316663503647,-9.465290069580078,-9.379767417907715,-2.320753574371338,-6.9926581382751465,0.5897204875946045
4_yweweler_43.wav,0.3900001347064972,0.009241003543138504,824.4309380438882,678.2676481663772,1113.1009615384614,0.06223707932692308,-541.489013671875,229.60736083984375,-22.98403549194336,-3.385453701019287,-17.919294357299805,-64.83661651611328,8.404532432556152,24.74409294128418,-22.420307159423828,0.8962345123291016,3.141629934310913,-26.580034255981445,-3.0720486640930176,8.398624420166016,-7.608378887176514,0.8291212916374207,-2.703308343887329,-14.686270713806152,-4.633372783660889,-6.284546852111816,-12.191045761108398,-2.197012424468994,-2.734534978866577,-5.239651203155518,0.34440845251083374,-5.638350486755371,-8.936600685119629,-1.6032257080078125,-1.843472957611084,-3.1773061752319336
9_george_22.wav,0.31805333495140076,0.051163166761398315,1590.3819468203747,1079.7672912749842,2915.7552083333335,0.10935691550925926,-363.04669189453125,167.15869140625,-109.93941497802734,15.088462829589844,36.37690353393555,-47.95368957519531,-1.1300642490386963,-13.524614334106445,-46.60118865966797,8.60310173034668,-10.441319465637207,-43.8455810546875,0.5852236151695251,-7.864504337310791,-29.812761306762695,-2.141624689102173,-12.856819152832031,-25.28034782409668,-5.420467853546143,-12.011223793029785,-13.156497955322266,-5.016448974609375,-17.261110305786133,-6.628745079040527,0.3143347203731537,-22.37082290649414,-12.556621551513672,3.186981678009033,-10.815710067749023,-5.275142669677734
6_lucas_26.wav,0.5621777772903442,0.022827260196208954,1430.040425014865,1120.3924450082038,2685.6689453125,0.1148365162037037,-406.9267272949219,153.21380615234375,-51.422672271728516,23.874670028686523,43.79344177246094,-25.750137329101562,1.3303724527359009,13.753914833068848,-15.504029273986816,5.975798606872559,10.52430534362793,-9.440080642700195,3.0993359088897705,4.682207107543945,-2.166064739227295,7.942590713500977,0.9967571496963501,-3.1019163131713867,8.90609359741211,0.38695353269577026,-6.564810752868652,1.4829281568527222,-3.239487648010254,-3.980900526046753,2.659346580505371,-2.5141308307647705,-0.720869779586792,4.919370651245117,-1.2945536375045776,-0.2650306522846222
7_george_35.wav,0.2980619966983795,0.04963289573788643,1378.086538382841,1008.9846361529909,2569.302645596591,0.08267489346590909,-367.5623779296875,168.6175079345703,-98.0766372680664,12.835052490234375,39.4097785949707,-47.8923454284668,-24.5710391998291,-33.224639892578125,-49.409847259521484,4.609359264373779,-14.487744331359863,-43.2274055480957,1.7359130382537842,-5.002936363220215,-27.730873107910156,-2.3946690559387207,-11.40542221069336,-21.98394012451172,-1.1066994667053223,-11.571969985961914,-18.994182586669922,-6.7639617919921875,-15.939574241638184,-10.400664329528809,1.8770930767059326,-13.391345024108887,-7.753003120422363,7.000275135040283,-7.8082990646362305,-7.327275276184082
9_theo_17.wav,0.3424566388130188,0.004022310022264719,977.0910566574497,885.8887308554365,1893.306884765625,0.05263671875,-566.98095703125,217.5247039794922,-65.95494842529297,12.763346672058105,41.060020446777344,-36.5590705871582,-4.463053226470947,9.07563591003418,-20.768924713134766,5.033615589141846,4.211071491241455,-18.99483871459961,-1.5109405517578125,-0.4230608344078064,-7.346375942230225,1.2089208364486694,-12.787226676940918,-13.928484916687012,2.0374419689178467,-11.227978706359863,-12.982769966125488,1.9151771068572998,-8.472572326660156,-8.32398509979248,4.660114765167236,-4.022283554077148,-4.300583839416504,3.649282932281494,-4.673664093017578,-4.713471412658691
7_yweweler_26.wav,0.4056452810764313,0.005091588944196701,1200.2609487819693,1052.7132629743548,2376.85546875,0.07528831845238096,-573.77099609375,188.2318115234375,-50.5024299621582,22.3284854888916,34.904109954833984,-32.77727508544922,2.6522979736328125,3.759469985961914,-27.262224197387695,5.504000186920166,5.501192092895508,-18.056814193725586,-0.48392826318740845,-0.22007516026496887,-5.999330520629883,2.974457263946533,-10.799809455871582,-8.110517501831055,9.498570442199707,-5.949825763702393,-8.579277038574219,3.304304838180542,-10.73516845703125,-8.089213371276855,5.09048318862915,-8.858009338378906,-6.966370582580566,6.8822550773620605,-3.0907723903656006,-4.516311168670654
8_nicolas_14.wav,0.4127141833305359,0.04606865346431732,1332.1803217032084,1202.9142313909222,2931.50634765625,0.04958767361111111,-338.93109130859375,191.93527221679688,-71.47439575195312,37.03692626953125,39.22242736816406,-51.4325065612793,2.920043468475342,6.056635856628418,-30.56120491027832,14.115670204162598,5.537755489349365,-22.638526916503906,11.290931701660156,0.45846641063690186,-20.99068260192871,5.7833638191223145,0.9725348949432373,-8.741397857666016,7.008512496948242,-4.839567184448242,-8.51126480102539,6.330741882324219,-4.2024827003479,-4.135914325714111,7.478579044342041,-0.9870586395263672,1.8134288787841797,6.442309379577637,-4.784780979156494,0.6238661408424377
6_jackson_42.wav,0.3807702958583832,0.07515852898359299,1620.7228962638083,1051.8074689409516,2679.415616122159,0.14213423295454544,-328.55841064453125,118.36239624023438,-47.59576416015625,22.58397674560547,35.62276840209961,-37.7091178894043,-26.459409713745117,-9.824359893798828,-20.245262145996094,-2.9341142177581787,-6.358447551727295,-15.175226211547852,6.134205341339111,5.26194953918457,-7.5861735343933105,-5.79191780090332,-11.944829940795898,-7.06502103805542,-0.41325604915618896,-19.407135009765625,-17.294116973876953,0.2549498379230499,-12.919720649719238,-15.717680931091309,0.9861599206924438,-5.224135398864746,-9.207737922668457,0.5045465230941772,-3.804748296737671,-4.5298638343811035
1_lucas_33.wav,0.5238912105560303,0.015397964976727962,1412.8942732125038,1000.8047583661555,2581.537420099432,0.11618874289772728,-570.1092529296875,94.31352233886719,-14.60312271118164,16.42005157470703,26.522611618041992,-10.153548240661621,1.5013760328292847,9.408744812011719,-10.31943130493164,-2.397021770477295,8.95058536529541,0.5362626314163208,-1.7778840065002441,-2.395345449447632,-3.6803338527679443,1.2240774631500244,-0.47476842999458313,-2.472827196121216,1.6284751892089844,-1.9633487462997437,-5.065869331359863,-1.2175965309143066,-2.3830790519714355,-2.5500903129577637,-0.22739353775978088,-4.714637279510498,-5.464698314666748,-1.0654429197311401,-1.9703978300094604,-0.4009811580181122
4_yweweler_38.wav,0.3646562695503235,0.008408645167946815,766.389365209502,648.8291141247588,1126.0598575367646,0.0498046875,-564.6370849609375,215.85284423828125,-6.414525032043457,3.1587371826171875,-21.07663917541504,-66.83726501464844,-2.451669931411743,12.030309677124023,-24.128795623779297,2.224165678024292,3.9823644161224365,-22.189849853515625,-1.7428760528564453,3.9139022827148438,-11.461350440979004,-0.9980740547180176,-1.6271026134490967,-8.982322692871094,-0.5159229636192322,-7.180202007293701,-12.595560073852539,-2.636869430541992,-7.447247505187988,-8.977590560913086,1.8199621438980103,-3.5114834308624268,-7.6174540519714355,-0.37857314944267273,-3.8552236557006836,-6.0789031982421875
9_george_43.wav,0.30871865153312683,0.03716813027858734,1348.4057947894762,1068.344900936222,2766.41845703125,0.0668674045138889,-375.1990661621094,187.29977416992188,-95.57853698730469,9.193197250366211,31.422739028930664,-42.61579895019531,-4.151337623596191,-21.891599655151367,-45.946617126464844,9.515926361083984,-16.84801483154297,-48.936893463134766,-0.2582848370075226,-9.619731903076172,-33.062294006347656,-2.984137535095215,-9.955313682556152,-22.32910919189453,-4.793128967285156,-11.96560287475586,-13.19948959350586,-5.383886814117432,-17.387969970703125,-6.739284038543701,2.44685697555542,-16.106346130371094,-6.230737209320068,5.8540143966674805,-11.72492504119873,-7.620638370513916
0_yweweler_23.wav,0.3083907961845398,0.01155948732048273,903.6666338781649,788.1621815207968,1663.0810546875,0.038899739583333336,-503.1759338378906,221.78082275390625,-52.62351608276367,-0.08958359062671661,28.79341697692871,-35.34955978393555,-7.911580562591553,4.291757106781006,-26.91636085510254,-10.253805160522461,-8.545136451721191,-20.59807014465332,1.4366899728775024,-0.3946855366230011,-12.303269386291504,2.2829177379608154,-1.1767727136611938,-7.218599796295166,3.0629007816314697,-5.364081859588623,-9.237854957580566,0.5552135109901428,-8.316262245178223,-10.424880981445312,-0.5810297727584839,-7.785562515258789,-9.312215805053711,-1.5627316236495972,-5.824112892150879,-4.048142433166504
8_jackson_43.wav,0.3351428508758545,0.06692881882190704,1421.794188455501,1219.9984911521854,2929.0822882401317,0.07660875822368421,-345.2826232910156,150.58128356933594,-39.23833084106445,66.77938842773438,37.372737884521484,-64.62336730957031,-3.2200212478637695,10.059715270996094,-40.7690544128418,-17.511661529541016,-12.328926086425781,-23.792722702026367,-0.9462593197822571,-9.632881164550781,-14.940366744995117,5.941995143890381,-9.375170707702637,-17.652477264404297,-1.1712058782577515,-9.671056747436523,-10.3477783203125,-0.535161554813385,-10.4409761428833,-7.682957649230957,-3.8118832111358643,-14.947127342224121,-5.939824104309082,-1.0434069633483887,-13.626694679260254,-5.748740196228027
1_lucas_47.wav,0.43008995056152344,0.03459860756993294,1059.1297129287334,875.68086409571,1910.533447265625,0.0573486328125,-430.48431396484375,193.755859375,-44.99816131591797,18.14437484741211,49.47083282470703,-30.701751708984375,-12.974825859069824,16.17819595336914,-21.36804962158203,-17.956226348876953,9.762430191040039,4.719271183013916,-3.478682279586792,-7.585227012634277,-5.5881853103637695,0.7630046606063843,-9.72154426574707,-10.223130226135254,5.306037902832031,-3.2966980934143066,-12.919306755065918,-1.3877195119857788,-3.238192319869995,-10.56029987335205,-5.370345115661621,-8.097892761230469,-9.635599136352539,-0.8448980450630188,-2.9007599353790283,-6.808847904205322
3_theo_15.wav,0.3303419351577759,0.006670922506600618,1115.057742051574,1054.0040455432027,2365.960693359375,0.03759765625,-572.9089965820312,196.2470703125,-64.79739379882812,49.79377365112305,59.97426223754883,-45.478729248046875,-8.877197265625,3.7597696781158447,-29.126569747924805,-2.651905059814453,-11.2710599899292,-26.506162643432617,1.2650327682495117,-6.53877067565918,-8.329651832580566,10.978492736816406,-10.559256553649902,-10.193596839904785,11.245755195617676,-9.67798137664795,-10.18529987335205,6.588690280914307,-13.726414680480957,-14.37165355682373,1.4684900045394897,-9.414031028747559,-6.655612945556641,1.2072348594665527,-8.296185493469238,-1.4457308053970337
4_george_49.wav,0.2646195590496063,0.052974894642829895,1113.2246039772851,827.5450936428045,1872.8220086348683,0.06938733552631579,-373.8329162597656,171.4154815673828,-71.99372100830078,-14.011272430419922,10.369163513183594,-46.69564437866211,-15.107001304626465,-11.8578519821167,-45.13375473022461,-15.759137153625488,-10.934174537658691,-33.61964797973633,-9.739018440246582,-4.016373634338379,-22.2363338470459,-7.994632244110107,-2.470524311065674,-13.745205879211426,-9.544256210327148,-11.211494445800781,-14.711244583129883,-7.978182315826416,-9.828198432922363,-8.016451835632324,-0.8007956147193909,-6.358379364013672,-5.698678970336914,1.1159753799438477,-4.4048237800598145,-3.980586051940918
2_jackson_18.wav,0.3140515089035034,0.0619756281375885,1143.0712593705414,924.4583040934184,2033.5418701171875,0.06915283203125,-344.4300231933594,192.9443817138672,-52.8174934387207,32.00032043457031,49.85171890258789,-31.51548194885254,-17.964399337768555,-17.454469680786133,-25.727142333984375,9.182563781738281,-13.297981262207031,-34.88661575317383,-1.3478244543075562,-10.41734790802002,-19.986482620239258,6.32269287109375,-9.99632740020752,-17.947309494018555,12.020838737487793,-0.41110357642173767,-17.04642677307129,0.2298269271850586,-5.579755783081055,-14.653938293457031,-2.7115638256073,-5.483589172363281,-8.559168815612793,-2.436307907104492,-8.428348541259766,-8.88366413116455
1_yweweler_49.wav,0.34232956171035767,0.010169591754674911,772.9644133570064,780.2607909896262,1316.51611328125,0.043267144097222224,-529.21875,217.91793823242188,-34.646060943603516,13.667652130126953,17.657419204711914,-41.09765625,9.521475791931152,11.420037269592285,-36.09967803955078,-3.8439178466796875,9.417012214660645,-16.570697784423828,-4.174626350402832,-2.483306884765625,-13.489574432373047,-2.1461477279663086,-6.00589656829834,-8.55803394317627,5.078274250030518,-4.023582935333252,-11.620366096496582,-3.9946508407592773,-10.819707870483398,-10.132503509521484,-0.7875502705574036,-8.120551109313965,-6.622817516326904,1.734581470489502,-5.994802951812744,-5.772801876068115
6_george_11.wav,0.22695747017860413,0.023386597633361816,1539.8335957278332,1142.579795221891,2877.8492647058824,0.08050896139705882,-449.18804931640625,136.5227508544922,-81.76982879638672,40.15717315673828,50.312713623046875,-50.78886032104492,-18.960830688476562,-9.889840126037598,-40.04633712768555,-9.494132995605469,-22.016733169555664,-44.30271911621094,-6.227481365203857,-11.034744262695312,-31.577468872070312,-5.393560886383057,-5.6562652587890625,-15.321290969848633,0.07713548094034195,-7.543323516845703,-10.745989799499512,1.9423428773880005,-12.39219856262207,-14.236261367797852,3.119502544403076,-6.806636810302734,-10.813315391540527,0.7386408448219299,-7.696270942687988,-9.4900541305542
7_jackson_33.wav,0.3387497663497925,0.03678426146507263,1165.125850183446,915.8433455886621,1946.063232421875,0.08233642578125,-379.7642517089844,181.4334716796875,-33.00345993041992,10.822090148925781,25.58900260925293,-31.83496856689453,-16.564207077026367,-4.564189910888672,-14.049647331237793,7.848966121673584,8.065279960632324,-9.220062255859375,-6.721364974975586,-7.998565673828125,-2.9547195434570312,3.490097761154175,-12.794281005859375,-11.684556007385254,2.804178476333618,-7.883355617523193,-10.636406898498535,-2.839367628097534,-12.009499549865723,-10.195296287536621,-1.3075063228607178,-9.236940383911133,-8.568463325500488,-2.594222068786621,-8.078639030456543,-4.148085117340088
7_jackson_42.wav,0.3867573142051697,0.07825613766908646,960.2109586057214,904.4799763650936,1932.861328125,0.052548363095238096,-288.37030029296875,197.9970245361328,-49.00547409057617,12.843672752380371,33.36372756958008,-33.53388595581055,-13.690040588378906,-12.901849746704102,-34.10960388183594,-0.7281464338302612,4.448777675628662,-14.616225242614746,-7.518473148345947,-7.74554443359375,-3.25993275642395,-2.3097774982452393,-25.582218170166016,-15.380837440490723,4.784122467041016,-16.849023818969727,-20.49848175048828,-4.711666107177734,-11.567075729370117,-6.523870468139648,0.026538144797086716,-14.98863410949707,-11.018409729003906,-1.6022238731384277,-10.625480651855469,-8.422148704528809
4_george_31.wav,0.2687579393386841,0.07957832515239716,907.0519994486626,881.2876126892816,1718.8562729779412,0.03889016544117647,-338.3596496582031,155.44776916503906,-46.014183044433594,-5.564388275146484,7.677396774291992,-42.48882293701172,-19.33387565612793,-11.173145294189453,-39.80427169799805,-26.068178176879883,-16.663158416748047,-21.78789520263672,-7.210177898406982,-11.39478588104248,-18.00299072265625,1.4757798910140991,-2.079392194747925,-17.825956344604492,-9.265302658081055,-10.041202545166016,-19.214462280273438,-10.413044929504395,-5.023477554321289,-8.02542495727539,-6.781661510467529,-7.269557476043701,-5.594911098480225,-2.4957563877105713,-4.391574382781982,-1.2724809646606445
0_george_48.wav,0.2828815281391144,0.056157466024160385,1332.1277228838046,1024.1384231361246,2503.7242542613635,0.06946910511363637,-355.6947326660156,156.42811584472656,-85.36653137207031,16.37053680419922,35.60331726074219,-44.685272216796875,-12.095919609069824,-18.40400505065918,-49.8660888671875,-7.9922380447387695,-19.513856887817383,-45.39679718017578,-3.8273932933807373,-6.085758686065674,-28.85710334777832,-4.448795318603516,-5.764093399047852,-15.376557350158691,1.4003348350524902,-7.546673774719238,-15.078717231750488,-3.8949410915374756,-14.863739013671875,-15.446857452392578,-0.8628240823745728,-9.246406555175781,-8.772236824035645,2.2148501873016357,-7.350165843963623,-8.865812301635742
2_yweweler_22.wav,0.4050849676132202,0.007429027464240789,979.266604972339,921.2432912859939,1941.064453125,0.053989955357142856,-563.7684326171875,200.70228576660156,-50.73822021484375,17.9498291015625,38.98773956298828,-27.186141967773438,3.0452537536621094,1.2696701288223267,-32.560203552246094,-2.0095832347869873,-3.5704195499420166,-25.13448143005371,-1.8571771383285522,-3.6890792846679688,-11.46762752532959,8.7640962600708,-2.8326191902160645,-11.18603801727295,10.511335372924805,1.015970230102539,-10.972801208496094,2.0477511882781982,-5.821176052093506,-13.811295509338379,-2.8983752727508545,-5.2503557205200195,-6.834212779998779,-1.2083566188812256,-7.0781145095825195,-5.973394870758057
8_nicolas_25.wav,0.47289741039276123,0.03697095066308975,1200.425802195372,1132.0119177416534,2698.617015165441,0.04282513786764706,-363.85198974609375,209.90074157714844,-75.04328918457031,36.099246978759766,40.75958251953125,-55.49845886230469,-1.0749245882034302,7.038731098175049,-30.86260986328125,9.368094444274902,1.2343111038208008,-22.259986877441406,13.143620491027832,0.24594615399837494,-20.519216537475586,5.115726947784424,-5.497909069061279,-13.445856094360352,9.681657791137695,-2.616225242614746,-8.63576889038086,7.152562141418457,-5.786062717437744,-6.548508167266846,7.621401786804199,-3.4330809116363525,-1.1105988025665283,9.64903736114502,-2.2439563274383545,-1.0250122547149658
9_george_18.wav,0.2932286560535431,0.04001350700855255,1144.814671826435,971.2360510069949,2244.83642578125,0.05140269886363636,-393.48760986328125,196.39256286621094,-97.82170104980469,7.795931816101074,33.305721282958984,-54.67538833618164,-15.833822250366211,-13.983588218688965,-43.99934768676758,2.7134153842926025,-6.584425449371338,-38.54829406738281,-4.522895812988281,-10.940914154052734,-35.69430160522461,-12.637707710266113,-12.55300235748291,-21.115840911865234,-6.888582229614258,-11.28006362915039,-10.032634735107422,-3.0692453384399414,-18.480867385864258,-11.088932037353516,3.492783546447754,-13.388533592224121,-11.664416313171387,2.2611470222473145,-9.00072956085205,-8.723402976989746
3_jackson_30.wav,0.24783246219158173,0.06631064414978027,970.6208542313285,990.2001386272985,2164.599609375,0.051455543154761904,-347.3924560546875,194.20394897460938,-30.087890625,39.1606330871582,39.11981964111328,-48.93472671508789,-28.197498321533203,-9.751683235168457,-16.964920043945312,7.057008266448975,-12.94286823272705,-32.06133270263672,-2.467711925506592,-5.63271951675415,-13.495442390441895,3.1719610691070557,-10.173568725585938,-11.07998275756836,8.320056915283203,-9.631449699401855,-13.092315673828125,5.331554889678955,-14.022249221801758,-20.361398696899414,-0.42533475160598755,-12.512872695922852,-19.079042434692383,-2.2632620334625244,-6.437978744506836,-7.517024517059326
1_nicolas_17.wav,0.3712800145149231,0.03196669742465019,961.5931700262074,1072.708763908871,2108.2963423295455,0.045587713068181816,-362.3945617675781,221.53842163085938,-48.75873947143555,33.77900314331055,21.438945770263672,-45.11282730102539,14.97983169555664,2.490851402282715,-36.17477035522461,8.942801475524902,-0.014973207376897335,-20.377546310424805,12.291275024414062,-2.269684076309204,-16.89644432067871,6.544834613800049,-6.4293060302734375,-10.284388542175293,8.585639953613281,-6.101307392120361,-8.303189277648926,4.714015007019043,-6.396897792816162,-2.6577913761138916,5.603351593017578,-5.298529624938965,1.3826130628585815,6.325210094451904,-4.985633373260498,0.8608054518699646
5_lucas_45.wav,0.6233222484588623,0.036981306970119476,977.1594437478761,982.2678703697527,2010.869891826923,0.04414563301282051,-443.2879638671875,154.28890991210938,-39.68671798706055,16.271974563598633,40.80595779418945,-20.527240753173828,-3.5049235820770264,13.921984672546387,-8.4478120803833,5.99912166595459,13.19597339630127,-3.548798084259033,2.3146443367004395,3.2773821353912354,-3.105747699737549,5.117947101593018,0.6901149749755859,-4.242995262145996,6.890834808349609,2.1661179065704346,-5.83241605758667,2.0813326835632324,1.0299274921417236,-2.160856246948242,2.5410356521606445,-1.4792718887329102,-1.9592623710632324,4.257137775421143,-0.750948429107666,-1.960684895515442
7_george_44.wav,0.29697826504707336,0.04783806577324867,1556.9932132582392,1041.5190493428602,2785.31982421875,0.1045654296875,-355.36956787109375,178.26437377929688,-110.01997375488281,9.247185707092285,35.26618957519531,-51.58417892456055,-19.405000686645508,-35.28859329223633,-55.766075134277344,8.154800415039062,-13.589940071105957,-49.11730194091797,3.018669366836548,-0.7370174527168274,-29.899120330810547,-4.362606048583984,-9.378049850463867,-21.50361442565918,-3.1902506351470947,-12.265157699584961,-17.21027183532715,-3.8702807426452637,-11.673345565795898,-6.571711540222168,2.087301254272461,-13.278040885925293,-5.652942657470703,5.975040912628174,-10.214624404907227,-5.6773362159729
4_george_24.wav,0.2598695755004883,0.07773688435554504,1216.9732134557169,952.4365528284454,2464.35546875,0.06475151909722222,-316.8691101074219,175.79014587402344,-86.27115631103516,-8.08837890625,3.221285343170166,-61.62531280517578,-7.6033501625061035,-9.367420196533203,-52.78559875488281,-15.404953002929688,-13.710789680480957,-32.685447692871094,-2.132537603378296,-8.942638397216797,-24.155563354492188,-0.2707183063030243,-7.875466346740723,-18.348712921142578,-1.72780179977417,-12.630692481994629,-21.309476852416992,-6.078402519226074,-7.708257675170898,-9.035877227783203,-3.818222999572754,-9.803182601928711,-6.150555610656738,-1.9100619554519653,-6.655302047729492,0.006306886672973633
1_jackson_26.wav,0.2797229290008545,0.08108989149332047,659.0586231178679,701.7721507075017,988.1867781929348,0.03379755434782609,-344.65667724609375,223.68385314941406,-18.97921371459961,5.442419052124023,12.754212379455566,-48.70820999145508,-16.128890991210938,8.4782075881958,-25.43488311767578,-17.32171058654785,-1.5019028186798096,-14.935903549194336,-13.467516899108887,-8.308098793029785,-8.719010353088379,-2.8997626304626465,-7.028365612030029,-10.233865737915039,-6.00140380859375,-13.552087783813477,-14.19056510925293,-4.8382463455200195,-11.707620620727539,-15.902693748474121,-8.187904357910156,-11.074372291564941,-10.884697914123535,-1.3100796937942505,-4.669415473937988,-10.75373363494873
5_jackson_6.wav,0.3547401428222656,0.07268760353326797,878.097055902843,787.7239286379222,1537.2314453125,0.04893663194444445,-312.9251708984375,227.6875,-53.258636474609375,-4.355573654174805,8.335890769958496,-54.86135482788086,-14.9307861328125,-5.67209529876709,-33.94100570678711,-0.6472793221473694,4.065112113952637,-17.265832901000977,-5.080583572387695,-12.873573303222656,-17.56123161315918,2.792839288711548,-9.660184860229492,-17.250207901000977,1.376470685005188,-8.982536315917969,-15.71299934387207,0.3067973554134369,-6.639668941497803,-12.92789077758789,-4.429019927978516,-9.882118225097656,-9.63754653930664,-2.348731517791748,-7.956446170806885,-5.715543270111084
9_nicolas_39.wav,0.4045875370502472,0.03982819244265556,1062.8309648622303,1030.556275244632,2203.7533408717104,0.05065275493421053,-359.3454895019531,228.62413024902344,-76.60614013671875,21.085220336914062,37.892974853515625,-34.8869743347168,11.48254680633545,1.7039188146591187,-30.071569442749023,16.87860870361328,2.2323145866394043,-24.868427276611328,7.4481682777404785,-4.757099151611328,-15.426687240600586,11.255722999572754,-5.232423782348633,-12.362130165100098,7.840188980102539,-7.9978532791137695,-9.278160095214844,6.29863977432251,-9.085448265075684,-5.095895290374756,9.225131034851074,-5.882711410522461,-3.290919542312622,7.112267017364502,-4.161701679229736,-0.672432005405426
1_george_20.wav,0.29385504126548767,0.04484938830137253,1039.8550778608123,976.8761537721457,2213.2095336914062,0.0537109375,-355.69146728515625,186.96115112304688,-66.87117767333984,3.2826318740844727,7.533698081970215,-56.98124694824219,-7.762225151062012,-11.712495803833008,-44.88665771484375,-3.4520695209503174,-11.487808227539062,-34.38227844238281,-1.55124032497406,-14.160957336425781,-33.84746551513672,-4.283617973327637,-9.056533813476562,-22.63591194152832,-4.510953903198242,-10.190765380859375,-18.852195739746094,-11.152237892150879,-17.58283042907715,-11.26502513885498,0.2317638397216797,-12.221113204956055,-9.61345100402832,1.7154407501220703,-7.192438125610352,-5.151373386383057
3_jackson_22.wav,0.2562059462070465,0.08384878188371658,860.7822072240642,953.9808229442754,1819.5556640625,0.034822162828947366,-317.4486999511719,186.27169799804688,-34.64492416381836,23.850954055786133,34.66850662231445,-30.61577033996582,-16.893577575683594,-20.10926628112793,-33.4159049987793,-0.5109826922416687,-12.813030242919922,-35.08100128173828,-7.204012393951416,-5.478217124938965,-14.387364387512207,2.6927530765533447,-3.5241641998291016,-7.877537727355957,6.735711097717285,-5.318697929382324,-12.5676851272583,-0.017917808145284653,-8.933100700378418,-15.0692138671875,-7.024125099182129,-12.923799514770508,-12.997005462646484,-5.811001300811768,-11.074668884277344,-8.410176277160645
5_yweweler_44.wav,0.5154516696929932,0.009365467354655266,1009.2721464044268,876.024138772547,1871.773681640625,0.0744384765625,-516.800048828125,200.84707641601562,-50.29787063598633,9.399502754211426,27.098907470703125,-35.141456604003906,6.371762275695801,14.953267097473145,-24.381149291992188,3.5869407653808594,13.284213066101074,-10.446943283081055,1.827004075050354,2.1384003162384033,-7.438954830169678,3.8728721141815186,-3.7169971466064453,-7.971933841705322,5.938260078430176,-4.690278053283691,-8.809192657470703,6.139428615570068,-2.7853519916534424,-6.796335697174072,5.608613014221191,-2.8811087608337402,-7.199389457702637,2.9595649242401123,-2.148622751235962,-4.557280540466309
1_lucas_6.wav,0.4198242425918579,0.03644099459052086,1116.703568663653,908.4286170039478,2157.8536184210525,0.06162623355263158,-454.8482666015625,171.26609802246094,-22.1057186126709,16.19883918762207,23.58792495727539,-37.56679916381836,-0.731894850730896,25.318649291992188,-21.796432495117188,-17.89512825012207,13.7725830078125,2.63916015625,-5.921388149261475,-0.7748478651046753,-3.8125827312469482,-3.9686408042907715,-6.235996246337891,-8.506091117858887,-0.34251514077186584,-1.731004238128662,-11.4137601852417,-8.321392059326172,-3.387082099914551,-5.530432224273682,-6.619154453277588,-7.241074562072754,-6.6235432624816895,-5.03400993347168,-6.241763591766357,-4.587636947631836
0_theo_22.wav,0.28938108682632446,0.0070841084234416485,866.0477303142659,838.3936144775461,1723.0869140625,0.04275390625,-541.9210815429688,196.11190795898438,-40.050628662109375,12.63595962524414,31.905555725097656,-23.789833068847656,-4.505965709686279,-11.360909461975098,-31.36001205444336,-1.5843201875686646,-8.214922904968262,-19.274065017700195,5.567221641540527,-4.973352432250977,-12.972687721252441,7.941836357116699,-3.174240827560425,-10.976950645446777,2.4465842247009277,-7.053422451019287,-8.530111312866211,-0.5666195750236511,-13.574227333068848,-9.194780349731445,3.7238571643829346,-7.665911674499512,-7.573652744293213,-0.2797454297542572,-8.329741477966309,-4.795691967010498
2_jackson_34.wav,0.23668691515922546,0.049397896975278854,914.1718441152766,849.9513320877489,1528.3680308948863,0.06258877840909091,-407.0522155761719,157.1201171875,-4.3103227615356445,40.70130157470703,35.46232604980469,-36.79955291748047,-24.1623592376709,-3.8967325687408447,-18.05479621887207,-15.62805461883545,-22.060945510864258,-24.046131134033203,-4.907386779785156,-9.005428314208984,-14.366339683532715,-2.953073740005493,-9.960244178771973,-9.020572662353516,5.060379505157471,-8.150472640991211,-12.566023826599121,5.441282749176025,-2.2793400287628174,-13.29077434539795,-4.0700154304504395,-6.61037015914917,-11.366771697998047,-6.131007671356201,-9.049988746643066,-7.142714023590088
5_george_24.wav,0.3237840235233307,0.04979841411113739,1568.6229657333333,1060.5758183475898,2836.99951171875,0.09212239583333333,-343.7268981933594,194.30453491210938,-127.73294830322266,7.9857940673828125,31.104143142700195,-65.71781921386719,-6.936529159545898,-9.528324127197266,-50.55216979980469,3.545793294906616,-8.187068939208984,-39.01585388183594,-1.4692026376724243,-18.43171501159668,-35.2188720703125,3.058272361755371,-7.711519241333008,-20.785310745239258,1.043235421180725,-12.63917064666748,-19.175233840942383,-5.083857536315918,-15.394559860229492,-7.399111270904541,6.392802715301514,-10.7321195602417,-9.385754585266113,-0.8250944018363953,-11.849753379821777,-4.950283527374268
3_george_46.wav,0.2579307556152344,0.03459104150533676,1483.5868109336448,1107.0042515563423,2907.58056640625,0.07945421006944445,-408.3304138183594,156.77725219726562,-91.10780334472656,35.320220947265625,48.41874694824219,-51.68933868408203,-14.59267520904541,-17.02712631225586,-48.73881149291992,-2.8985612392425537,-20.145408630371094,-49.410953521728516,-0.8969972133636475,-4.281635761260986,-32.30713653564453,-7.261263370513916,-7.605723857879639,-16.79828453063965,-2.1183886528015137,-12.809195518493652,-14.366721153259277,-0.8742040991783142,-16.11438751220703,-13.521010398864746,3.3894824981689453,-12.095925331115723,-13.449962615966797,2.890763282775879,-4.834766864776611,-6.99676513671875
8_george_7.wav,0.23255474865436554,0.059500470757484436,1507.9890847460542,1121.7233182436134,2893.279474431818,0.07259854403409091,-363.1455078125,124.37474822998047,-67.07615661621094,36.89234924316406,37.13564682006836,-50.837867736816406,-18.390708923339844,-20.217775344848633,-47.58889389038086,-8.373894691467285,-21.393590927124023,-42.39593505859375,3.6726410388946533,-1.060941219329834,-30.299345016479492,-3.9808835983276367,1.646246075630188,-15.473822593688965,-10.38397216796875,-11.103171348571777,-7.009455680847168,-0.5001767873764038,-13.964341163635254,-7.404173374176025,5.901610851287842,-10.650856018066406,-12.026508331298828,0.9541807770729065,-6.01515007019043,-4.374758243560791
5_theo_39.wav,0.34609854221343994,0.007936113514006138,1212.791861223786,908.72733115084,2095.4498291015625,0.0789794921875,-516.6060791015625,210.03982543945312,-81.47148895263672,-1.0119112730026245,21.433053970336914,-41.89684295654297,4.657435894012451,5.328047752380371,-22.22983741760254,16.263622283935547,9.176070213317871,-15.714604377746582,-4.444649696350098,-19.700355529785156,-15.217032432556152,7.713953495025635,-15.720269203186035,-11.84543228149414,14.98905086517334,-6.779986381530762,-11.321861267089844,3.542217254638672,-14.449081420898438,-11.136292457580566,5.324418067932129,-6.400608539581299,-3.438117742538452,1.4925596714019775,-11.524637222290039,-2.33646297454834
6_yweweler_8.wav,0.42761367559432983,0.017711468040943146,1537.2353949596918,1117.8098630172217,2776.1268028846152,0.08176832932692307,-467.34173583984375,170.76651000976562,-82.10205841064453,36.020755767822266,50.179283142089844,-54.060890197753906,-11.336129188537598,7.097015857696533,-33.35035705566406,-8.15174674987793,-10.951303482055664,-30.230405807495117,2.6263155937194824,0.8107365965843201,-17.112770080566406,1.5817530155181885,-0.7852067351341248,-6.622145652770996,3.767434597015381,-7.9698686599731445,-8.175981521606445,2.7426018714904785,-11.396101951599121,-8.414032936096191,4.140746593475342,-10.077333450317383,-8.356947898864746,3.6108057498931885,-6.663618087768555,-5.425973892211914
2_theo_35.wav,0.28921350836753845,0.007939507253468037,1245.6307099202368,928.6556502546359,2122.81494140625,0.0845947265625,-535.9522705078125,205.1131134033203,-71.15912628173828,40.03724670410156,46.75104904174805,-42.00102233886719,8.030442237854004,3.5937108993530273,-33.89923858642578,2.4199798107147217,-13.191234588623047,-27.93682289123535,7.784256458282471,-11.154297828674316,-19.452913284301758,10.105587005615234,-7.214056015014648,-10.42516803741455,8.25960636138916,-10.518622398376465,-6.453548431396484,7.824756145477295,-13.625404357910156,-9.072455406188965,3.6489298343658447,-11.966252326965332,-4.592014789581299,4.497028350830078,-8.854926109313965,-2.7920310497283936
6_lucas_39.wav,0.5359534025192261,0.024452174082398415,1728.301896565841,1026.4849527523888,2830.7548828125,0.1603125,-392.6021423339844,166.6102752685547,-84.37007904052734,28.5035343170166,53.192100524902344,-40.08327865600586,-2.0681726932525635,11.655662536621094,-27.874853134155273,4.273208141326904,10.958324432373047,-16.22027015686035,0.4942972660064697,1.644875168800354,-6.094663619995117,10.692025184631348,1.5623579025268555,-6.477321147918701,6.840698719024658,-4.581009387969971,-8.720010757446289,5.8786444664001465,-2.940171480178833,-4.811497688293457,6.7115349769592285,-2.0464372634887695,-3.53427791595459,4.3941121101379395,-2.6370954513549805,-1.8489221334457397
2_lucas_9.wav,0.45141878724098206,0.016881130635738373,1466.5279104470376,1092.6991410873718,2773.276253633721,0.1273392078488372,-572.6218872070312,82.11434173583984,-13.877052307128906,19.77723503112793,32.490238189697266,-1.555158019065857,1.6931959390640259,1.9858583211898804,-11.801937103271484,-0.9555007815361023,2.1222918033599854,-7.356175422668457,-2.097837448120117,-1.8058826923370361,-4.325046062469482,3.3028950691223145,-0.9509541988372803,-6.952254772186279,1.6541130542755127,2.1314749717712402,-2.9286224842071533,-0.0806230828166008,-2.289259433746338,-3.709472417831421,1.8204295635223389,-1.3917644023895264,-5.007936477661133,0.5189615488052368,0.014093753881752491,-2.8914499282836914
6_theo_34.wav,0.27292919158935547,0.0025436400901526213,1974.3166814439442,1171.1600588624603,3155.1809210526317,0.17012746710526316,-599.8305053710938,181.71644592285156,-90.18145751953125,44.65926742553711,35.180030822753906,-56.27426528930664,11.837263107299805,6.828639030456543,-28.593538284301758,17.947824478149414,-3.9374706745147705,-20.90520668029785,22.024507522583008,0.20924244821071625,-11.692670822143555,15.386772155761719,-7.591981410980225,-8.099023818969727,11.831449508666992,-15.069005012512207,-10.749314308166504,11.111143112182617,-8.854668617248535,-6.570644855499268,5.266740322113037,-8.29977035522461,-0.6142258644104004,5.779552459716797,-3.9565906524658203,5.052803993225098
2_yweweler_8.wav,0.381930947303772,0.011299285106360912,1121.4970356651834,926.3129542736434,2087.823486328125,0.06388346354166667,-504.7021484375,194.43670654296875,-53.55856704711914,14.066691398620605,29.5020694732666,-34.891273498535156,5.737276077270508,7.483932018280029,-33.41067886352539,-9.31751823425293,-12.508069038391113,-31.93692970275879,-3.102752685546875,-1.9969764947891235,-13.271363258361816,3.319537878036499,-7.382591247558594,-13.440288543701172,8.112728118896484,-2.801652193069458,-13.68476390838623,0.9667947292327881,-8.315922737121582,-16.000057220458984,-1.991479754447937,-5.287881374359131,-8.669875144958496,-0.39926719665527344,-5.648095607757568,-6.551149368286133
6_nicolas_7.wav,0.390187531709671,0.04723060876131058,1217.439205811032,1451.038069761774,2785.4736328125,0.06403459821428571,-293.26739501953125,165.68031311035156,-32.26628494262695,48.8801383972168,29.18577003479004,-37.06037139892578,0.25621524453163147,-3.40777587890625,-36.931793212890625,-9.596461296081543,-9.219816207885742,-21.869112014770508,1.1428172588348389,-3.5871565341949463,-13.070551872253418,6.1840410232543945,2.5627076625823975,-6.419332981109619,2.2714192867279053,-1.7118080854415894,-4.340216636657715,-0.29834508895874023,-5.13021993637085,-0.7748847603797913,3.386418104171753,-3.1132991313934326,1.7381477355957031,3.2990405559539795,-4.409152030944824,1.8251895904541016
3_yweweler_23.wav,0.3571185767650604,0.013093645684421062,1089.9134972089132,951.5998023311632,2242.32421875,0.04462890625,-503.9388122558594,204.08526611328125,-64.98106384277344,22.792692184448242,45.99241256713867,-39.530765533447266,-4.788747787475586,5.049111843109131,-38.000389099121094,-12.32569408416748,-5.30994987487793,-24.324092864990234,-0.31343507766723633,0.06854464113712311,-15.510262489318848,-0.16755737364292145,-1.9466378688812256,-7.38579797744751,5.575168132781982,-2.110656499862671,-7.313135623931885,1.5042122602462769,-7.521789073944092,-9.21749210357666,-3.180025577545166,-14.23515796661377,-10.469976425170898,1.4320815801620483,-7.560215950012207,-6.915103435516357
2_nicolas_20.wav,0.2705545127391815,0.03929196298122406,1248.260547332231,1136.2384521705226,2463.067157451923,0.0742938701923077,-369.73614501953125,174.58639526367188,-53.14460754394531,41.77897644042969,35.99932098388672,-32.985069274902344,19.284046173095703,3.013378143310547,-33.372802734375,9.675240516662598,-6.083751201629639,-27.615314483642578,8.669612884521484,-4.901551723480225,-17.688798904418945,9.945785522460938,-3.6392159461975098,-9.659113883972168,10.726994514465332,-4.276469707489014,-5.939532279968262,10.141712188720703,-4.861798286437988,-4.840814113616943,8.46796989440918,-2.96242618560791,-2.7573561668395996,2.7369627952575684,-7.3557353019714355,-1.504538655281067
1_yweweler_10.wav,0.35943788290023804,0.010791035369038582,1012.5278221877504,902.3331195078354,2037.372295673077,0.05194561298076923,-522.0150756835938,206.42868041992188,-55.635475158691406,7.6761016845703125,17.173412322998047,-44.38685607910156,11.655071258544922,15.381502151489258,-33.31856918334961,1.0923353433609009,11.82193374633789,-17.792818069458008,-3.935910940170288,-0.33731377124786377,-10.70514965057373,-1.8343193531036377,-9.379973411560059,-11.085092544555664,1.9108039140701294,-9.75723934173584,-12.754337310791016,-0.8295580744743347,-9.404664993286133,-7.100539207458496,5.225651264190674,-3.7937746047973633,-4.2737507820129395,2.7497811317443848,-6.024418830871582,-4.758514404296875
0_jackson_31.wav,0.35150739550590515,0.07186034321784973,813.6633107069059,827.4069152765104,1525.8427734375,0.04244140625,-332.842041015625,213.6785125732422,-24.655744552612305,12.72711181640625,29.19721031188965,-28.98876190185547,-18.57847785949707,-16.209976196289062,-21.1754150390625,5.318971633911133,-10.339433670043945,-22.115503311157227,5.871702194213867,-6.80593204498291,-19.283374786376953,3.275254011154175,-7.657736301422119,-15.333941459655762,6.2677741050720215,-6.377140998840332,-18.518089294433594,-0.9870970249176025,-8.620546340942383,-18.395671844482422,-3.4768455028533936,-5.394243240356445,-11.909282684326172,-3.3409061431884766,-4.432841777801514,-5.7968597412109375
8_george_25.wav,0.34199365973472595,0.0410422720015049,1774.6680127677798,1145.249508850575,3104.01123046875,0.1123291015625,-399.6864013671875,151.98385620117188,-90.10953521728516,39.84766387939453,36.632530212402344,-67.11637115478516,-13.536689758300781,-12.722671508789062,-49.00636672973633,-0.8978626132011414,-16.8414306640625,-43.80116653442383,2.9182209968566895,-10.897123336791992,-36.814308166503906,-0.28265053033828735,-6.624029636383057,-28.070592880249023,-8.899972915649414,-11.142876625061035,-16.28170394897461,-5.25323486328125,-11.36131763458252,-6.296231269836426,1.8675779104232788,-9.630494117736816,-1.6689300537109375,5.374304294586182,-9.859790802001953,-4.108517646789551
6_jackson_13.wav,0.4857172667980194,0.047582272440195084,1513.3348059218304,1096.1379449975666,2776.741273941532,0.1299615675403226,-372.36297607421875,125.36573791503906,-43.77571487426758,13.33273983001709,24.899551391601562,-31.320295333862305,-13.83003044128418,-7.526761531829834,-20.394832611083984,1.042914867401123,-2.8987786769866943,-15.46924877166748,-2.041149377822876,-3.3985626697540283,-4.120265007019043,-1.703392505645752,-17.31163787841797,-8.875685691833496,3.5268754959106445,-17.12090492248535,-14.436186790466309,1.2368664741516113,-13.63479995727539,-10.987207412719727,3.704120397567749,-9.311302185058594,-9.267029762268066,4.051270008087158,-3.02052903175354,-4.6273722648620605
0_yweweler_26.wav,0.2586419880390167,0.012631786987185478,910.5482041032708,795.789396401768,1649.981689453125,0.03961181640625,-507.774658203125,206.90988159179688,-42.38722610473633,12.170089721679688,27.852312088012695,-41.474178314208984,-6.176385879516602,11.368939399719238,-25.735034942626953,-12.644742965698242,-7.749704360961914,-21.66100311279297,-2.2032885551452637,-0.4993712604045868,-11.993887901306152,1.6782233715057373,2.5597057342529297,-3.568082094192505,2.1623103618621826,-4.682665824890137,-6.858897686004639,-0.17237257957458496,-8.462154388427734,-8.081424713134766,-0.40274959802627563,-9.208206176757812,-9.617685317993164,-2.926989793777466,-8.566198348999023,-5.643288612365723
6_jackson_27.wav,0.5795571208000183,0.03575689345598221,1439.7533931032613,1077.2724329558087,2671.962890625,0.1224609375,-394.3720397949219,130.33554077148438,-43.76935577392578,13.543663024902344,23.621002197265625,-35.52775573730469,-13.1469144821167,-3.92394757270813,-23.270580291748047,-1.821858286857605,-0.5898727178573608,-14.979574203491211,-1.4979642629623413,-2.714799404144287,-9.104623794555664,-2.723468542098999,-12.547942161560059,-12.365220069885254,0.20708514750003815,-9.754718780517578,-11.696017265319824,-2.35241436958313,-10.654903411865234,-7.488670825958252,2.769256114959717,-8.130181312561035,-9.001067161560059,-0.0394103117287159,-6.242760181427002,-4.873988628387451
4_jackson_39.wav,0.37771371006965637,0.11359833180904388,782.3372769806285,728.9602563621254,1235.0830078125,0.04594494047619048,-283.3698425292969,213.14927673339844,-23.827411651611328,-11.25561809539795,-1.4520933628082275,-32.24553680419922,-0.1058799996972084,-3.8968417644500732,-25.416160583496094,-6.622976303100586,-15.547226905822754,-17.005083084106445,8.794242858886719,-9.05364990234375,-15.224373817443848,11.619550704956055,-6.402697563171387,-20.639461517333984,-0.5404437780380249,-14.40296459197998,-27.50252342224121,-6.96075439453125,-6.339022636413574,-11.689801216125488,-1.765047550201416,-6.194912910461426,-10.3861722946167,-5.238584995269775,-9.44847297668457,-7.576558589935303
6_theo_10.wav,0.29933446645736694,0.003368747653439641,1983.369512298144,1082.9114385753287,3081.4013671875,0.1753173828125,-594.1590576171875,154.21527099609375,-75.71920013427734,42.930301666259766,36.723487854003906,-46.18163299560547,10.773073196411133,1.9152015447616577,-30.045085906982422,14.76842975616455,-4.641880989074707,-22.917041778564453,16.529062271118164,2.041074514389038,-6.513792991638184,15.576059341430664,-8.469640731811523,-10.648681640625,8.74721622467041,-14.82459545135498,-12.99432373046875,6.2914628982543945,-10.696603775024414,-8.05729866027832,4.2226033210754395,-6.69387674331665,0.7726964950561523,6.899876594543457,-3.9239792823791504,1.6326873302459717
2_yweweler_49.wav,0.2798193097114563,0.011193729005753994,948.9650214161294,920.0217996830175,1831.8603515625,0.05576869419642857,-534.6620483398438,169.29908752441406,-23.85079574584961,16.73604393005371,22.234683990478516,-27.656864166259766,4.270247936248779,8.678960800170898,-20.838481903076172,-3.7388646602630615,-8.035642623901367,-24.7101993560791,-3.868886947631836,-4.045882225036621,-11.881415367126465,6.0552239418029785,0.31665948033332825,-7.418557643890381,9.508069038391113,1.653869867324829,-11.272574424743652,0.7359305024147034,-2.374748945236206,-12.272759437561035,-6.011429786682129,-8.065964698791504,-11.514020919799805,-4.6312947273254395,-5.018678188323975,-5.3936614990234375
7_george_29.wav,0.4523210823535919,0.031060028821229935,1663.811950981074,1043.7513651297006,2907.9612038352275,0.1346435546875,-418.94610595703125,130.72743225097656,-81.95002746582031,3.231358528137207,25.5220947265625,-37.49589920043945,-10.581555366516113,-15.738892555236816,-37.77066421508789,-0.4539519250392914,-11.051010131835938,-32.53572082519531,-0.06911962479352951,-4.825191020965576,-21.60417938232422,-2.134355306625366,-8.786978721618652,-16.024032592773438,0.2622866630554199,-10.324702262878418,-15.616997718811035,-0.013265642337501049,-6.9486165046691895,-9.161225318908691,0.8818361163139343,-7.649606704711914,-6.886229038238525,2.9076764583587646,-4.665839672088623,-3.980255365371704
1_nicolas_25.wav,0.3061683773994446,0.04074963554739952,1005.2001563472152,1088.2416037688724,2246.630859375,0.0482421875,-351.04486083984375,209.3097381591797,-54.210731506347656,31.44417953491211,32.321170806884766,-35.52732467651367,14.547575950622559,4.62205171585083,-31.086589813232422,8.234108924865723,-2.490745782852173,-20.840938568115234,10.917276382446289,-2.079439878463745,-12.864858627319336,10.69959545135498,-5.324925422668457,-11.621661186218262,7.90631103515625,-5.666198253631592,-7.41899299621582,6.2820963859558105,-7.234922409057617,-5.270700454711914,6.149511337280273,-4.756148338317871,-0.9665594100952148,6.267223834991455,-3.0554304122924805,0.9920727610588074
3_yweweler_42.wav,0.3645664155483246,0.010681047104299068,1059.4609894456783,1003.495056708716,2299.083533653846,0.053598257211538464,-522.2412109375,191.00576782226562,-52.355186462402344,34.27825164794922,52.2353515625,-41.72929000854492,-12.342036247253418,10.144075393676758,-29.555757522583008,-16.96076011657715,-9.201189994812012,-20.82048225402832,-0.16206294298171997,-1.9238499402999878,-13.942952156066895,4.856748580932617,3.5665016174316406,-5.577824115753174,6.506706237792969,-0.11098157614469528,-9.324578285217285,-1.513296365737915,-7.776322364807129,-10.106325149536133,-0.8868240118026733,-8.202089309692383,-8.799060821533203,2.5680413246154785,-2.896121025085449,-6.249756813049316
3_yweweler_24.wav,0.33270561695098877,0.0115717314183712,1111.0003528001785,990.2341101681922,2325.5859375,0.0455322265625,-503.9993896484375,198.60198974609375,-64.49949645996094,33.672767639160156,54.82547378540039,-41.22010803222656,-8.965005874633789,6.660557270050049,-33.494285583496094,-12.606789588928223,-8.641355514526367,-23.519136428833008,-0.4182591736316681,-5.963908672332764,-16.661073684692383,6.8679423332214355,1.2700438499450684,-9.124175071716309,6.889298915863037,0.5876824259757996,-7.294103622436523,1.2389334440231323,-6.506283283233643,-9.017926216125488,-3.495551109313965,-11.78027057647705,-6.700961589813232,2.002258539199829,-7.886312484741211,-5.196347236633301
1_george_49.wav,0.2843334972858429,0.05024535581469536,1097.1441899262434,924.8694445713694,2072.57080078125,0.058935546875,-372.2976379394531,180.78216552734375,-79.60990142822266,-6.768994331359863,10.920589447021484,-44.96912384033203,-1.2876243591308594,-14.560574531555176,-48.44091033935547,-1.314908742904663,-8.92832088470459,-37.16439437866211,-2.725310802459717,-9.39771842956543,-33.18010711669922,-8.77369499206543,-7.906635284423828,-20.4091739654541,-8.443880081176758,-8.308060646057129,-8.524831771850586,-7.002095699310303,-17.010108947753906,-5.207209587097168,2.1105005741119385,-16.060016632080078,-7.157431602478027,4.819400310516357,-12.139303207397461,-8.561068534851074
6_lucas_46.wav,0.5732505917549133,0.021632445976138115,1473.9523094753101,1014.970325608058,2641.40625,0.12760416666666666,-404.6188049316406,181.0871124267578,-71.3725814819336,24.748323440551758,51.34132766723633,-33.174434661865234,-0.35928478837013245,13.189534187316895,-21.126169204711914,6.419689178466797,10.076327323913574,-13.419124603271484,3.3640308380126953,3.8072969913482666,-4.331070899963379,8.283575057983398,-1.0190640687942505,-5.042970657348633,7.594646453857422,-4.8953142166137695,-7.693789958953857,5.8476409912109375,-3.0730788707733154,-3.969395875930786,5.482662677764893,-2.606198787689209,-0.26953455805778503,6.751152038574219,-3.114400863647461,-2.3211381435394287
9_theo_11.wav,0.3079392611980438,0.004929268732666969,984.0196913291787,918.6128594819401,1975.3547219669117,0.04621438419117647,-570.3342895507812,221.90267944335938,-75.12545013427734,18.484418869018555,45.08473205566406,-39.675235748291016,-1.1701582670211792,7.516542434692383,-25.005048751831055,9.961461067199707,4.94220495223999,-23.287715911865234,-0.41007888317108154,-0.6840819120407104,-9.716511726379395,-0.18705850839614868,-17.999238967895508,-18.033432006835938,2.031029462814331,-13.288094520568848,-14.11628532409668,3.6637790203094482,-7.7426228523254395,-7.593041896820068,2.796647071838379,-9.681625366210938,-6.545160293579102,4.673183441162109,-5.0543928146362305,-5.660403728485107
0_nicolas_10.wav,0.30456089973449707,0.0578511543571949,941.7908291513774,1039.1833995850566,2193.8232421875,0.04206194196428571,-335.60614013671875,191.8665008544922,-43.68947219848633,34.62114715576172,35.75581359863281,-33.25628662109375,12.123209953308105,5.255558967590332,-33.27826690673828,-0.17062881588935852,-8.210451126098633,-26.430002212524414,7.29455041885376,1.8633586168289185,-11.809779167175293,9.229823112487793,0.6209470629692078,-7.802327632904053,5.556968688964844,-3.951968193054199,-5.586574554443359,3.1715025901794434,-8.278563499450684,-4.656479835510254,3.996931791305542,-6.454592704772949,-0.5175305604934692,5.537448883056641,-5.909554481506348,-0.2319829761981964
9_theo_33.wav,0.25474703311920166,0.005625966005027294,939.6945757611393,936.7197182655301,1905.6884765625,0.041548295454545456,-574.1864013671875,223.08580017089844,-78.08705139160156,18.626644134521484,41.545894622802734,-42.043975830078125,-0.7507773041725159,9.427373886108398,-20.071895599365234,10.951885223388672,0.20933736860752106,-23.011137008666992,0.2932758629322052,-7.963409423828125,-14.886761665344238,0.9794678092002869,-16.18766975402832,-14.344254493713379,6.184274196624756,-10.461944580078125,-9.563387870788574,5.375116348266602,-10.263830184936523,-7.071083068847656,4.13203239440918,-10.235485076904297,-5.669935703277588,3.0426371097564697,-7.519391059875488,-2.1178033351898193
5_george_45.wav,0.2911759316921234,0.062016021460294724,1426.9427906793449,960.2493527125746,2627.6174444901317,0.07928145559210527,-328.2245178222656,174.45394897460938,-109.4946060180664,-10.527679443359375,17.735240936279297,-57.007530212402344,-16.252155303955078,-19.44684600830078,-48.078407287597656,1.2623142004013062,-7.600584506988525,-34.53020095825195,3.02836537361145,-8.572380065917969,-34.68669509887695,-6.516815185546875,-7.355818271636963,-16.281883239746094,2.714143753051758,-7.920571804046631,-15.951448440551758,-1.9574193954467773,-11.776585578918457,-11.431427955627441,4.197712421417236,-6.138371467590332,-9.052513122558594,-0.09218344837427139,-9.102519035339355,-8.919713020324707
0_theo_47.wav,0.2690298557281494,0.005840411875396967,911.8196721903964,970.474436811679,1912.26806640625,0.032063802083333336,-566.594970703125,209.57012939453125,-60.01155471801758,19.007905960083008,45.90526580810547,-24.403329849243164,-2.900102138519287,-4.395747184753418,-24.191673278808594,7.87839937210083,-5.5649027824401855,-26.48305892944336,2.708416700363159,-1.0910850763320923,-10.902446746826172,7.116920471191406,-6.560235977172852,-15.228410720825195,0.07364649325609207,-11.234389305114746,-13.074125289916992,2.678330421447754,-6.614348888397217,-7.256272315979004,3.4957542419433594,-7.566714763641357,-9.745296478271484,-1.7206006050109863,-7.752418518066406,-7.370461463928223
8_jackson_23.wav,0.308602511882782,0.043783701956272125,1180.357477128495,1051.0519669447815,2538.084652549342,0.07283100328947369,-378.7710876464844,173.07467651367188,-39.852874755859375,44.57412338256836,32.97058868408203,-62.79517364501953,-21.17337989807129,5.168003082275391,-22.871301651000977,-6.777027130126953,-10.231821060180664,-21.692113876342773,-0.9585503935813904,-6.690952301025391,-10.412114143371582,3.9661765098571777,-11.078825950622559,-10.246696472167969,7.614264965057373,-9.188611030578613,-12.037550926208496,2.696190357208252,-10.551423072814941,-11.500750541687012,0.4073697030544281,-8.97266960144043,-6.1981611251831055,1.9674668312072754,-8.36812973022461,-3.732919692993164
5_george_47.wav,0.3408176600933075,0.09095169603824615,1462.9702621459737,967.3973654193765,2494.86083984375,0.10142686631944445,-295.8336181640625,177.56846618652344,-116.59700775146484,-9.159259796142578,21.379850387573242,-58.54029083251953,-15.294710159301758,-15.865877151489258,-48.251792907714844,-1.083929419517517,-7.060816287994385,-32.835391998291016,0.29585880041122437,-13.083778381347656,-34.75788879394531,-5.057380199432373,-8.29757022857666,-18.14664077758789,-0.5113561749458313,-11.174674034118652,-16.045604705810547,-3.3939383029937744,-16.45020294189453,-11.775456428527832,7.5032196044921875,-7.571969985961914,-13.933116912841797,-2.561709403991699,-8.986690521240234,-8.031172752380371
8_lucas_19.wav,0.47572392225265503,0.05706878378987312,1270.1041288381289,1037.128466790311,2507.213824728261,0.08665930706521739,-382.2082214355469,145.27456665039062,-33.546478271484375,35.335662841796875,49.621273040771484,-30.44373893737793,-14.871002197265625,9.94825267791748,-13.65675163269043,-4.974128723144531,1.488152265548706,-10.509750366210938,1.605904459953308,5.752231597900391,-3.086022138595581,1.3869160413742065,-0.36551666259765625,0.024244599044322968,7.219186305999756,-5.111493110656738,-9.435105323791504,4.397215366363525,-3.005577802658081,-11.292464256286621,0.606141984462738,-0.32798364758491516,-7.095564365386963,-0.8877249956130981,-1.3931291103363037,-4.853386402130127
6_george_6.wav,0.26098063588142395,0.03101823292672634,1928.7557569049825,1103.0459538658508,3218.3525390625,0.14357421875,-413.8700866699219,122.3995590209961,-94.13128662109375,31.82837677001953,42.27078628540039,-46.20191955566406,-11.182066917419434,-22.5775089263916,-46.452964782714844,3.8010611534118652,-21.614025115966797,-49.72434616088867,3.289050340652466,-3.5481698513031006,-30.586509704589844,-2.9091217517852783,-6.902591705322266,-16.556241989135742,0.6467040777206421,-9.47229290008545,-8.405904769897461,6.361332416534424,-11.061687469482422,-9.853904724121094,4.4246368408203125,-11.46121597290039,-8.176267623901367,6.63679313659668,-6.550992965698242,-6.493818283081055
8_lucas_31.wav,0.4482707679271698,0.05059199780225754,1559.45953846623,962.8957307898443,2639.221722146739,0.10699728260869565,-402.9891662597656,160.2493896484375,-66.99877166748047,46.25481414794922,61.96123504638672,-48.84160614013672,-18.842529296875,12.364794731140137,-19.749305725097656,-0.5988878011703491,3.3164401054382324,-18.348310470581055,1.1935420036315918,5.3898234367370605,-8.379076957702637,-0.47474902868270874,-3.658456563949585,-4.236868381500244,5.808279514312744,-7.110250949859619,-8.332588195800781,5.165768146514893,-8.420104026794434,-12.155989646911621,2.629746913909912,-5.171706199645996,-9.604567527770996,-0.9285927414894104,-7.194604396820068,-7.755664825439453
6_yweweler_48.wav,0.33149251341819763,0.008549426682293415,1529.2004976964258,1063.480448158716,2813.671875,0.11350911458333333,-563.6712036132812,127.76976776123047,-55.900325775146484,27.205753326416016,39.68671798706055,-34.94542694091797,-8.520748138427734,5.049808979034424,-18.649168014526367,-0.03180046007037163,-6.067159652709961,-20.85401153564453,4.725194931030273,4.65017557144165,-8.507887840270996,2.713855743408203,-0.022181114181876183,-0.8320489525794983,8.448348045349121,-2.821153402328491,-3.2857491970062256,5.998469829559326,-6.629392623901367,-6.240138530731201,3.1461026668548584,-8.881986618041992,-7.522373676300049,4.100178241729736,-3.5167219638824463,-3.8530189990997314
2_jackson_49.wav,0.2755223512649536,0.07821343094110489,1054.415730336306,971.7841327709162,2020.0836181640625,0.061747233072916664,-328.041259765625,156.68324279785156,-35.04786682128906,29.956064224243164,39.32586669921875,-21.7995662689209,-5.581246852874756,-10.829150199890137,-30.657928466796875,-7.774477481842041,-17.7097110748291,-28.78694725036621,-5.986975193023682,-15.699345588684082,-20.35791778564453,2.736067533493042,-7.721700191497803,-11.87983226776123,8.862809181213379,-4.376546859741211,-15.818733215332031,-0.9822041392326355,-8.279946327209473,-17.70630645751953,-8.277970314025879,-8.339531898498535,-7.406591415405273,-1.472796082496643,-7.41840934753418,-8.268165588378906
9_jackson_39.wav,0.3183298707008362,0.08253545314073563,997.0393527081116,986.0158956005357,2219.9137369791665,0.05027488425925926,-316.6430358886719,219.57493591308594,-68.88737487792969,22.974916458129883,39.94596481323242,-40.17533874511719,6.5701165199279785,5.534563064575195,-39.11504364013672,-1.641443133354187,2.0373852252960205,-24.387102127075195,-6.731656074523926,-9.156553268432617,-18.148771286010742,-7.18544340133667,-13.669175148010254,-9.740471839904785,-3.1596202850341797,-19.337862014770508,-13.133044242858887,-5.584012508392334,-18.532039642333984,-6.394613265991211,-2.5517847537994385,-22.426828384399414,-8.897382736206055,4.504709243774414,-10.741686820983887,-7.805516719818115
8_theo_43.wav,0.3586714267730713,0.007869944907724857,1557.0269519336196,1099.0202582302325,2936.97509765625,0.111572265625,-521.0526733398438,161.6908721923828,-60.694583892822266,51.13641357421875,39.409297943115234,-61.02665328979492,-3.8266825675964355,9.617635726928711,-34.61138153076172,-6.328808307647705,-7.435439586639404,-23.73410987854004,3.6236495971679688,-1.288455843925476,-5.9370574951171875,11.937020301818848,-6.945133209228516,-12.485771179199219,2.1691434383392334,-14.81982421875,-12.764634132385254,4.707735538482666,-8.110020637512207,-7.490729331970215,1.8903334140777588,-7.277782917022705,-1.32924485206604,2.5708048343658447,-8.358109474182129,-0.5848387479782104
5_yweweler_6.wav,0.48137834668159485,0.008673441596329212,1252.5899058531363,924.7518844935806,2209.306640625,0.0873046875,-505.0322570800781,207.95440673828125,-75.23383331298828,3.6489949226379395,27.680118560791016,-39.44749069213867,9.859301567077637,15.798982620239258,-24.811763763427734,10.142877578735352,13.385860443115234,-13.401365280151367,7.000710964202881,6.534037113189697,-6.552748203277588,2.0755302906036377,-9.075175285339355,-5.711226463317871,13.481520652770996,-5.210538387298584,-11.712418556213379,5.308446407318115,-5.007349014282227,-6.617924690246582,5.495484352111816,-5.712539196014404,-6.409188747406006,3.452993154525757,-4.730933666229248,-3.6025965213775635
7_jackson_41.wav,0.3783661723136902,0.06908460706472397,928.6032665859846,909.6075411406582,1865.0690252130682,0.053644353693181816,-311.4061584472656,207.90936279296875,-50.012691497802734,13.878966331481934,32.825077056884766,-35.77447509765625,-11.7192964553833,-9.399893760681152,-35.99543762207031,-4.200956344604492,4.8327178955078125,-14.458541870117188,-9.259033203125,-7.309086322784424,-3.275071144104004,-4.588372707366943,-24.0833683013916,-12.332674980163574,2.9423272609710693,-17.39446258544922,-16.40928840637207,-4.138727188110352,-13.920144081115723,-5.588180065155029,0.16995243728160858,-18.026142120361328,-11.380837440490723,0.8022867441177368,-9.005219459533691,-5.5728678703308105
9_theo_34.wav,0.2869897484779358,0.004268973134458065,978.4035013858396,883.7415126991739,1951.8310546875,0.04893275669642857,-575.60400390625,242.00595092773438,-84.72575378417969,11.571784019470215,43.59504318237305,-42.833168029785156,-2.7387521266937256,9.89436149597168,-22.622207641601562,9.341264724731445,4.915916442871094,-18.94216537475586,2.0694406032562256,-3.7242929935455322,-11.790932655334473,0.3559575080871582,-16.782167434692383,-15.225825309753418,4.364800453186035,-11.407248497009277,-10.85767936706543,3.822082996368408,-10.599319458007812,-7.054759979248047,6.80309534072876,-5.427709102630615,-6.15662145614624,-1.0012781620025635,-7.379172325134277,-0.1183055117726326
5_yweweler_45.wav,0.4697221517562866,0.009732343256473541,1241.051536721713,913.820661863298,2069.720818014706,0.08949908088235294,-523.3204956054688,199.3512420654297,-67.51065063476562,-6.9841461181640625,16.16318130493164,-44.325531005859375,-1.1864265203475952,9.872254371643066,-27.055660247802734,0.6418721079826355,9.211653709411621,-11.67594051361084,3.528632640838623,3.324180841445923,-8.478070259094238,-0.775312066078186,-8.08291244506836,-7.0903706550598145,6.84522819519043,-7.310451984405518,-10.428235054016113,4.893208980560303,-5.708311557769775,-9.144598960876465,2.7710518836975098,-6.443911075592041,-8.38851547241211,3.4782867431640625,-1.4695565700531006,-4.9470038414001465
9_jackson_49.wav,0.36726078391075134,0.06157190352678299,842.7679222547206,857.0430563340543,1690.3564453125,0.046595982142857144,-345.7743225097656,228.99607849121094,-53.38648223876953,19.171907424926758,32.45195388793945,-41.4901123046875,2.5435445308685303,5.896352291107178,-35.43618392944336,-5.518240928649902,-1.4954354763031006,-22.46245765686035,-5.953227519989014,-8.140778541564941,-15.742263793945312,-8.575238227844238,-18.414886474609375,-11.217036247253418,-0.05089814215898514,-19.17298698425293,-15.487568855285645,-0.3086242377758026,-11.023816108703613,-8.021659851074219,-5.339367866516113,-20.54880714416504,-10.52971076965332,0.8757807016372681,-9.879559516906738,-6.2712626457214355
0_lucas_34.wav,0.38444221019744873,0.035792116075754166,1192.2082380358725,840.6662873701501,2149.6076912715516,0.08694773706896551,-405.0621337890625,190.50460815429688,-50.63936996459961,16.817644119262695,46.523277282714844,-27.55462646484375,-5.55317497253418,13.48813533782959,-18.08987808227539,-2.9059886932373047,6.0064849853515625,-12.101534843444824,-0.7297719717025757,4.017085075378418,-4.93243408203125,2.871476888656616,0.9465597867965698,-4.072714328765869,2.0407121181488037,-4.396119594573975,-5.476138591766357,3.2881970405578613,-6.246401786804199,-8.548895835876465,3.2544469833374023,-4.121726989746094,-10.116058349609375,-1.090713381767273,-3.469160318374634,-6.158824443817139
6_nicolas_45.wav,0.5176714658737183,0.030349744483828545,1313.3076095413778,1152.3463852190398,2796.003605769231,0.08184344951923077,-369.00494384765625,205.71035766601562,-74.53158569335938,45.44983673095703,41.032657623291016,-51.73214340209961,8.241364479064941,1.5981444120407104,-41.025203704833984,5.0989837646484375,-3.9993326663970947,-23.16061782836914,15.137989044189453,0.5621135234832764,-13.813470840454102,13.628904342651367,-2.1857924461364746,-11.532896995544434,8.28681468963623,-3.5248160362243652,-4.465124130249023,7.91575288772583,-4.937568187713623,-1.2590789794921875,5.670162677764893,-7.637956619262695,0.2981312572956085,6.017133712768555,-6.302889347076416,1.7101385593414307
9_nicolas_10.wav,0.3967035114765167,0.04422715678811073,945.077030129548,945.6596370378501,2016.7802290482955,0.059747869318181816,-355.4037170410156,227.4514617919922,-67.365234375,21.033628463745117,41.924922943115234,-32.10188293457031,6.1789140701293945,0.6408961415290833,-34.47024917602539,6.636062145233154,3.6020150184631348,-21.062660217285156,5.0344157218933105,-1.7325477600097656,-14.491822242736816,6.935726642608643,-1.3430871963500977,-8.744577407836914,3.9465713500976562,-8.339635848999023,-8.743753433227539,4.664402484893799,-7.194274425506592,-5.803203105926514,5.884805679321289,-3.3458092212677,-1.5871669054031372,3.728027582168579,-5.313877582550049,-1.4120348691940308
1_yweweler_11.wav,0.3789651095867157,0.010168627835810184,910.0994268707216,816.6553566291732,1600.634765625,0.05537109375,-527.6392211914062,227.43441772460938,-50.87090301513672,1.6306523084640503,15.961173057556152,-41.84141159057617,9.649142265319824,12.879654884338379,-31.685840606689453,4.130398750305176,12.450841903686523,-18.956148147583008,-1.9787647724151611,2.5268638134002686,-13.12044906616211,-5.067200183868408,-9.446466445922852,-10.648894309997559,5.170628547668457,-4.799404621124268,-11.285698890686035,1.2126015424728394,-6.449049472808838,-9.237552642822266,1.6626535654067993,-6.25403356552124,-8.283557891845703,1.775640606880188,-3.613253116607666,-5.268601894378662
3_theo_31.wav,0.33462750911712646,0.010598029009997845,991.7559083783101,931.1525369431885,2168.002041903409,0.05810546875,-512.6307983398438,188.50430297851562,-49.756431579589844,24.60327911376953,46.11538314819336,-32.28376770019531,-17.564401626586914,-9.24100112915039,-27.192216873168945,-8.805806159973145,-19.585407257080078,-27.554168701171875,-1.4818730354309082,-8.974773406982422,-11.105599403381348,10.035137176513672,-3.5779359340667725,-9.645286560058594,2.949242353439331,-10.397680282592773,-9.262791633605957,2.904526710510254,-12.16373348236084,-12.038165092468262,-2.5665581226348877,-13.091727256774902,-5.554482936859131,4.819123268127441,-8.489396095275879,-5.833932399749756
5_jackson_20.wav,0.4688532054424286,0.07552145421504974,888.5571343178609,782.7916755772942,1515.2197265625,0.05432942708333333,-293.3390197753906,242.11114501953125,-58.51940155029297,-6.163556098937988,10.093568801879883,-48.197513580322266,-10.684083938598633,-10.635981559753418,-29.840320587158203,8.653392791748047,2.102835178375244,-16.20611000061035,-0.4099855124950409,-13.463799476623535,-11.378896713256836,6.383179187774658,-14.923471450805664,-10.866486549377441,5.08127498626709,-20.16649055480957,-12.962800979614258,9.439702033996582,-14.164595603942871,-17.99123764038086,-2.5780537128448486,-13.502870559692383,-10.237993240356445,-1.4895522594451904,-10.471701622009277,-4.717431545257568
1_george_42.wav,0.28514933586120605,0.04158865287899971,1064.5840053363281,880.9226150805173,1954.13818359375,0.05870225694444445,-377.23785400390625,205.55661010742188,-82.19157409667969,-13.871967315673828,5.140615463256836,-47.392250061035156,-3.830179452896118,-22.08882713317871,-48.35201644897461,2.5291171073913574,-16.7699031829834,-41.91093444824219,1.5344363451004028,-12.26264476776123,-35.68052673339844,-6.1756486892700195,-12.932778358459473,-23.41891098022461,-4.030130386352539,-11.818233489990234,-13.038825988769531,-3.2378368377685547,-18.4232234954834,-9.387962341308594,6.594468116760254,-13.338574409484863,-11.54413890838623,4.152608871459961,-9.804662704467773,-11.439861297607422
7_lucas_37.wav,0.5082063674926758,0.06532834470272064,1001.377375152367,905.743389596557,2068.623046875,0.048828125,-314.4513244628906,206.9228515625,-46.4513053894043,21.384641647338867,52.33115005493164,-26.61001968383789,-10.201809883117676,5.278658390045166,-26.441553115844727,-6.523553848266602,10.719244003295898,-3.8377723693847656,-0.9227114319801331,-2.080223321914673,-1.523583173751831,10.036558151245117,-5.101674556732178,-13.71506118774414,5.016827583312988,0.6285095810890198,-11.841108322143555,-5.135936260223389,-6.3791890144348145,-7.901447772979736,-0.9089187383651733,-4.597954273223877,-5.820035934448242,-0.9809190630912781,-5.0462965965271,-4.5504279136657715
0_nicolas_21.wav,0.345043420791626,0.045753706246614456,961.7937572403266,1052.9711148133197,2128.3613725142045,0.049005681818181816,-350.1837158203125,202.869873046875,-48.6009521484375,38.556766510009766,36.00297164916992,-38.583892822265625,13.429235458374023,4.79892110824585,-35.7865104675293,3.6695716381073,-6.450148105621338,-28.80824089050293,6.906859874725342,1.269663691520691,-10.422783851623535,11.778179168701172,-1.9553916454315186,-9.80106258392334,7.226568222045898,-4.14230489730835,-5.720824718475342,4.3226776123046875,-8.457691192626953,-4.3762969970703125,4.213585376739502,-7.662728786468506,-1.7940632104873657,3.888585090637207,-6.019136428833008,1.0028413534164429
8_jackson_30.wav,0.35693806409835815,0.050703972578048706,1281.9594443047408,1096.5193915141954,2639.5173725328946,0.07887027138157894,-352.7119140625,166.8507843017578,-54.13174057006836,50.612709045410156,43.24070358276367,-54.7266731262207,-10.07712173461914,7.333998203277588,-29.102304458618164,-11.666401863098145,-13.5284423828125,-20.273956298828125,4.013946056365967,-7.1116814613342285,-13.9622220993042,4.228470325469971,-8.558621406555176,-10.836654663085938,3.6996283531188965,-9.92863941192627,-10.1056489944458,-0.804537296295166,-13.94602108001709,-8.601556777954102,-0.8656220436096191,-14.064587593078613,-4.984494686126709,3.850423812866211,-9.91418743133545,-4.695618152618408
2_jackson_30.wav,0.23985858261585236,0.0647486075758934,927.986469753929,844.7169795092133,1348.9013671875,0.06466238839285714,-361.0552978515625,165.14193725585938,-13.3209867477417,27.93674087524414,27.682849884033203,-37.06452178955078,-22.08725929260254,-6.088044166564941,-23.16921043395996,-16.143125534057617,-17.8944034576416,-22.392324447631836,-9.30040454864502,-15.007590293884277,-13.410513877868652,4.933356285095215,-6.094470977783203,-12.04377269744873,3.336179494857788,-6.2121429443359375,-9.986440658569336,7.941945552825928,-1.7474092245101929,-16.15876579284668,-7.587767124176025,-8.158042907714844,-10.484054565429688,-4.236090660095215,-8.613186836242676,-8.08198070526123
5_theo_29.wav,0.4102642834186554,0.05296836420893669,1352.1731170480984,829.9286532455346,2233.2416240985576,0.110107421875,-366.7979736328125,165.83963012695312,-80.27217102050781,-22.49433135986328,10.409574508666992,-40.581722259521484,-9.579360008239746,1.3850491046905518,-21.57017707824707,3.6181540489196777,5.293203353881836,-14.802613258361816,-4.991020679473877,-7.876704216003418,-9.805920600891113,2.662242889404297,-10.220205307006836,-12.526787757873535,1.7479428052902222,-12.074110984802246,-13.118377685546875,5.608274459838867,-3.8333120346069336,-8.39694881439209,4.468029499053955,-1.6336458921432495,-3.1913609504699707,7.30531644821167,2.9298996925354004,0.6899484395980835
1_jackson_9.wav,0.3088493049144745,0.07995086163282394,746.7905290672284,774.9539752245706,1236.4365234375,0.0404296875,-311.7865295410156,219.85394287109375,-18.965347290039062,11.9895658493042,10.49393081665039,-44.392093658447266,-4.463830947875977,0.8223053216934204,-25.803251266479492,4.240034103393555,-1.1567437648773193,-25.303049087524414,1.1525778770446777,1.9707661867141724,-17.580480575561523,-6.052643299102783,-8.726639747619629,-14.790122985839844,-0.8372810482978821,-6.073028087615967,-10.655465126037598,-2.1075146198272705,-12.525101661682129,-13.510859489440918,-1.6516751050949097,-11.696778297424316,-12.292257308959961,0.22065524756908417,-8.240772247314453,-8.553101539611816
8_nicolas_41.wav,0.4861047863960266,0.0301803071051836,1173.866417878333,1192.5527216125965,2700.5170036764707,0.041762408088235295,-384.2422790527344,204.3774871826172,-68.10092163085938,36.99401092529297,40.98478317260742,-46.3818244934082,4.058601379394531,9.280586242675781,-26.167129516601562,10.513513565063477,3.6457438468933105,-16.917383193969727,11.436334609985352,-0.2566167712211609,-12.032015800476074,9.700658798217773,-3.517925262451172,-7.773852348327637,8.215804100036621,-7.186214447021484,-5.535966873168945,8.406166076660156,-7.864465236663818,-4.272782325744629,7.542002201080322,-7.476285934448242,-3.8721282482147217,5.437887668609619,-4.767107963562012,0.2432825118303299
3_nicolas_21.wav,0.3447166979312897,0.027244454249739647,1123.9276824549213,1177.4496578817973,2548.992919921875,0.049723307291666664,-387.2510986328125,192.7916259765625,-64.3091049194336,44.6668815612793,49.15652847290039,-26.842134475708008,14.133709907531738,-4.655935764312744,-35.976890563964844,12.718036651611328,-3.7489326000213623,-29.42344856262207,6.434711933135986,-2.897855043411255,-11.91110610961914,13.434165954589844,-4.906520843505859,-12.206130981445312,9.224061012268066,-4.2267608642578125,-7.416077136993408,4.982821464538574,-7.372810363769531,-3.7318766117095947,5.718024730682373,-6.045018672943115,-1.4850431680679321,2.3737094402313232,-8.349968910217285,-0.15778127312660217
2_theo_22.wav,0.3776383697986603,0.033925168216228485,1197.3510087478244,893.499420652676,2076.6082763671875,0.076080322265625,-407.633056640625,172.17657470703125,-55.6833381652832,16.846698760986328,30.655555725097656,-33.441532135009766,-3.0845999717712402,-5.77581787109375,-33.984920501708984,-12.914556503295898,-24.690305709838867,-28.587194442749023,4.050152778625488,-11.408077239990234,-19.92000961303711,5.737109184265137,-7.643502235412598,-12.761287689208984,6.3586859703063965,-8.059258460998535,-10.538450241088867,7.565868377685547,-0.4732362627983093,0.40802812576293945,8.716020584106445,-4.697264671325684,-3.698455333709717,2.4959747791290283,-6.453097820281982,1.696047306060791
8_lucas_41.wav,0.5080527067184448,0.06559097766876221,1445.0364399359667,1078.4904564581707,2636.02294921875,0.10894775390625,-369.68798828125,142.0605010986328,-45.32441711425781,24.74375343322754,40.04681396484375,-39.59199523925781,-19.650365829467773,10.8876953125,-10.322096824645996,-6.025778293609619,-2.032179117202759,-8.54025650024414,3.1117496490478516,0.48924973607063293,-7.259134769439697,-0.3969915807247162,-5.299184799194336,-6.760036468505859,0.8439199328422546,-6.475466251373291,-5.174068927764893,2.9170215129852295,-8.044034957885742,-8.02685832977295,2.779094696044922,-5.708734035491943,-8.728514671325684,-0.4874204397201538,-3.3827896118164062,-2.324714422225952
6_nicolas_10.wav,0.5017596483230591,0.048507947474718094,1399.1631635149322,1219.1085843341568,2962.96875,0.07727864583333334,-324.2904052734375,178.2763214111328,-64.1927490234375,39.852664947509766,37.20207595825195,-51.474708557128906,-0.6833962202072144,1.153281569480896,-36.62721633911133,4.550233840942383,-1.8021800518035889,-27.13612174987793,6.524380683898926,1.5092366933822632,-13.738228797912598,10.882963180541992,2.6983532905578613,-8.6143798828125,7.188807487487793,-1.8030568361282349,-6.726760387420654,3.9693896770477295,-5.875730037689209,-5.407860279083252,4.453741550445557,-3.1216468811035156,-0.547596275806427,3.8320624828338623,-3.708132266998291,2.4676899909973145
5_george_20.wav,0.33825919032096863,0.047367796301841736,1381.3448433040276,1005.002121383444,2619.117495888158,0.0727796052631579,-368.9339294433594,168.49620056152344,-100.11180877685547,-0.4251439571380615,26.20813751220703,-47.02408218383789,-11.006287574768066,-16.720380783081055,-43.36140060424805,1.09919011592865,-8.44612979888916,-28.575180053710938,3.522505521774292,-15.99863338470459,-33.69036102294922,0.5736296772956848,-8.949492454528809,-23.371803283691406,-0.43132758140563965,-8.991759300231934,-19.48243522644043,-5.477372646331787,-12.67969036102295,-15.595412254333496,-4.571563720703125,-9.2544584274292,-6.216117858886719,-0.13706235587596893,-8.384729385375977,-3.8215301036834717
3_yweweler_9.wav,0.3639514148235321,0.011151835322380066,1284.458462214657,1108.7359248452615,2595.52001953125,0.06532505580357142,-520.1825561523438,176.20274353027344,-58.39409255981445,34.143638610839844,45.147708892822266,-41.9404296875,-1.8947151899337769,9.485611915588379,-33.469966888427734,-8.837784767150879,-4.770434379577637,-25.781362533569336,-4.387225151062012,-5.456654071807861,-15.076555252075195,5.845458030700684,-0.18756331503391266,-9.799887657165527,6.148265838623047,-0.5278365612030029,-8.953600883483887,-0.7470804452896118,-7.654136657714844,-7.1378607749938965,1.3866136074066162,-8.086088180541992,-5.796644687652588,1.9638404846191406,-9.602867126464844,-7.320389747619629
8_george_23.wav,0.31705647706985474,0.027783891186118126,1668.0792303324547,1137.7769266622656,3001.541270380435,0.09183933423913043,-440.0302734375,162.12319946289062,-91.70116424560547,39.76914978027344,41.44002914428711,-61.153907775878906,-8.146753311157227,-9.244062423706055,-48.2292366027832,-1.8824288845062256,-15.798749923706055,-39.303077697753906,5.424724578857422,-11.687670707702637,-36.353431701660156,0.44277793169021606,-6.151665687561035,-23.921903610229492,-3.2902872562408447,-7.852950572967529,-14.148041725158691,-5.103536605834961,-13.386348724365234,-6.9155988693237305,2.4106268882751465,-9.98218822479248,-1.7731605768203735,5.96663236618042,-8.767983436584473,-2.1641769409179688
4_nicolas_9.wav,0.3694382607936859,0.06838418543338776,948.2294465293071,968.3921819764685,1665.9521484375,0.04993489583333333,-314.6817932128906,200.8506622314453,-26.722185134887695,19.583703994750977,-4.450201988220215,-63.42352294921875,-2.420550584793091,6.609124183654785,-21.942237854003906,10.170533180236816,2.295973777770996,-17.589141845703125,8.834310531616211,2.9111831188201904,-8.252501487731934,7.969334602355957,-6.137843132019043,-14.562129974365234,0.9266713261604309,-9.177775382995605,-11.005122184753418,4.375882148742676,-2.8121442794799805,-2.756946563720703,6.554062843322754,-2.8837616443634033,-3.2143924236297607,2.961787223815918,-3.722449779510498,-1.6269853115081787
2_george_21.wav,0.29864323139190674,0.04247622564435005,1159.943221543705,1066.167282421474,2513.104248046875,0.053263346354166664,-373.9654846191406,188.58099365234375,-73.50213623046875,23.349075317382812,20.213035583496094,-60.434627532958984,1.99069082736969,-2.963557243347168,-52.46064758300781,-13.751795768737793,-21.92579460144043,-42.77549743652344,-3.922682046890259,-17.593358993530273,-34.54581832885742,2.435549020767212,-3.702533483505249,-18.569242477416992,0.9985947012901306,-8.85440731048584,-20.625349044799805,-11.095893859863281,-15.295180320739746,-11.080101013183594,-4.634315013885498,-11.84394359588623,-2.6139094829559326,-1.62283194065094,-14.234672546386719,-0.35809198021888733
1_george_27.wav,0.27098631858825684,0.05429593473672867,1131.6029004342815,955.0668918247975,2203.7080078125,0.05853515625,-378.251708984375,175.62452697753906,-80.39178466796875,-0.2615208923816681,17.200363159179688,-45.35719680786133,-4.237558841705322,-13.777066230773926,-42.82050704956055,4.634011745452881,-7.941105842590332,-39.58693313598633,-4.117119312286377,-9.094603538513184,-30.46181869506836,-6.395025253295898,-12.949185371398926,-27.717103958129883,-8.618731498718262,-10.640758514404297,-19.414302825927734,-11.832337379455566,-13.173430442810059,-7.6691694259643555,-5.4611334800720215,-18.94574546813965,-8.865765571594238,2.165374517440796,-11.3342866897583,-6.735461235046387
2_lucas_12.wav,0.5056034326553345,0.024842876940965652,1359.3062317145973,1090.500546178426,2661.7730712890625,0.10491943359375,-521.041015625,96.68285369873047,-17.87918472290039,18.82052993774414,33.57596969604492,-8.249594688415527,-3.111293077468872,5.073354244232178,-9.926045417785645,-1.8230911493301392,2.8836169242858887,-8.068020820617676,-5.067105293273926,-3.1115267276763916,-5.385238170623779,1.1919220685958862,-1.4386789798736572,-6.906542778015137,0.30805137753486633,0.4699436128139496,-5.837112903594971,-4.058528900146484,-4.750370025634766,-6.356658935546875,-1.5953867435455322,-2.154141902923584,-5.394808769226074,-1.900139570236206,-0.6370001435279846,-3.5563247203826904
4_nicolas_17.wav,0.4016566574573517,0.07232992351055145,880.8856286699563,806.3655870713429,1442.0912798713234,0.049574908088235295,-308.99273681640625,227.2752685546875,-41.55436706542969,8.886879920959473,-0.9130818843841553,-61.361873626708984,2.608600378036499,9.211651802062988,-21.76483917236328,12.765231132507324,-2.5111896991729736,-23.008590698242188,13.895509719848633,2.953833818435669,-14.116378784179688,10.864872932434082,-2.771383762359619,-17.248825073242188,0.749835729598999,-7.045172691345215,-10.126350402832031,3.5353078842163086,-5.381999969482422,-3.6554529666900635,5.556369304656982,-6.446963310241699,-3.2249040603637695,5.702098369598389,-3.405467987060547,-0.06571998447179794
0_lucas_5.wav,0.3998320698738098,0.032487187534570694,1181.152898091939,933.5070344866757,2150.1302083333335,0.07881221064814815,-448.6087951660156,154.0021514892578,-30.598237991333008,18.47037696838379,41.15202713012695,-19.414722442626953,-6.725860595703125,9.833656311035156,-14.109888076782227,-3.1479265689849854,5.109551429748535,-11.070244789123535,-1.992965817451477,4.566290855407715,-7.7818121910095215,-3.018526792526245,2.8585665225982666,-4.17277717590332,-3.248971462249756,-1.213539719581604,-4.950593948364258,-5.30715274810791,-5.423551082611084,-4.520310401916504,-1.4664515256881714,-2.797433853149414,-4.493514060974121,-4.251369476318359,-5.080894947052002,-4.019965648651123
1_nicolas_5.wav,0.36790135502815247,0.04752529039978981,1018.1570626703415,981.8062724413936,2037.7587890625,0.05651041666666667,-338.4315185546875,228.95791625976562,-63.20600128173828,13.090059280395508,21.014612197875977,-37.22541809082031,17.481740951538086,1.176614761352539,-35.9921760559082,12.10200309753418,3.5040862560272217,-19.98976707458496,9.475829124450684,-3.8129708766937256,-13.696380615234375,11.66282844543457,-5.101884841918945,-12.427237510681152,8.216469764709473,-6.152368545532227,-10.597447395324707,4.805436134338379,-3.9602038860321045,-2.813586473464966,5.03799295425415,-3.8929452896118164,0.670388400554657,3.1654856204986572,-5.545158386230469,3.1170876026153564
0_jackson_43.wav,0.3155699372291565,0.11648421734571457,720.0353005643327,766.2496002989703,1358.5856119791667,0.035463686342592594,-301.45660400390625,200.98826599121094,-15.200907707214355,12.205436706542969,27.249479293823242,-18.276611328125,-11.044700622558594,-19.24490737915039,-27.238100051879883,-3.595198154449463,-17.997081756591797,-21.346887588500977,9.588704109191895,-4.9521260261535645,-18.890886306762695,1.628875494003296,-5.726358413696289,-11.915740013122559,-0.8788823485374451,-15.37552261352539,-16.78411865234375,-1.0245089530944824,-14.052327156066895,-16.593751907348633,-0.322950154542923,-8.060163497924805,-10.820068359375,1.0697340965270996,-4.83150577545166,-8.235822677612305
2_nicolas_14.wav,0.2570769786834717,0.02960391528904438,1229.102220187628,1128.3868296933367,2561.015625,0.061751302083333334,-382.24017333984375,183.5680694580078,-61.92799758911133,43.79206466674805,42.08944320678711,-33.508052825927734,20.6874942779541,5.75585412979126,-35.307613372802734,8.391691207885742,-6.531394958496094,-31.147905349731445,7.512965202331543,-1.7617626190185547,-16.518470764160156,7.389314651489258,-4.861915111541748,-7.859601020812988,11.642247200012207,-5.357549667358398,-6.267422676086426,10.913434028625488,-4.689719200134277,-5.1800103187561035,7.419800758361816,-5.225011825561523,-4.636168956756592,3.10313081741333,-6.15239143371582,-3.2628936767578125
5_lucas_23.wav,0.526470422744751,0.06349427998065948,1434.1808452294708,914.3699451137344,2408.405949519231,0.12545072115384615,-364.38238525390625,143.68484497070312,-51.689537048339844,-1.441691517829895,31.190156936645508,-26.01768684387207,-10.561137199401855,11.637124061584473,-15.351517677307129,-4.958850383758545,14.871891975402832,0.45822370052337646,-4.123950004577637,-5.073916912078857,-12.103178977966309,-1.0201443433761597,2.339866876602173,-9.171422958374023,-3.7967469692230225,0.36866191029548645,-8.939424514770508,-5.654299259185791,1.221511721611023,-3.374004602432251,-5.256705284118652,-3.3745903968811035,-2.302192449569702,0.37104177474975586,-2.1094841957092285,-6.703332901000977
3_theo_30.wav,0.3584955930709839,0.01126828696578741,1130.1559286491604,985.8150569404379,2318.1838989257812,0.060546875,-511.3382873535156,181.74497985839844,-59.04881286621094,35.902122497558594,49.3251953125,-44.66058349609375,-19.051227569580078,-5.85641622543335,-32.03321838378906,-11.921844482421875,-16.845149993896484,-21.871896743774414,4.208775043487549,-8.399250030517578,-12.538970947265625,8.677461624145508,-9.587859153747559,-15.030670166015625,4.21722936630249,-7.823685646057129,-7.275937080383301,8.553779602050781,-0.09373068809509277,5.559324264526367,12.344305992126465,-7.218204021453857,-4.078534126281738,7.291822910308838,-3.4741084575653076,0.6166397929191589
1_theo_49.wav,0.33159735798835754,0.005844800733029842,769.2263568324315,825.3117489688659,1427.34375,0.03459821428571429,-580.7371215820312,226.88278198242188,-34.87213134765625,17.016931533813477,19.203155517578125,-44.755977630615234,4.254266262054443,9.48774528503418,-28.010204315185547,4.27245569229126,6.079906940460205,-19.281585693359375,-2.4973907470703125,-6.69784688949585,-15.09199333190918,3.7718024253845215,-7.8153486251831055,-17.30902099609375,0.21002967655658722,-9.719306945800781,-16.837438583374023,-0.8188127875328064,-5.891402244567871,-6.555845737457275,6.4938178062438965,-4.307857513427734,-10.468541145324707,1.039154052734375,-0.9906710386276245,-3.3625996112823486
0_nicolas_44.wav,0.32020437717437744,0.03661134093999863,928.4783673976505,1100.472598374372,2276.0595703125,0.04130859375,-384.8106384277344,203.0259246826172,-50.40959167480469,50.39287185668945,41.830162048339844,-41.0173454284668,12.96922779083252,5.5924530029296875,-28.98105239868164,12.28575325012207,-7.197329521179199,-30.718395233154297,5.980525016784668,-6.694230556488037,-15.048524856567383,17.237621307373047,3.7978012561798096,-5.289392471313477,10.703225135803223,-5.29724645614624,-6.476609706878662,5.818262577056885,-9.939584732055664,-8.178473472595215,1.2569164037704468,-9.065835952758789,-2.141688823699951,3.0832836627960205,-6.387161731719971,2.1017894744873047
2_nicolas_45.wav,0.3013882637023926,0.034807153046131134,1254.6413255207333,1126.5238100469035,2542.5743689903848,0.07264122596153846,-372.14996337890625,186.38153076171875,-64.63485717773438,40.55869674682617,42.20444869995117,-30.89692497253418,22.20701026916504,4.599894046783447,-35.010337829589844,10.803585052490234,-4.128571510314941,-30.30870246887207,5.109989643096924,-4.732898235321045,-16.686073303222656,9.990869522094727,-1.9758801460266113,-5.351069927215576,15.229082107543945,-2.394416570663452,-5.570479393005371,9.731528282165527,-7.611752986907959,-7.566403865814209,7.3292083740234375,-4.859097957611084,-4.263772487640381,3.6870992183685303,-6.514213562011719,-3.2864909172058105
8_george_32.wav,0.2973391115665436,0.039908770471811295,1544.3451066995142,1153.7235948880075,2969.78759765625,0.09331597222222222,-382.5112609863281,131.07879638671875,-69.53327941894531,34.89702224731445,35.15864562988281,-52.87797927856445,-22.03525733947754,-16.268815994262695,-40.13352584838867,-11.095635414123535,-24.807239532470703,-35.929500579833984,6.4168782234191895,-7.017227649688721,-30.658376693725586,2.059894561767578,0.5219619274139404,-21.739225387573242,-8.17628002166748,-5.258217811584473,-11.262763977050781,-6.639909744262695,-10.723352432250977,-5.88065767288208,0.2802428901195526,-10.342411994934082,-4.670783996582031,4.498194694519043,-5.738462924957275,-1.2920395135879517
3_nicolas_19.wav,0.3559670150279999,0.02839941345155239,978.0267544738606,1225.503642265953,2600.13427734375,0.0384521484375,-398.02178955078125,200.84811401367188,-53.934024810791016,56.154937744140625,46.58135986328125,-34.11838912963867,19.08160400390625,5.028664588928223,-35.46302795410156,6.903465270996094,-7.86002254486084,-30.25412940979004,4.6890740394592285,-7.380143165588379,-16.556743621826172,12.89021110534668,1.781058430671692,-4.544914245605469,8.506600379943848,-8.760859489440918,-7.619235038757324,4.763463020324707,-11.627931594848633,-7.303143501281738,5.322763442993164,-5.490987300872803,-0.662998378276825,4.918914794921875,-5.573627948760986,-1.307908296585083
8_lucas_45.wav,0.5025646090507507,0.04210899770259857,1328.7216766391302,1028.3561067856654,2527.704412286932,0.093505859375,-418.3171081542969,164.63485717773438,-45.30449676513672,32.565757751464844,46.45479965209961,-43.516014099121094,-18.69632911682129,14.69655704498291,-11.797564506530762,-6.1883544921875,-0.6794076561927795,-10.45772933959961,1.6150238513946533,2.1001341342926025,-4.973816871643066,0.9479072093963623,-3.9021217823028564,-4.915804862976074,0.29670122265815735,-8.67905330657959,-5.089089393615723,2.9713401794433594,-8.746611595153809,-5.3417792320251465,4.772445201873779,-8.338736534118652,-10.064119338989258,0.2942240238189697,-4.902413368225098,-4.175475597381592
2_lucas_13.wav,0.41058602929115295,0.0516752228140831,1102.169559943441,917.2102303526938,2230.0323486328125,0.070526123046875,-386.14520263671875,183.85784912109375,-49.39030456542969,27.071456909179688,61.26762390136719,-23.747283935546875,-15.428972244262695,5.951539993286133,-17.683521270751953,-2.475538492202759,2.4149324893951416,-18.266407012939453,-7.034027099609375,-2.3662006855010986,-9.96434211730957,1.8112258911132812,-3.978973865509033,-14.388679504394531,4.1325788497924805,6.5454559326171875,-10.041427612304688,-8.776376724243164,-6.974635124206543,-8.653286933898926,-2.2888002395629883,-6.4122843742370605,-13.012887954711914,-5.482392311096191,-3.0948433876037598,-7.582973480224609
4_george_27.wav,0.29917827248573303,0.050297752022743225,1061.8358266500838,906.5890727842799,1973.5648777173913,0.055685292119565216,-377.337646484375,159.76971435546875,-57.45632553100586,-6.8823561668396,7.387447834014893,-47.373435974121094,-11.17301082611084,-6.320255279541016,-44.856266021728516,-18.403635025024414,-8.116761207580566,-30.754884719848633,-12.455896377563477,-5.532486438751221,-19.983957290649414,-5.740078926086426,-1.7678120136260986,-15.555880546569824,-12.496698379516602,-14.127911567687988,-19.10260581970215,-10.534333229064941,-8.842096328735352,-9.451159477233887,-4.869384288787842,-8.471529960632324,-7.270855903625488,-1.2285667657852173,-5.687148571014404,-4.530994892120361
2_jackson_41.wav,0.2741224765777588,0.08741447329521179,986.0081055283174,907.577988491379,1844.8157677283655,0.06717623197115384,-336.4733581542969,155.57037353515625,-33.129676818847656,29.78228759765625,44.47261047363281,-20.85502815246582,-11.008344650268555,-12.430379867553711,-32.265235900878906,-13.119281768798828,-18.664339065551758,-26.57992935180664,-6.3381500244140625,-16.890684127807617,-20.61161231994629,5.534782886505127,-2.6949610710144043,-10.349221229553223,9.258950233459473,-1.6983610391616821,-15.413338661193848,-0.5857117176055908,-3.629809856414795,-14.263291358947754,-7.660526752471924,-7.91658353805542,-9.608171463012695,-5.307500839233398,-8.667251586914062,-7.726661682128906
0_george_27.wav,0.3002033233642578,0.05238977074623108,1296.9448468746912,1020.0690562389192,2447.607421875,0.07419840494791667,-352.257080078125,152.0310821533203,-78.72167205810547,19.650314331054688,31.744964599609375,-49.04315185546875,-11.36685562133789,-12.67473316192627,-47.05617141723633,-10.744248390197754,-18.793737411499023,-40.73388671875,-4.369308948516846,-9.607962608337402,-28.428024291992188,-2.8854188919067383,-6.625652313232422,-17.709333419799805,-1.4757994413375854,-9.691744804382324,-15.82671070098877,-3.2420237064361572,-12.765921592712402,-15.016246795654297,-2.9773929119110107,-9.077248573303223,-7.392899036407471,-0.012541770935058594,-8.469325065612793,-4.857048511505127
9_nicolas_49.wav,0.4092487394809723,0.03505986928939819,1099.8040531554122,1054.031905434057,2305.7527240953946,0.05057565789473684,-371.5972595214844,224.21939086914062,-75.93123626708984,22.25005340576172,39.692630767822266,-31.4085693359375,15.033114433288574,1.3122578859329224,-35.1998176574707,14.415168762207031,4.801251411437988,-23.76859474182129,7.822234153747559,-1.7213706970214844,-13.994174003601074,11.759815216064453,-2.2729310989379883,-11.29679012298584,6.295422554016113,-8.874470710754395,-11.726770401000977,4.039844036102295,-7.064759254455566,-3.326539993286133,8.45238971710205,-5.406922817230225,-2.4825549125671387,6.970366477966309,-3.7719123363494873,-1.0857174396514893
9_lucas_35.wav,0.42313849925994873,0.05268160626292229,1040.563624471657,922.2351596477471,2137.17041015625,0.055338541666666664,-376.6736755371094,194.64418029785156,-42.94676208496094,13.492530822753906,47.5794677734375,-30.446557998657227,-19.051034927368164,12.972201347351074,-16.174436569213867,-14.284770011901855,7.732232570648193,-1.8010135889053345,-9.40194034576416,-3.7920196056365967,-0.029382089152932167,-4.097615718841553,-14.209800720214844,-8.863357543945312,1.5652233362197876,-6.997462749481201,-9.833186149597168,-2.523308038711548,-7.679054260253906,-8.91608715057373,-3.8559062480926514,-9.577183723449707,-10.095564842224121,-4.945939540863037,-8.148452758789062,-5.839894771575928
9_nicolas_18.wav,0.3669734597206116,0.0333775132894516,1005.901167068062,1048.8081414683284,2209.2041015625,0.049060639880952384,-387.99072265625,222.8291015625,-72.41062927246094,30.595659255981445,45.27900314331055,-33.61908721923828,11.399843215942383,1.5047956705093384,-35.10686492919922,12.007655143737793,3.755096912384033,-23.75326156616211,6.754782676696777,-1.4261581897735596,-13.666501998901367,8.885624885559082,-4.581695079803467,-9.835325241088867,9.321170806884766,-5.882805824279785,-9.023210525512695,6.110086917877197,-6.5513787269592285,-5.584554672241211,6.624947547912598,-3.230416774749756,-1.044753074645996,4.821709632873535,-3.5741124153137207,1.3632947206497192
4_george_36.wav,0.29448366165161133,0.07571359723806381,962.2292640201636,762.8926504490722,1586.605557528409,0.06028053977272727,-355.5068359375,150.99362182617188,-51.692466735839844,-13.41076374053955,10.222702026367188,-39.09541702270508,-21.566150665283203,-12.744485855102539,-38.73930358886719,-23.656360626220703,-14.333364486694336,-24.268617630004883,-10.333178520202637,-8.614116668701172,-16.829425811767578,-3.3589460849761963,-4.819626331329346,-16.46240234375,-6.350151538848877,-4.114217281341553,-14.190404891967773,-12.274367332458496,-9.38412857055664,-7.582632064819336,-2.5255963802337646,-3.764519453048706,-3.3541440963745117,-0.6377580165863037,-3.745065927505493,-0.6571757793426514
4_yweweler_30.wav,0.4542795419692993,0.013129408471286297,937.153325109268,773.7532722634853,1382.5583065257354,0.07479319852941177,-514.500244140625,197.4470977783203,-23.46935272216797,-0.3307490646839142,-6.286107063293457,-50.774017333984375,9.445294380187988,26.677228927612305,-17.259599685668945,-2.0442402362823486,3.1445956230163574,-19.509754180908203,-0.8090176582336426,7.890841484069824,-5.716476917266846,2.173180103302002,-1.36376953125,-11.301352500915527,0.03147625923156738,-1.768035650253296,-7.525107383728027,2.6739025115966797,-2.607313394546509,-8.690359115600586,2.0054163932800293,-1.9423177242279053,-7.599637031555176,2.463402509689331,0.20836038887500763,-6.628647327423096
6_george_28.wav,0.3526148200035095,0.030488526448607445,1994.0054353569644,1136.4449634762007,3164.8141961348683,0.15324321546052633,-397.451171875,155.25381469726562,-112.97032928466797,37.637229919433594,46.516136169433594,-57.87278366088867,-6.244755744934082,-13.670818328857422,-51.21537399291992,0.39892578125,-20.493661880493164,-49.10856628417969,2.741929054260254,-7.349742889404297,-32.073917388916016,-0.5292152762413025,-7.5889105796813965,-16.146686553955078,4.273862361907959,-11.913935661315918,-15.353320121765137,2.375544786453247,-13.856471061706543,-12.22153377532959,4.936544418334961,-10.944192886352539,-11.769927978515625,2.1601619720458984,-6.189754962921143,-4.79518985748291
2_theo_43.wav,0.32389405369758606,0.0060846502892673016,1262.5595682159976,1010.2485254104715,2326.66259765625,0.089208984375,-557.9180908203125,213.75405883789062,-73.0842514038086,46.00261688232422,45.273887634277344,-52.46947479248047,3.37066912651062,-2.0092711448669434,-40.37675094604492,5.036559104919434,-9.032770156860352,-25.700916290283203,12.218564987182617,-9.468412399291992,-18.220781326293945,14.47376823425293,-6.361793041229248,-8.645068168640137,14.829304695129395,-11.678525924682617,-13.755706787109375,7.111441612243652,-13.043710708618164,-12.79132080078125,2.4767818450927734,-10.841269493103027,-6.717743873596191,1.5898072719573975,-6.995356559753418,2.4854180812835693
2_lucas_37.wav,0.45138823986053467,0.041419364511966705,1063.2933194070959,896.4330754142204,2168.520220588235,0.06571691176470588,-387.165771484375,207.52139282226562,-60.484676361083984,25.205795288085938,64.53124237060547,-22.803390502929688,-8.8261137008667,5.848442077636719,-24.521650314331055,-2.97489595413208,1.9199376106262207,-19.053661346435547,-3.2278804779052734,-3.7586557865142822,-13.646199226379395,5.438639163970947,-0.9490553736686707,-15.337699890136719,2.8589141368865967,4.1075897216796875,-7.396975994110107,-0.9362504482269287,-6.010812282562256,-11.99207592010498,-1.1664894819259644,-4.142536163330078,-10.70452880859375,-2.435281991958618,-3.0833590030670166,-8.69312572479248
7_jackson_14.wav,0.2736743092536926,0.06989464908838272,743.0261347570372,753.5708642759313,1321.728515625,0.038853236607142856,-325.12237548828125,194.3216094970703,-17.888683319091797,7.906838417053223,16.459388732910156,-41.81986618041992,-24.380521774291992,-9.300329208374023,-25.18331527709961,-3.1982669830322266,4.712034225463867,-17.578140258789062,-14.957189559936523,-2.1370673179626465,0.15079905092716217,-5.021479606628418,-15.235661506652832,-9.72199535369873,-1.841764211654663,-11.751455307006836,-11.566673278808594,-6.000999450683594,-13.938348770141602,-9.652688026428223,-1.4243031740188599,-11.405113220214844,-13.71850299835205,-5.919222831726074,-6.041767120361328,-4.585259914398193
2_george_35.wav,0.2452232837677002,0.049651242792606354,878.5408183244036,888.9121620053905,1570.48828125,0.04111328125,-376.09979248046875,168.80093383789062,-40.94181823730469,8.696636199951172,7.173105716705322,-47.6295166015625,-7.686791896820068,-11.356307983398438,-45.72078323364258,-18.63898277282715,-22.58490753173828,-40.0644416809082,-15.033406257629395,-19.337697982788086,-29.380903244018555,-5.019543647766113,-4.814371109008789,-12.585286140441895,-2.434070587158203,-10.10578727722168,-16.36553192138672,-9.297929763793945,-12.120129585266113,-8.397220611572266,-3.1033880710601807,-9.824658393859863,-6.143706321716309,-3.2125978469848633,-9.596562385559082,-3.221155881881714
6_george_18.wav,0.2956596910953522,0.028179297223687172,1559.2241848642686,1076.748083504612,2821.4829388786766,0.10248161764705882,-424.3568420410156,148.4230194091797,-90.02149963378906,37.05129623413086,54.126678466796875,-50.67573165893555,-23.87190818786621,-18.104238510131836,-41.79237365722656,-6.7385640144348145,-26.043031692504883,-44.86490249633789,1.5466063022613525,-8.782148361206055,-33.401737213134766,-3.8339314460754395,-5.000638961791992,-15.825909614562988,-0.257411390542984,-9.085783004760742,-11.32028579711914,1.3194645643234253,-13.41696548461914,-12.265434265136719,4.5296549797058105,-8.934942245483398,-12.907050132751465,-0.39037320017814636,-6.683602809906006,-6.447025299072266
0_lucas_49.wav,0.47202908992767334,0.04211721941828728,1233.1785992097284,940.8514715501898,2203.1656901041665,0.07660590277777778,-377.24029541015625,199.84474182128906,-54.07370376586914,11.324460983276367,45.176025390625,-24.588682174682617,-4.363350868225098,7.844918727874756,-22.13005828857422,-0.7256232500076294,4.549168109893799,-16.638111114501953,1.541090488433838,7.953973770141602,-6.799651622772217,1.1443010568618774,2.065180778503418,-3.9283266067504883,2.9434101581573486,-3.680250644683838,-10.169234275817871,-0.3052099943161011,-1.8785200119018555,-6.414560317993164,-1.00509512424469,-3.028059720993042,-4.796010971069336,-1.1818726062774658,-4.013693809509277,-4.367727279663086
2_lucas_18.wav,0.47595736384391785,0.04928901791572571,977.0339519921838,854.5180657880348,1889.8219058388158,0.050138774671052634,-377.6235046386719,185.5032958984375,-32.48151779174805,29.347652435302734,58.2584228515625,-16.398305892944336,-10.574742317199707,3.983799695968628,-17.341127395629883,-2.8965957164764404,-1.3875573873519897,-17.08544158935547,-0.5513386130332947,-1.5533088445663452,-16.142309188842773,1.3741387128829956,4.464119911193848,-10.329351425170898,-0.3583829998970032,3.464965343475342,-8.057315826416016,-4.26364803314209,-1.6271233558654785,-7.070240020751953,-4.625138282775879,-6.0115065574646,-9.775633811950684,-3.710871934890747,-2.583618640899658,-8.166048049926758
6_george_24.wav,0.3121448755264282,0.023890497162938118,1914.0886196498332,1167.6212249003665,3200.67138671875,0.14900716145833334,-427.7008972167969,150.4815216064453,-100.89481353759766,38.593162536621094,43.04652404785156,-53.56259536743164,-4.16237735748291,-16.341190338134766,-52.63664627075195,-0.21687200665473938,-19.95562171936035,-48.68898010253906,0.5828580260276794,-8.379093170166016,-30.96931266784668,-0.2980985641479492,-8.12742805480957,-18.412208557128906,0.6794388294219971,-13.417217254638672,-17.570161819458008,-2.0939509868621826,-14.519280433654785,-10.32723331451416,4.386940956115723,-9.835697174072266,-8.148877143859863,2.272132635116577,-8.578655242919922,-5.962198257446289
1_george_39.wav,0.3136872947216034,0.03914624825119972,1361.4947175612558,1054.7868024144664,2459.6790660511365,0.07737038352272728,-350.0819396972656,191.6826629638672,-108.4737319946289,-8.724836349487305,25.090839385986328,-35.27255630493164,-5.565454959869385,-18.90179443359375,-38.67750549316406,6.863307476043701,-9.421738624572754,-29.474262237548828,3.625192165374756,-14.396368026733398,-26.695051193237305,5.498422145843506,-8.896628379821777,-21.304136276245117,1.1035462617874146,-7.134995937347412,-12.752808570861816,-5.473299980163574,-17.69846534729004,-5.796626567840576,7.942271709442139,-14.822113990783691,-12.737593650817871,3.161515712738037,-10.710875511169434,-9.039633750915527
7_george_48.wav,0.28316739201545715,0.053100451827049255,1545.1397888930558,1038.673791600101,2694.342041015625,0.11490885416666667,-375.3704833984375,162.00022888183594,-98.17540740966797,12.892603874206543,36.8685417175293,-44.98284912109375,-16.100889205932617,-29.25493621826172,-48.85764694213867,9.07565689086914,-10.734535217285156,-44.7546272277832,2.2647979259490967,-1.3354277610778809,-28.7386417388916,-5.345083236694336,-10.278494834899902,-20.967498779296875,-2.8729941844940186,-11.998629570007324,-15.41936206817627,-1.044735312461853,-13.14538288116455,-11.673737525939941,0.9896761775016785,-13.930651664733887,-9.509654998779297,7.879602432250977,-5.278728485107422,-7.882156848907471
9_theo_41.wav,0.2934127748012543,0.0052128080278635025,910.6846627559675,919.0602134152754,1851.85546875,0.042279411764705885,-559.5835571289062,222.13426208496094,-66.84069061279297,20.43218231201172,39.25989532470703,-42.941192626953125,-2.4935832023620605,7.502468109130859,-26.060762405395508,4.285617828369141,1.9635157585144043,-21.43181800842285,-2.2385735511779785,-3.687643527984619,-8.973587036132812,0.24308261275291443,-17.794466018676758,-17.352035522460938,0.8707902431488037,-13.371767044067383,-13.842570304870605,0.8725235462188721,-8.07256031036377,-4.2025275230407715,4.153141975402832,-7.8401336669921875,-3.758197069168091,1.8866419792175293,-9.036142349243164,-3.893994092941284
9_theo_27.wav,0.2491205781698227,0.058017585426568985,1137.1940763031544,872.0989260827197,2070.020816200658,0.059968647203947366,-351.0499572753906,145.45407104492188,-66.9581069946289,-4.092365264892578,20.00343132019043,-40.768768310546875,-16.083654403686523,0.3675878942012787,-18.344274520874023,0.0006429239292629063,-3.159182548522949,-23.117494583129883,-9.388459205627441,-4.112675189971924,-9.416418075561523,-7.511880874633789,-15.422565460205078,-11.452908515930176,-1.4500319957733154,-10.359699249267578,-7.035205841064453,1.6406391859054565,-6.497472286224365,0.6618044972419739,9.232495307922363,-5.200647354125977,-5.97533655166626,3.7753453254699707,0.05267086252570152,1.4399420022964478
7_george_23.wav,0.2976250946521759,0.03774105757474899,1577.9295177103345,1019.7678529261941,2803.0290274784484,0.11503232758620689,-394.0921325683594,154.86766052246094,-99.24800109863281,16.561677932739258,37.50736999511719,-47.29403305053711,-15.392474174499512,-24.77276039123535,-44.263099670410156,9.851815223693848,-10.97526741027832,-41.95311737060547,1.6978548765182495,-4.640752792358398,-24.77220916748047,-0.21480309963226318,-11.004789352416992,-20.717117309570312,-3.5500659942626953,-17.151525497436523,-18.00741195678711,-0.8949084877967834,-13.87959098815918,-13.179027557373047,-2.3035452365875244,-13.916231155395508,-5.611632347106934,4.202155113220215,-12.588197708129883,-7.673583507537842
4_jackson_30.wav,0.25315186381340027,0.08768021315336227,657.2264152836082,584.609152075794,1093.0933902138158,0.040938527960526314,-355.377197265625,207.2334442138672,20.083324432373047,-9.603347778320312,-13.716226577758789,-32.15114974975586,-13.480029106140137,-8.570921897888184,-15.482558250427246,-5.399789333343506,-12.700767517089844,-18.97636604309082,-4.696285247802734,-7.625360488891602,-10.41969108581543,2.4752750396728516,-4.414375305175781,-12.865455627441406,-5.289794445037842,-10.406294822692871,-13.118712425231934,-2.184812307357788,-7.388329982757568,-16.37373924255371,-11.201626777648926,-9.713512420654297,-8.612576484680176,-3.7618913650512695,-6.200242519378662,-5.851271152496338
4_theo_37.wav,0.24879439175128937,0.003874629968777299,685.2378543513983,660.9926824776178,998.8093449519231,0.041090745192307696,-609.193603515625,248.14024353027344,-24.017967224121094,10.788354873657227,6.16361665725708,-43.67823028564453,2.4789302349090576,3.5332586765289307,-22.80878448486328,6.299703598022461,-3.253279209136963,-21.540742874145508,4.835209369659424,-0.18425828218460083,-8.285139083862305,13.66837215423584,4.081120491027832,-6.85020112991333,4.604548454284668,-7.89884614944458,-16.089393615722656,-5.657205581665039,-11.012192726135254,-10.897330284118652,-2.900529384613037,-7.857975959777832,-3.6904895305633545,3.1509857177734375,-1.7858684062957764,1.3251383304595947
5_theo_6.wav,0.47376760840415955,0.0070066507905721664,977.9235110006274,734.1205307450919,1620.37353515625,0.061971028645833336,-516.2364501953125,253.0760040283203,-80.06888580322266,-17.10411834716797,19.39781951904297,-42.16011047363281,-7.164653301239014,-3.0057733058929443,-25.0815372467041,12.531563758850098,13.62751293182373,-4.528388500213623,1.0623871088027954,-16.9119815826416,-9.373190879821777,12.204800605773926,-17.294328689575195,-20.33773422241211,4.517191410064697,-13.996417045593262,-16.23604393005371,2.8156397342681885,-9.576189041137695,-9.607105255126953,-0.5200057625770569,-11.802677154541016,-4.692648410797119,3.3960649967193604,-7.535520553588867,-2.442206859588623
4_jackson_31.wav,0.2227267622947693,0.0808677226305008,612.099594040555,524.5885950489844,1005.260587993421,0.03777754934210526,-367.4590759277344,220.30776977539062,30.139850616455078,-22.82758903503418,-22.37384605407715,-22.651813507080078,-12.95706558227539,-17.214967727661133,-10.220505714416504,2.768489360809326,-18.597185134887695,-22.451601028442383,3.262796401977539,-4.851561546325684,-15.944181442260742,1.0006945133209229,-2.679638624191284,-14.844244956970215,-6.99287748336792,-8.297173500061035,-12.012347221374512,-4.2311530113220215,-8.395169258117676,-14.532102584838867,-10.96167278289795,-12.827038764953613,-9.262596130371094,-0.5973383188247681,-5.612043857574463,-7.32382345199585
9_theo_29.wav,0.2640613913536072,0.05264522507786751,971.5815713046969,808.6565905768724,1690.057373046875,0.05235460069444445,-379.055908203125,160.22674560546875,-60.77688980102539,-1.459531545639038,17.07683563232422,-47.967529296875,-20.99445152282715,-2.933609962463379,-21.073219299316406,-0.39135101437568665,-5.255128860473633,-26.667016983032227,-9.589481353759766,-5.392786026000977,-11.189765930175781,-2.639939546585083,-12.513516426086426,-15.960264205932617,-1.9377689361572266,-8.241623878479004,-8.26282787322998,5.926114082336426,-0.699061393737793,-3.513977527618408,4.761115074157715,-3.5179660320281982,-5.592298984527588,4.74610710144043,2.1391801834106445,-1.69082772731781
2_george_22.wav,0.2727210819721222,0.03457622602581978,950.1715197062048,996.2484677236433,2065.6494140625,0.04059709821428571,-410.09234619140625,181.6752166748047,-57.192806243896484,14.173962593078613,13.449020385742188,-52.509246826171875,-1.045421838760376,-5.192183017730713,-47.71802520751953,-14.828936576843262,-20.289318084716797,-42.521995544433594,-13.470484733581543,-18.996644973754883,-29.079919815063477,-0.3153672218322754,-5.80138635635376,-17.94827651977539,-3.674671173095703,-13.250307083129883,-21.76889991760254,-9.674410820007324,-10.721261024475098,-9.536355018615723,-5.394172191619873,-10.84006404876709,-4.261511325836182,-2.724480152130127,-12.961316108703613,-5.107424259185791
3_theo_8.wav,0.37475618720054626,0.0055156792514026165,1076.072810777683,1004.8828611377547,2318.408203125,0.0589599609375,-574.5078735351562,194.2821502685547,-54.65141296386719,42.93935012817383,51.12515640258789,-41.17399215698242,-7.958885192871094,2.048036575317383,-26.80265235900879,-7.46796178817749,-18.317779541015625,-24.961851119995117,2.4542007446289062,-10.046428680419922,-8.952356338500977,16.203493118286133,-4.183628559112549,-11.559746742248535,2.779245138168335,-13.833702087402344,-10.232904434204102,5.508657455444336,-9.325562477111816,-6.820995330810547,0.4594810903072357,-14.08604907989502,-5.807916641235352,3.7269227504730225,-7.390449047088623,-0.6038685441017151
7_theo_14.wav,0.3300769031047821,0.0026554972864687443,1530.4578760030029,1097.9400106783742,2756.7626953125,0.13018508184523808,-600.2330322265625,195.80416870117188,-79.45582580566406,29.113658905029297,31.441383361816406,-45.90577697753906,10.178020477294922,0.2848292291164398,-33.60136032104492,14.906389236450195,1.4660754203796387,-21.1498966217041,11.077224731445312,-2.5478720664978027,-8.659002304077148,11.19642448425293,-14.613397598266602,-12.564719200134277,10.951769828796387,-13.767586708068848,-11.817632675170898,8.158089637756348,-11.056344032287598,-5.464698791503906,10.203831672668457,-7.063050270080566,-3.7677600383758545,4.0558695793151855,-9.417043685913086,-3.1225898265838623
0_yweweler_22.wav,0.31077659130096436,0.010335092432796955,897.3523644349618,780.6376515829511,1626.474609375,0.044108072916666664,-510.8485107421875,216.8463897705078,-48.018917083740234,1.4283313751220703,21.675203323364258,-41.30841064453125,-4.517367362976074,9.86408519744873,-26.209468841552734,-8.086560249328613,-3.8211350440979004,-21.092540740966797,-0.9311961531639099,0.6640666723251343,-12.548315048217773,1.4970229864120483,0.4024227559566498,-8.033843040466309,1.8541547060012817,-2.966972589492798,-9.47163200378418,-1.198211669921875,-4.359869956970215,-7.036536693572998,-2.322096347808838,-6.914144039154053,-5.899792194366455,-1.5687127113342285,-6.747159481048584,-4.470999717712402
7_nicolas_43.wav,0.3019939959049225,0.025942206382751465,1002.715730820751,1142.5998903076604,2620.770263671875,0.047159830729166664,-402.612060546875,204.63600158691406,-55.20744705200195,59.16703414916992,52.2314453125,-36.06431198120117,17.35723114013672,0.49986886978149414,-40.66731643676758,6.328562259674072,-6.747826099395752,-28.907575607299805,6.255186080932617,-5.62146520614624,-13.45563793182373,13.681450843811035,-2.6178183555603027,-7.844808578491211,11.549217224121094,-5.166450023651123,-7.973876476287842,5.872201919555664,-6.3300628662109375,-3.272867441177368,5.944081783294678,-4.107539653778076,0.9813463091850281,2.9299018383026123,-6.740447521209717,2.5683634281158447
9_nicolas_38.wav,0.3651650846004486,0.042373381555080414,946.2527650635013,975.8929448645815,2077.415771484375,0.046142578125,-360.79052734375,228.6015167236328,-67.17833709716797,25.085458755493164,39.690025329589844,-38.284732818603516,6.4279046058654785,3.8917503356933594,-27.430160522460938,13.16003131866455,0.5885149240493774,-23.379419326782227,7.822218894958496,-2.1522231101989746,-14.079748153686523,5.741881847381592,-9.212244033813477,-9.925531387329102,9.375035285949707,-8.839858055114746,-9.567445755004883,5.808990955352783,-8.892776489257812,-4.753392219543457,7.055399417877197,-6.520471096038818,-0.07296882569789886,8.383273124694824,-4.9102888107299805,0.13492479920387268
3_lucas_28.wav,0.5029252171516418,0.03746228665113449,1306.7387022674184,1045.9781331266754,2532.635967548077,0.0961162860576923,-402.9738464355469,181.45468139648438,-61.71531677246094,34.69292449951172,59.882789611816406,-34.963462829589844,-8.568544387817383,13.403472900390625,-21.074918746948242,-1.052109956741333,4.671072959899902,-17.141895294189453,0.5719836950302124,4.007808208465576,-8.193106651306152,4.549555778503418,0.37026655673980713,-9.065423011779785,2.9818038940429688,-1.2457568645477295,-7.78145170211792,1.1962946653366089,-4.22555685043335,-7.617461681365967,1.3105461597442627,-3.5794737339019775,-6.7166547775268555,-0.4813227951526642,-4.349384784698486,-6.568995475769043
8_jackson_11.wav,0.3639512360095978,0.044003747403621674,1269.3431815942395,1130.8812953246,2592.3583984375,0.07432725694444445,-369.1083068847656,183.49856567382812,-48.34899139404297,62.89017105102539,40.007598876953125,-76.48628997802734,-23.0919132232666,7.605318069458008,-27.823022842407227,-11.93605899810791,-16.939889907836914,-24.28960609436035,2.9990506172180176,-8.988165855407715,-16.922456741333008,5.7313055992126465,-2.4121267795562744,-7.335272789001465,-2.048412322998047,-16.12764549255371,-6.84439754486084,-0.021366039291024208,-21.257591247558594,-8.389384269714355,5.657739162445068,-16.77661895751953,-12.476190567016602,1.803181529045105,-10.698683738708496,-8.875999450683594
6_jackson_38.wav,0.4049861431121826,0.06449434161186218,1520.8603025065086,1138.3049084751246,2808.4517045454545,0.14528586647727273,-360.536865234375,111.03810119628906,-24.534852981567383,20.32112693786621,21.94978141784668,-28.348329544067383,-15.215898513793945,-9.924860000610352,-14.479984283447266,3.3209221363067627,-8.640430450439453,-14.90740966796875,6.649332046508789,-0.6559565663337708,-8.701887130737305,-2.188689947128296,-15.703439712524414,-11.992308616638184,2.865097761154175,-14.938788414001465,-16.743526458740234,2.132038116455078,-8.769268989562988,-14.557929992675781,0.3188151717185974,-2.6676273345947266,-6.92654275894165,-0.6584412455558777,-3.288313865661621,-4.011937618255615
7_theo_49.wav,0.276764839887619,0.007084263022989035,1261.2333702747856,978.9683932039353,2235.4156494140625,0.095733642578125,-547.2105712890625,192.096923828125,-59.9926872253418,26.91827392578125,34.29263687133789,-44.50876235961914,-1.3241946697235107,0.9685518741607666,-29.835521697998047,9.34189224243164,2.420872211456299,-24.95722007751465,-0.5863912105560303,-2.653839588165283,-9.060614585876465,4.902285099029541,-13.200906753540039,-13.717982292175293,5.533964157104492,-14.013708114624023,-16.938661575317383,2.597464084625244,-6.428077697753906,-3.0855143070220947,8.07368278503418,-7.446652412414551,-4.650510311126709,7.903749942779541,-3.7683308124542236,-5.346148490905762
4_lucas_6.wav,0.5213963985443115,0.05614541843533516,1009.2343068468748,745.7591478623002,1640.291748046875,0.0758544921875,-369.09271240234375,195.4805145263672,-23.639904022216797,12.154151916503906,13.437975883483887,-52.332000732421875,-10.736444473266602,19.83748435974121,-13.214475631713867,-1.9660927057266235,11.223820686340332,-7.464140892028809,-5.330361366271973,-2.7707784175872803,-6.422150611877441,2.013246774673462,-6.006265640258789,-11.828681945800781,3.494551420211792,-1.9743127822875977,-11.991720199584961,0.3708338141441345,-1.7687965631484985,-10.279841423034668,-0.8730252981185913,-2.2865047454833984,-9.587930679321289,-2.4757981300354004,-2.5798439979553223,-7.66403341293335
1_lucas_7.wav,0.4274512827396393,0.03147575631737709,977.3252410996683,915.9489953979298,2013.3544921875,0.06017485119047619,-488.390625,153.3067626953125,-1.8242489099502563,19.25301170349121,19.493183135986328,-33.23659133911133,-8.48902416229248,17.38080406188965,-12.94708251953125,-14.754305839538574,4.88660192489624,-0.15174831449985504,-5.530913352966309,-4.649129867553711,-4.489462375640869,-1.2846394777297974,-7.109816074371338,-11.320329666137695,-1.8863672018051147,-3.4861013889312744,-12.706609725952148,-7.50365686416626,-3.354332447052002,-6.825404644012451,-4.717706680297852,-3.275256872177124,-5.247522830963135,-5.009413242340088,-6.684370994567871,-6.477680683135986
7_george_40.wav,0.3402605354785919,0.040110208094120026,1546.176225756458,1064.4534131002592,2758.4930419921875,0.10196940104166667,-385.1154479980469,159.6568145751953,-89.25018310546875,8.01578140258789,30.4234676361084,-40.97514724731445,-15.631518363952637,-32.1078987121582,-47.75801467895508,9.16645336151123,-13.178814888000488,-47.60984420776367,0.34207645058631897,0.2736145555973053,-25.907751083374023,-3.417512893676758,-6.291095733642578,-17.66979217529297,-2.759747266769409,-10.720479011535645,-15.900731086730957,-6.5179123878479,-14.548113822937012,-5.956624507904053,5.027310848236084,-13.384604454040527,-8.057385444641113,9.238694190979004,-5.6532979011535645,-7.822336673736572
7_yweweler_10.wav,0.3170139491558075,0.010967663489282131,930.5565890809557,886.0887901172334,1929.913330078125,0.0386962890625,-499.3009338378906,193.210693359375,-47.91088104248047,8.267789840698242,26.6507511138916,-31.51423454284668,0.8085340261459351,-2.5511651039123535,-37.77804946899414,2.550480604171753,13.653027534484863,-19.199892044067383,-9.074416160583496,-1.1708637475967407,-8.563125610351562,-1.7804211378097534,-10.396078109741211,-13.652257919311523,1.3953033685684204,-5.191616535186768,-9.00314998626709,-0.007035374641418457,-11.241414070129395,-12.28897476196289,1.6911665201187134,-7.338767051696777,-12.052994728088379,-0.648154616355896,-3.510331869125366,-5.014656066894531
0_theo_23.wav,0.31165340542793274,0.004050091840326786,873.1508325171055,933.8793421247644,1976.5213815789473,0.03346011513157895,-596.6498413085938,208.9590606689453,-47.39888000488281,30.444175720214844,45.184261322021484,-27.329933166503906,3.315030097961426,-2.2697651386260986,-30.441560745239258,3.023594856262207,-8.50989055633545,-25.083101272583008,7.864870548248291,-2.2212648391723633,-15.465054512023926,8.314902305603027,-2.0109059810638428,-12.008647918701172,1.742828607559204,-9.49284839630127,-11.288823127746582,0.7989157438278198,-10.729022026062012,-8.373347282409668,3.9522223472595215,-5.50576639175415,-4.282124042510986,0.39212533831596375,-10.293057441711426,-6.044065952301025
4_nicolas_8.wav,0.3699694275856018,0.048376940190792084,936.2295757979227,950.1878479753881,1562.8136268028845,0.05277193509615385,-337.3336181640625,220.67491149902344,-35.883296966552734,20.151729583740234,-2.3594679832458496,-65.7917251586914,-0.5642066597938538,4.679476737976074,-22.35859489440918,18.718841552734375,6.011094093322754,-16.741243362426758,13.75485897064209,1.3650790452957153,-12.587198257446289,10.386859893798828,-3.290555238723755,-14.120020866394043,1.0945754051208496,-8.022929191589355,-7.760087013244629,4.118401050567627,-5.457264423370361,-1.557824969291687,4.734819412231445,-7.2898454666137695,-0.15972401201725006,7.367643356323242,-3.5789988040924072,-0.771956205368042
1_nicolas_6.wav,0.3524944484233856,0.029077943414449692,989.1489659614009,1036.1101614544098,2063.874699519231,0.04544771634615385,-378.685546875,241.9297637939453,-64.88794708251953,27.780193328857422,24.339040756225586,-43.34269332885742,25.263629913330078,8.53786563873291,-36.55355453491211,14.48879623413086,3.30008864402771,-22.492656707763672,9.5323486328125,-6.008928298950195,-14.829669952392578,11.952190399169922,-7.201685905456543,-10.527647018432617,10.976369857788086,-7.224528789520264,-8.187779426574707,5.838712215423584,-8.252198219299316,-2.373495578765869,5.482115745544434,-10.393326759338379,-2.5919735431671143,4.81563663482666,-6.110118389129639,1.8520050048828125
9_jackson_41.wav,0.36779356002807617,0.07622271031141281,1027.5528911272625,989.6538789085871,2292.8375244140625,0.055379231770833336,-306.2677917480469,222.1128692626953,-67.23369598388672,26.217004776000977,35.88740539550781,-46.79057693481445,8.135161399841309,8.30350399017334,-41.62579345703125,-3.485440492630005,4.417663097381592,-20.453794479370117,-5.187562465667725,-9.744053840637207,-16.573322296142578,-5.034244060516357,-14.321507453918457,-9.661166191101074,-1.419853687286377,-19.287458419799805,-13.211108207702637,-3.4421470165252686,-15.944052696228027,-5.662140369415283,-3.3722970485687256,-22.168655395507812,-8.354907035827637,2.253251314163208,-12.870616912841797,-7.1604790687561035
9_george_40.wav,0.34759044647216797,0.051839206367731094,1380.0052064970766,1042.7227837438413,2610.2279663085938,0.080535888671875,-337.808349609375,194.64404296875,-110.10017395019531,-1.9049086570739746,24.738006591796875,-49.736473083496094,-7.183827877044678,-23.199201583862305,-49.468841552734375,6.569239139556885,-16.44618034362793,-47.66004943847656,-1.8465886116027832,-12.617425918579102,-35.19023895263672,-5.431802749633789,-11.900129318237305,-23.271358489990234,-6.181286811828613,-10.98375129699707,-11.24557113647461,-9.178421020507812,-22.52579116821289,-6.894179344177246,3.304232120513916,-15.461636543273926,-5.186629295349121,5.826204299926758,-8.067926406860352,0.19772326946258545
1_jackson_47.wav,0.273813933134079,0.0699087604880333,772.1856738358958,901.6982150089925,1598.1943359375,0.0357421875,-359.1563415527344,206.04043579101562,-12.149024963378906,27.014480590820312,7.663286209106445,-39.849361419677734,14.490923881530762,-3.7601804733276367,-45.579750061035156,1.0848170518875122,3.6864211559295654,-22.15573501586914,2.162534713745117,-4.708377361297607,-22.642101287841797,-3.2477035522460938,-8.041048049926758,-18.369911193847656,-5.064004898071289,-8.264019966125488,-9.948863983154297,-4.791545867919922,-17.797719955444336,-16.1176700592041,-5.888197422027588,-16.23458480834961,-12.865230560302734,-0.4678427577018738,-8.506373405456543,-9.955248832702637
7_jackson_49.wav,0.43109363317489624,0.061644379049539566,969.6418092789373,950.9399270316691,1851.85546875,0.06389825994318182,-322.3418273925781,204.54473876953125,-49.19919204711914,14.421401023864746,34.03660583496094,-32.72277069091797,-11.536075592041016,-13.026030540466309,-36.521575927734375,-0.7502307891845703,5.028165340423584,-17.45390510559082,-8.120345115661621,-2.465541124343872,-1.6719856262207031,-6.179434299468994,-23.918428421020508,-11.856557846069336,0.7600234746932983,-18.675682067871094,-14.3566312789917,-1.7347171306610107,-12.704239845275879,-4.892104625701904,0.09901061654090881,-19.333011627197266,-13.347846031188965,-0.43973055481910706,-9.870601654052734,-7.532110214233398
8_nicolas_24.wav,0.5100345015525818,0.028515325859189034,1094.286408909798,1085.8988773408864,2498.4182257401317,0.046052631578947366,-393.5687561035156,209.19442749023438,-71.00982666015625,36.733009338378906,45.894771575927734,-45.22616195678711,2.975756883621216,5.573800563812256,-28.8851261138916,10.028132438659668,1.3525313138961792,-17.131202697753906,14.077465057373047,-1.150417447090149,-14.612220764160156,8.798380851745605,-5.583362102508545,-8.656786918640137,11.328011512756348,-6.743991851806641,-9.037981986999512,8.710658073425293,-5.030206203460693,-4.846665859222412,7.7215118408203125,-3.095471143722534,-0.8687605857849121,4.420474052429199,-6.118846416473389,0.5807971954345703
0_jackson_44.wav,0.29727068543434143,0.10506648570299149,662.9497185131032,734.373075397949,1248.1832570043102,0.03599811422413793,-314.44989013671875,190.224609375,1.1980494260787964,20.07363510131836,26.971885681152344,-16.36265754699707,-9.839906692504883,-14.894856452941895,-23.65614891052246,-8.001771926879883,-19.192834854125977,-15.684828758239746,11.313312530517578,-4.796858310699463,-15.367340087890625,1.9593596458435059,-9.422059059143066,-12.876861572265625,1.7457071542739868,-14.104767799377441,-19.359203338623047,-3.9571895599365234,-14.597326278686523,-17.00240135192871,-1.156361699104309,-7.915634632110596,-10.753198623657227,0.4847421646118164,-5.800418853759766,-10.041770935058594
0_george_7.wav,0.2407447099685669,0.05735108256340027,1046.9250724786996,963.7432259679347,2102.086139547414,0.04259832974137931,-384.97259521484375,155.25491333007812,-65.55970001220703,17.71160316467285,32.360618591308594,-41.13279724121094,-13.903417587280273,-19.85019874572754,-51.18131637573242,-13.852927207946777,-19.120811462402344,-43.61294937133789,-8.046515464782715,-4.236908912658691,-24.40877342224121,-6.174260139465332,-4.57967472076416,-15.116852760314941,-7.206771373748779,-13.238228797912598,-14.381525039672852,-3.934034824371338,-14.083194732666016,-14.116036415100098,0.2613718807697296,-6.260361671447754,-9.58661937713623,-2.2003650665283203,-5.853350639343262,-4.329116344451904
3_lucas_10.wav,0.45642122626304626,0.036932218819856644,1363.351385846396,953.3296702812612,2493.8140869140625,0.09670003255208333,-398.4263610839844,146.68588256835938,-45.45466995239258,32.264034271240234,56.6591682434082,-27.433372497558594,-13.190752983093262,13.317366600036621,-14.400096893310547,-3.1950626373291016,7.339039325714111,-13.131587982177734,-4.925316333770752,4.749476909637451,-3.6853275299072266,3.338850736618042,3.1100852489471436,-7.080982208251953,-0.18776096403598785,-0.3715229332447052,-7.848578929901123,-0.34024396538734436,-0.7582714557647705,-8.297405242919922,-1.4649553298950195,0.8980914950370789,-4.926809787750244,-2.9638521671295166,-3.0068140029907227,-5.528343200683594
9_jackson_46.wav,0.3640109598636627,0.0776025727391243,802.5441099127698,843.4938296584493,1626.910400390625,0.04185267857142857,-332.9180603027344,219.25709533691406,-48.709022521972656,23.333545684814453,39.83846664428711,-35.608428955078125,-4.013156414031982,-0.9837942123413086,-32.09286117553711,-1.3824379444122314,-1.090061068534851,-21.76718521118164,-7.035256862640381,-11.982767105102539,-16.26462173461914,-4.45151424407959,-16.51410484313965,-13.762417793273926,-0.5618146061897278,-15.349969863891602,-13.174440383911133,-3.1507394313812256,-16.003084182739258,-8.824546813964844,-0.5265370011329651,-17.29818344116211,-12.038119316101074,-0.2662915289402008,-9.92980670928955,-7.174884796142578
1_yweweler_22.wav,0.37414735555648804,0.010165764950215816,926.1679849637958,847.4285738927931,1722.65625,0.05283900669642857,-531.5009765625,210.5867156982422,-44.38077163696289,5.032010078430176,11.011587142944336,-43.45336151123047,10.732796669006348,11.899395942687988,-34.43975830078125,0.0019506642129272223,9.583457946777344,-19.136394500732422,-3.6472909450531006,-1.030513882637024,-13.59462833404541,-1.5043411254882812,-6.373748779296875,-12.565056800842285,0.8812698721885681,-5.191847324371338,-10.705241203308105,-1.5543144941329956,-6.766728401184082,-6.255305290222168,2.0551326274871826,-5.08901834487915,-4.474001407623291,1.3975099325180054,-6.722893238067627,-5.861059665679932
1_jackson_38.wav,0.3074881136417389,0.07503222674131393,739.3087927602731,854.4433680500962,1291.0134055397727,0.031982421875,-346.1488952636719,207.8480987548828,-28.333595275878906,18.451156616210938,23.1433048248291,-34.431739807128906,0.5836078524589539,-2.917168378829956,-34.85786056518555,-0.4442848265171051,2.928553819656372,-18.948278427124023,-1.459218978881836,-8.019227981567383,-23.574621200561523,-7.315563678741455,-9.324645042419434,-15.623754501342773,-4.971850872039795,-11.619739532470703,-14.006780624389648,-6.060051441192627,-15.677875518798828,-12.938552856445312,-0.4517310857772827,-11.272573471069336,-14.304503440856934,-3.729269504547119,-8.29226016998291,-9.428150177001953
8_theo_44.wav,0.3778771162033081,0.0054957447573542595,1403.7602566640828,1143.4299817535184,2932.6566256009614,0.07925180288461539,-559.0571899414062,193.5481719970703,-76.00437927246094,50.45785140991211,42.723575592041016,-64.77861022949219,2.0383994579315186,11.673721313476562,-38.33606719970703,-1.9221312999725342,-4.646666526794434,-22.782817840576172,8.810112953186035,-4.382212162017822,-14.201186180114746,12.48781681060791,-1.9084362983703613,-9.063143730163574,3.921333074569702,-12.507084846496582,-7.352479934692383,6.5046563148498535,-11.000560760498047,-7.526247978210449,-1.3046185970306396,-15.454451560974121,-2.5789072513580322,5.303598403930664,-9.292308807373047,-0.5970660448074341
7_lucas_49.wav,0.4690413177013397,0.04040313884615898,1267.8652579816712,1022.2715479616136,2533.5513466282896,0.07699424342105263,-379.4556579589844,176.60191345214844,-57.068153381347656,30.577180862426758,60.9902229309082,-26.876583099365234,-8.6890230178833,10.012410163879395,-27.72907066345215,-10.577584266662598,12.8601713180542,-2.7779505252838135,-6.363279342651367,-2.4859707355499268,2.022066593170166,5.942564010620117,-8.436125755310059,-10.379274368286133,2.972154140472412,-3.843154191970825,-8.453388214111328,-2.7552855014801025,-9.205700874328613,-7.2753825187683105,0.746168851852417,-7.710078239440918,-10.033355712890625,-2.5751466751098633,-2.708437919616699,-0.17410685122013092
0_lucas_42.wav,0.46336817741394043,0.033839400857686996,1336.45248720954,918.617620605075,2332.0458984375,0.10004185267857142,-471.6759338378906,150.51992797851562,-36.7554931640625,7.547170639038086,30.32019805908203,-16.228849411010742,2.024240493774414,6.178134918212891,-18.413280487060547,1.5037387609481812,5.294007301330566,-14.728860855102539,-1.6929585933685303,3.860586643218994,-8.093032836914062,-1.4021490812301636,1.3440930843353271,-3.011789321899414,0.31977173686027527,-4.8005242347717285,-5.7902021408081055,2.6262497901916504,-3.842595100402832,-7.562748432159424,1.3859666585922241,-2.2067525386810303,-6.115425109863281,0.5316482782363892,-1.8039000034332275,-3.9681038856506348
2_nicolas_37.wav,0.26305651664733887,0.03555358946323395,876.19901377015,1122.9281343518855,2135.3759765625,0.03342013888888889,-378.7844543457031,197.81890869140625,-42.03529357910156,45.47953796386719,34.95418167114258,-33.46828842163086,21.641735076904297,11.643525123596191,-30.490516662597656,4.82895040512085,-7.4754180908203125,-29.897735595703125,0.4668634235858917,-9.065556526184082,-16.482025146484375,10.025130271911621,-3.731863260269165,-10.589435577392578,7.432243347167969,-6.888982772827148,-8.883691787719727,6.869767189025879,-3.721611976623535,-2.5344457626342773,6.314027786254883,-4.681997299194336,-0.0053062173537909985,6.772579669952393,-3.6448168754577637,0.04041168466210365
1_lucas_17.wav,0.47234904766082764,0.04023132473230362,1151.196878935832,857.6061119001658,2036.0210217927631,0.07002981085526316,-441.693603515625,171.96934509277344,-33.006107330322266,9.064861297607422,24.663137435913086,-36.53410339355469,-8.060958862304688,18.961036682128906,-13.73681926727295,-12.179377555847168,3.4336490631103516,-1.8485641479492188,1.3704218864440918,-0.46255946159362793,-6.7019877433776855,-2.076693058013916,-7.1825056076049805,-9.637680053710938,2.184840440750122,-0.8046686053276062,-9.186688423156738,-4.860457897186279,-4.865687847137451,-5.400119304656982,-1.267020583152771,-5.42156982421875,-7.5378570556640625,-2.7500762939453125,-3.8852145671844482,-4.359879970550537
9_george_44.wav,0.3867705464363098,0.042853958904743195,1464.8634436016916,1030.9018160701094,2751.7166940789475,0.0888928865131579,-360.2334899902344,196.81275939941406,-119.83467864990234,6.863567352294922,36.4315185546875,-53.83053207397461,-9.470303535461426,-19.88863182067871,-52.505516052246094,4.376134872436523,-14.204014778137207,-48.50004577636719,-2.300875186920166,-10.782310485839844,-35.18733596801758,-4.973833084106445,-10.584561347961426,-22.517908096313477,-5.905439853668213,-14.096162796020508,-12.979216575622559,-4.0295729637146,-17.866060256958008,-3.7226619720458984,7.124807357788086,-19.46793556213379,-11.591826438903809,7.547499179840088,-9.227519035339355,-7.901832103729248
3_yweweler_41.wav,0.33208513259887695,0.009236735291779041,1259.2369523132234,1130.46445886958,2620.199307528409,0.050825639204545456,-517.1044311523438,196.11669921875,-62.98592758178711,57.5927619934082,56.46035385131836,-63.03678894042969,-11.596649169921875,13.894843101501465,-34.88636016845703,-14.631564140319824,-13.036102294921875,-26.424110412597656,3.663525342941284,-7.544887065887451,-20.67716407775879,9.095124244689941,-1.7768515348434448,-14.099743843078613,9.219258308410645,-1.5096672773361206,-12.017367362976074,3.6757025718688965,-7.581186294555664,-13.220675468444824,-0.44946470856666565,-11.276923179626465,-11.096721649169922,4.440924644470215,-5.029682636260986,-8.686899185180664
2_yweweler_24.wav,0.3679400682449341,0.006441428791731596,1115.9542079605856,959.6194640381353,2142.5537109375,0.06321364182692307,-568.7099609375,188.45916748046875,-51.85605239868164,20.895782470703125,39.54563903808594,-27.60132598876953,5.268004417419434,5.525660991668701,-29.844295501708984,-2.3879921436309814,-4.692213535308838,-24.102373123168945,0.15667714178562164,-4.877195358276367,-16.055240631103516,6.464456558227539,0.32837793231010437,-6.7513508796691895,12.193364143371582,1.607909083366394,-9.285503387451172,4.467174053192139,-2.417813301086426,-9.780557632446289,-1.8234471082687378,-8.757040977478027,-10.717025756835938,-1.4713752269744873,-5.046579360961914,-5.189620494842529
0_nicolas_46.wav,0.23528076708316803,0.03975674882531166,881.039574339886,1062.4382672709046,2149.013671875,0.039599609375,-381.4892883300781,207.62069702148438,-51.124271392822266,45.642608642578125,36.830631256103516,-40.939937591552734,14.701159477233887,3.649357318878174,-32.639400482177734,11.135626792907715,-4.748871803283691,-27.296483993530273,9.466517448425293,-2.279308795928955,-13.11345386505127,14.422770500183105,0.0787106528878212,-6.952910423278809,10.771688461303711,-4.867205619812012,-6.9924726486206055,5.2917962074279785,-9.794414520263672,-8.127678871154785,1.6583271026611328,-8.17590045928955,-0.2876909673213959,7.317975044250488,-2.6971449851989746,1.5959346294403076
7_george_11.wav,0.29379191994667053,0.049316905438899994,1342.6687915626846,985.1347660100363,2339.1612177309785,0.08046025815217392,-360.2908935546875,154.30006408691406,-84.58361053466797,8.2746000289917,35.385398864746094,-42.79341506958008,-27.508193969726562,-30.941234588623047,-42.35879898071289,2.8975915908813477,-12.711834907531738,-39.280399322509766,-1.1890751123428345,-3.3406200408935547,-24.706151962280273,-5.706910610198975,-10.822145462036133,-20.85500144958496,-6.539037227630615,-14.067941665649414,-15.781167984008789,-2.4521610736846924,-13.593947410583496,-12.915446281433105,0.021170511841773987,-12.897491455078125,-11.688894271850586,3.8463082313537598,-5.452897548675537,-6.47083854675293
9_george_17.wav,0.27359044551849365,0.047437720000743866,1137.4255030620684,940.5518843733055,2168.2279146634614,0.05269681490384615,-382.16864013671875,186.28538513183594,-98.96358489990234,4.375084400177002,33.94680404663086,-49.14610290527344,-14.797811508178711,-14.074752807617188,-40.65174865722656,4.219751358032227,-7.219845294952393,-38.87527847290039,-5.6453070640563965,-9.160733222961426,-30.29625129699707,-10.557598114013672,-13.212743759155273,-21.265972137451172,-9.407967567443848,-13.64572525024414,-8.290857315063477,-1.8388652801513672,-20.373310089111328,-13.47061824798584,1.483245849609375,-14.499544143676758,-12.654685020446777,-0.6065726280212402,-11.315424919128418,-8.384026527404785
9_theo_8.wav,0.28601399064064026,0.0050878217443823814,948.3243584250187,893.5415605730165,1798.5891241776317,0.04600123355263158,-572.01171875,217.33143615722656,-66.73297119140625,12.714424133300781,44.11481857299805,-33.02424240112305,-3.925199031829834,6.787625789642334,-21.3399715423584,8.776375770568848,8.16601848602295,-17.796722412109375,-1.1778510808944702,-0.48861032724380493,-9.836209297180176,-1.9582968950271606,-13.367443084716797,-13.777040481567383,1.034448266029358,-12.212775230407715,-14.482534408569336,1.124626874923706,-5.254891872406006,-5.619641304016113,0.9255558848381042,-9.567105293273926,-6.372096538543701,4.192384243011475,-2.8080451488494873,-3.729773759841919
3_nicolas_5.wav,0.2747032046318054,0.03393107280135155,1190.04587570282,1117.9352132226622,2616.88232421875,0.061360677083333336,-374.4699401855469,177.8656463623047,-63.7760009765625,39.70212936401367,45.19717788696289,-33.53765106201172,10.915284156799316,1.354817271232605,-30.566009521484375,13.026065826416016,-2.475461006164551,-26.84442901611328,9.800361633300781,1.1329237222671509,-12.772724151611328,10.71249771118164,-2.43350887298584,-10.013267517089844,7.936988830566406,-4.6177191734313965,-6.454533100128174,7.082249641418457,-4.300522804260254,-1.1662129163742065,7.876474380493164,-5.781035423278809,-1.8386399745941162,4.871057510375977,-7.742680072784424,-3.1947078704833984
0_theo_26.wav,0.2533998191356659,0.002763662487268448,1000.4481669672857,983.3321493034955,2106.6650390625,0.04331752232142857,-623.7108154296875,221.3950653076172,-65.07000732421875,31.668296813964844,52.0384521484375,-29.15463638305664,2.326690196990967,-2.3855369091033936,-28.993391036987305,8.51650619506836,-5.381372928619385,-22.289039611816406,12.706454277038574,0.5370652079582214,-11.166163444519043,12.89917278289795,-3.2577590942382812,-13.589698791503906,1.794359803199768,-10.869932174682617,-10.938557624816895,0.6040291786193848,-12.810799598693848,-6.596266269683838,5.331181049346924,-9.016931533813477,-6.463259220123291,1.5607434511184692,-7.063645839691162,-2.032212495803833
8_lucas_49.wav,0.5060767531394958,0.08560258895158768,1277.087766655473,1025.171552134266,2583.984375,0.09459092881944445,-330.9623718261719,169.00868225097656,-45.11736297607422,36.69834899902344,45.62892150878906,-53.00423049926758,-23.383047103881836,15.011640548706055,-18.239755630493164,-14.387608528137207,-0.7470329999923706,-7.187533855438232,2.5615713596343994,1.8378838300704956,-5.774548053741455,0.7179653644561768,-3.7739715576171875,-7.253574848175049,-1.8187397718429565,-6.154695987701416,-2.0688319206237793,1.050141453742981,-13.16574764251709,-7.743966102600098,4.262290954589844,-8.866046905517578,-9.558917999267578,2.5288894176483154,-4.538176536560059,-6.683654308319092
0_yweweler_32.wav,0.393715500831604,0.016318487003445625,1094.4932021761924,856.8347585508138,1852.5283813476562,0.07196044921875,-481.83868408203125,206.2946319580078,-54.052249908447266,9.716913223266602,21.08141326904297,-50.93955993652344,-5.738430976867676,9.446449279785156,-28.89314842224121,-6.26736307144165,-4.1061110496521,-24.864498138427734,-4.230438232421875,-3.640284299850464,-12.884857177734375,3.487083673477173,-3.851605176925659,-10.140108108520508,5.327821254730225,-6.614554405212402,-17.27338409423828,-4.5984787940979,-8.953943252563477,-12.247940063476562,-2.7263600826263428,-6.4049835205078125,-5.568003177642822,0.48384568095207214,-6.760238170623779,-6.612181186676025
5_nicolas_13.wav,0.46126967668533325,0.04625975713133812,1059.9670812035044,963.4122524370003,2000.0545726102941,0.06609030330882353,-337.02862548828125,230.97927856445312,-68.23225402832031,11.9266357421875,10.730191230773926,-50.776145935058594,16.493297576904297,9.561917304992676,-30.245882034301758,11.144368171691895,-0.2857379913330078,-21.270809173583984,11.809776306152344,-1.2820627689361572,-14.718375205993652,9.515276908874512,-2.6276001930236816,-7.602018356323242,9.579002380371094,-5.621676445007324,-8.76662540435791,2.5645532608032227,-9.421568870544434,-4.450496196746826,5.909031391143799,-6.087181091308594,-2.8958370685577393,2.8306119441986084,-4.236072540283203,2.1124825477600098
1_lucas_22.wav,0.43464088439941406,0.04246485233306885,1127.2539822900492,871.3096063126408,2034.8876953125,0.0679931640625,-425.8741149902344,156.15591430664062,-22.62491798400879,15.264619827270508,28.4483585357666,-31.733551025390625,-9.688425064086914,17.272714614868164,-12.398188591003418,-9.052107810974121,10.498308181762695,-0.4075351357460022,-5.079097747802734,-2.0276970863342285,-5.640272617340088,-3.276217222213745,-4.538529396057129,-8.471817016601562,-2.6142818927764893,-2.926314115524292,-8.91381549835205,-5.376087665557861,-2.7735471725463867,-4.590929985046387,-3.9949803352355957,-6.454204559326172,-8.236320495605469,-4.427150249481201,-3.7994308471679688,-5.109167098999023
1_nicolas_29.wav,0.4140002727508545,0.04123638942837715,1078.0136881043782,1046.3328064098014,2168.701171875,0.055210658482142856,-350.8229064941406,225.08346557617188,-63.20370864868164,24.1900634765625,21.31635093688965,-46.38216018676758,18.71909523010254,4.958085536956787,-37.18198776245117,13.15857219696045,2.1366593837738037,-23.592538833618164,13.681495666503906,1.835755467414856,-15.081336975097656,9.33293628692627,-4.218173027038574,-11.01256275177002,8.488234519958496,-5.986073017120361,-9.412023544311523,4.2624192237854,-7.186774253845215,-3.918816089630127,5.920748710632324,-4.659155368804932,1.5660152435302734,6.463296413421631,-6.195465564727783,-0.3922247290611267
8_nicolas_27.wav,0.45420727133750916,0.02956768497824669,1147.064227208744,1126.8247366588237,2652.6214599609375,0.05084228515625,-379.859130859375,213.74838256835938,-68.46562194824219,48.881591796875,50.252723693847656,-50.90283966064453,4.779301643371582,8.645601272583008,-32.551368713378906,7.9272942543029785,-0.9343430995941162,-20.80258560180664,15.668468475341797,-0.5020461082458496,-18.72966766357422,7.667610168457031,-5.684501647949219,-11.972529411315918,8.93112564086914,-7.956085205078125,-10.825551986694336,6.702936172485352,-8.58987045288086,-7.534572601318359,7.879345893859863,-4.140127182006836,-1.138409972190857,8.49332046508789,-4.115520477294922,-1.8402973413467407
0_lucas_16.wav,0.49589088559150696,0.04129449650645256,1218.5431492149323,792.5405919159089,2104.456505408654,0.09033203125,-393.6424255371094,197.41651916503906,-53.30005645751953,8.082042694091797,43.84212875366211,-21.27963638305664,-3.916795015335083,5.508120536804199,-21.885692596435547,0.49800872802734375,4.690092086791992,-14.92044734954834,4.245414733886719,7.52592134475708,-8.934311866760254,1.1832201480865479,2.26814603805542,-5.005707263946533,3.301999807357788,-3.0246212482452393,-11.073802947998047,-0.9250733852386475,-2.8687901496887207,-7.896788597106934,-0.47963258624076843,-2.6362104415893555,-5.297347068786621,0.7996833324432373,-2.362649917602539,-5.11397123336792
6_yweweler_22.wav,0.3288612961769104,0.006363671272993088,1332.2557716172469,1040.3258932090675,2538.7646484375,0.05556640625,-563.3990478515625,179.47799682617188,-71.69190216064453,31.313594818115234,54.944549560546875,-36.91082000732422,-9.399291038513184,3.4475159645080566,-23.887483596801758,-0.5419660806655884,-9.645673751831055,-22.71561050415039,7.848593711853027,-2.669964075088501,-13.818921089172363,11.250900268554688,-0.5582095384597778,-9.225202560424805,10.06067943572998,-2.0643928050994873,-6.167431831359863,9.366752624511719,-5.535368919372559,-9.339001655578613,4.623843193054199,-7.558459281921387,-9.883541107177734,2.238736391067505,-4.842690944671631,-5.509945869445801
6_lucas_35.wav,0.5942704081535339,0.026276253163814545,1428.9356603222961,1089.4358586627234,2714.1623757102275,0.11811967329545454,-389.6052551269531,180.44903564453125,-65.2179183959961,35.634193420410156,55.90487289428711,-36.24320983886719,-0.8030557036399841,16.592031478881836,-20.83087730407715,5.264488697052002,12.453269004821777,-11.278847694396973,2.04111909866333,3.8240370750427246,-1.3423089981079102,10.400882720947266,0.6219050884246826,-2.0886306762695312,9.704366683959961,-4.15703821182251,-6.3152079582214355,7.5354766845703125,-2.896918296813965,-4.869966506958008,6.3474507331848145,-0.696233332157135,-2.6082677841186523,1.3344801664352417,-4.65205717086792,-0.7355805039405823
1_theo_22.wav,0.32145288586616516,0.005803620908409357,907.9518905769249,798.5034223579212,1621.01953125,0.05880859375,-551.15966796875,203.73272705078125,-37.378387451171875,10.795066833496094,21.44338607788086,-34.1282844543457,0.8979948163032532,0.46181729435920715,-27.98605728149414,4.554063320159912,3.01475191116333,-21.98897933959961,-4.367490291595459,-3.185617685317993,-11.717698097229004,-1.893999457359314,-9.496847152709961,-10.987303733825684,-1.1873513460159302,-11.350332260131836,-8.59469223022461,1.547248363494873,-10.106064796447754,-7.332943916320801,0.6649022102355957,-10.908241271972656,-5.787608623504639,3.800053596496582,-6.148439407348633,-2.3458640575408936
4_george_35.wav,0.35540032386779785,0.055247560143470764,1085.3631952956164,820.9631817955662,1824.4495738636363,0.0673828125,-366.9692687988281,154.12730407714844,-52.64976501464844,-12.703323364257812,6.084131240844727,-41.623313903808594,-16.938047409057617,-11.45315933227539,-38.73799514770508,-20.073875427246094,-16.19517707824707,-28.113849639892578,-7.754351615905762,-6.894069194793701,-17.357481002807617,-0.6771994829177856,-3.3194854259490967,-18.867429733276367,-10.813276290893555,-9.784052848815918,-15.686505317687988,-8.265019416809082,-6.444973945617676,-7.620460033416748,-5.1189494132995605,-8.4309663772583,-4.961696624755859,0.9016115665435791,-4.021651744842529,-1.4787994623184204
2_george_43.wav,0.2729550004005432,0.04611453786492348,924.2257882535807,942.4092012430787,1789.4091796875,0.039453125,-384.71234130859375,162.0861358642578,-38.82193374633789,8.861489295959473,6.606245994567871,-47.01620864868164,-9.093133926391602,-13.396576881408691,-45.22417449951172,-14.497536659240723,-17.784849166870117,-39.99582290649414,-17.22455406188965,-18.32380485534668,-27.504743576049805,-5.076628684997559,-5.361844062805176,-11.551620483398438,1.56595778465271,-5.808079719543457,-14.057133674621582,-6.35474967956543,-9.447615623474121,-8.336055755615234,-3.078927755355835,-9.039532661437988,-4.304043769836426,-0.10798778384923935,-10.836856842041016,-7.967780113220215
0_jackson_25.wav,0.23884817957878113,0.08546927571296692,674.2996612862257,764.7614348222525,1237.3616536458333,0.031051070601851853,-341.4257507324219,189.51080322265625,-6.750065326690674,20.81380271911621,24.3382568359375,-31.420997619628906,-17.94517707824707,-12.502405166625977,-24.715198516845703,-4.62824010848999,-8.875927925109863,-19.43400764465332,-4.010441780090332,-10.416701316833496,-12.74049186706543,4.754615306854248,-6.109498977661133,-11.104880332946777,5.582424163818359,-6.122723579406738,-16.507144927978516,-3.682840585708618,-9.034692764282227,-15.361690521240234,-5.624248027801514,-7.935192108154297,-10.458782196044922,-4.65846586227417,-8.296637535095215,-9.03062629699707
0_yweweler_45.wav,0.29911863803863525,0.012424145825207233,898.5799058118283,801.0510806226304,1697.7584838867188,0.0426025390625,-500.0493469238281,205.13665771484375,-37.2039794921875,4.924312591552734,21.387802124023438,-37.325347900390625,-5.008028984069824,7.392200946807861,-26.165876388549805,-8.540474891662598,-2.114591121673584,-17.765378952026367,-0.08152824640274048,1.5499699115753174,-12.927229881286621,-1.6850507259368896,0.8591248989105225,-5.150503158569336,1.677616000175476,-2.551713466644287,-8.53607177734375,-3.9950783252716064,-6.676511764526367,-6.022277355194092,-1.433103322982788,-6.444822311401367,-5.11053991317749,-1.2846672534942627,-6.2119011878967285,-3.2103452682495117
0_lucas_9.wav,0.45144933462142944,0.0207085981965065,1353.5265170313207,1067.2538269370611,2641.617359834559,0.11306104473039216,-518.5980224609375,101.0103530883789,-18.075658798217773,8.15562629699707,23.655162811279297,-6.163275718688965,1.1523362398147583,2.7214930057525635,-11.15066909790039,0.6825494170188904,2.984532594680786,-8.511567115783691,-1.677783489227295,0.44057509303092957,-5.995933532714844,-1.1908726692199707,-0.5378902554512024,-3.0018577575683594,1.4483658075332642,-2.3132450580596924,-6.931511402130127,-1.6768587827682495,-2.571397304534912,-5.929786682128906,-2.0949110984802246,-2.5757250785827637,-4.776010036468506,-1.3134973049163818,-0.7725239992141724,-2.390537738800049
6_jackson_34.wav,0.3537020981311798,0.0731373280286789,1483.4446802794625,1077.968960468947,2686.482421875,0.13544921875,-355.2786865234375,122.03169250488281,-32.64387512207031,20.88256072998047,21.551889419555664,-35.73298263549805,-19.47756004333496,-18.76857566833496,-26.66236114501953,2.0856101512908936,-6.04145622253418,-17.800024032592773,3.7217764854431152,-0.7172461152076721,-4.9278883934021,2.4307308197021484,-16.788799285888672,-11.637150764465332,10.01615047454834,-12.558226585388184,-22.12099838256836,-2.2530014514923096,-9.388752937316895,-12.054732322692871,1.8942545652389526,-5.037219524383545,-6.791538715362549,2.3316948413848877,-2.9946656227111816,-1.4495495557785034
9_yweweler_34.wav,0.3479548692703247,0.008259947411715984,888.041348952622,825.1268935761021,1608.190275493421,0.050755550986842105,-534.3789672851562,227.31861877441406,-58.86679458618164,4.4702959060668945,16.500078201293945,-44.4326057434082,10.059731483459473,6.970142364501953,-36.9743766784668,3.931852340698242,6.530576705932617,-19.997943878173828,5.864574432373047,-0.023996278643608093,-19.654993057250977,-0.655051052570343,-5.834484100341797,-15.220696449279785,-1.2405248880386353,-9.714007377624512,-13.520512580871582,-0.9367480278015137,-7.688450813293457,-6.387441158294678,0.18576551973819733,-12.0286283493042,-7.017014503479004,3.4056413173675537,-7.0259690284729,-3.7930610179901123
9_theo_45.wav,0.3770691156387329,0.005434663500636816,1077.7170861604507,950.308619784831,2097.333984375,0.04853515625,-540.9227294921875,241.4295654296875,-93.53254699707031,8.29692268371582,39.23200225830078,-44.61456298828125,-2.780616521835327,0.25507277250289917,-28.35980796813965,15.607134819030762,6.679981231689453,-22.245763778686523,1.4362901449203491,-7.393332004547119,-15.472186088562012,0.09040246903896332,-19.942502975463867,-17.368595123291016,5.976895332336426,-12.310724258422852,-11.295184135437012,5.607880592346191,-11.75860595703125,-8.456594467163086,4.940401554107666,-9.93321418762207,-4.936943531036377,4.401099681854248,-9.543142318725586,-6.666722297668457
6_lucas_21.wav,0.5635930299758911,0.014353732578456402,1549.09643358947,997.7567419698913,2674.7314453125,0.13523646763392858,-469.1941833496094,162.82369995117188,-64.18804168701172,19.752765655517578,41.1514892578125,-34.867523193359375,-3.7864842414855957,7.242466449737549,-26.723087310791016,0.1676706075668335,8.766336441040039,-12.082629203796387,0.6381143927574158,0.5338282585144043,-6.734908580780029,5.654177188873291,-2.3524367809295654,-8.095742225646973,4.031775951385498,-4.4725823402404785,-8.410273551940918,2.470582962036133,-4.380009651184082,-6.013792991638184,2.135530948638916,-4.577968597412109,-4.7098517417907715,1.524154543876648,-3.686753511428833,-1.2774847745895386
2_lucas_42.wav,0.4235713481903076,0.05070812255144119,1251.4439616579573,1036.5390504719787,2391.7236328125,0.07449776785714286,-396.3738708496094,170.1988067626953,-52.66139602661133,31.305709838867188,61.59493637084961,-25.04474449157715,-13.212989807128906,5.66266393661499,-21.66908073425293,-6.120992183685303,-0.8306061029434204,-19.779930114746094,-5.795366287231445,0.4726017117500305,-6.674745082855225,2.4037060737609863,-3.92876935005188,-11.083320617675781,2.94732666015625,0.39264047145843506,-7.709694862365723,-0.22972571849822998,-3.270111083984375,-7.025477886199951,-1.233927845954895,-6.950963497161865,-8.965314865112305,-0.08956769853830338,-3.1739280223846436,-6.200467109680176
4_yweweler_19.wav,0.43204066157341003,0.011869670823216438,811.2297668769478,661.2285408350843,1179.7119140625,0.05426897321428571,-512.1104736328125,216.6952667236328,-17.96573257446289,-7.521793365478516,-15.27418041229248,-60.65662384033203,-2.9825916290283203,18.970624923706055,-20.89671516418457,-6.467303276062012,3.073728322982788,-17.895360946655273,-7.045663356781006,0.2682516276836395,-8.01384162902832,-1.1170650720596313,-4.490721225738525,-9.532299995422363,0.7489992380142212,-5.315849781036377,-12.463556289672852,-2.0233001708984375,-3.642590045928955,-7.836999416351318,-1.457459807395935,-5.590879917144775,-8.390891075134277,-1.475266456604004,-3.3090569972991943,-4.70795202255249
4_jackson_20.wav,0.38796934485435486,0.08535139262676239,688.7046884204934,556.0895437184607,1112.7599379595588,0.04489315257352941,-351.7445983886719,209.28419494628906,29.11891746520996,-15.12002182006836,-25.40279769897461,-38.38837814331055,-17.59282112121582,-7.6331095695495605,-8.010955810546875,-4.781033515930176,-20.766613006591797,-19.12479591369629,4.1230549812316895,-2.1155011653900146,-7.617921829223633,6.389361381530762,-2.5143871307373047,-12.431546211242676,-4.372928142547607,-10.589946746826172,-13.552207946777344,-2.2752790451049805,-8.213385581970215,-16.087167739868164,-10.990276336669922,-11.754057884216309,-7.884654521942139,-0.23109649121761322,-7.109567165374756,-7.88983154296875
8_nicolas_43.wav,0.46712398529052734,0.025737442076206207,1155.3309114965832,1152.6592636945225,2652.6214599609375,0.04608154296875,-387.84674072265625,219.00335693359375,-74.18560028076172,40.289451599121094,42.792396545410156,-50.78321075439453,3.55812406539917,8.753803253173828,-26.823577880859375,14.022357940673828,4.237442970275879,-19.293880462646484,11.259793281555176,-0.9845702648162842,-14.134028434753418,8.456771850585938,-4.565613746643066,-8.196029663085938,8.363504409790039,-8.572815895080566,-7.565888404846191,8.597402572631836,-6.228105545043945,-4.465672492980957,7.0006103515625,-5.221036434173584,-1.8804717063903809,5.087533473968506,-4.128911018371582,2.577178478240967
5_george_34.wav,0.2627667188644409,0.0626830905675888,1329.9528292286445,985.9246251676218,2394.8959350585938,0.07421875,-322.8619384765625,182.89903259277344,-111.32978057861328,-2.8835716247558594,25.342220306396484,-54.13902282714844,-19.35321044921875,-20.072532653808594,-42.875282287597656,1.3834580183029175,-10.221992492675781,-30.184505462646484,3.327812671661377,-15.138769149780273,-33.219818115234375,-1.878836989402771,-10.22059440612793,-19.081989288330078,2.3001866340637207,-9.85864543914795,-16.69430923461914,-2.7343573570251465,-13.47261905670166,-11.195868492126465,2.5543107986450195,-10.0729398727417,-10.761423110961914,-2.3485894203186035,-11.82509994506836,-8.223854064941406
1_yweweler_35.wav,0.44527217745780945,0.011130339466035366,906.7652004383908,889.3253439265354,1714.8259943181818,0.04665305397727273,-525.112548828125,239.83282470703125,-52.965675354003906,5.306083679199219,13.265161514282227,-48.544349670410156,10.630300521850586,11.187411308288574,-37.429176330566406,-1.551850438117981,5.653842449188232,-17.464601516723633,1.8364237546920776,-5.511613845825195,-17.11688995361328,2.7968733310699463,-7.705609321594238,-15.321988105773926,2.503432035446167,-8.422977447509766,-14.673916816711426,-1.5137847661972046,-11.463061332702637,-13.40331745147705,-1.0813815593719482,-8.330857276916504,-7.512047290802002,1.9075489044189453,-6.353603839874268,-7.248093128204346
0_yweweler_33.wav,0.3075633645057678,0.009677458554506302,911.0422002228429,862.8208927114733,1840.5994762073863,0.047119140625,-516.5375366210938,195.0917510986328,-36.44822692871094,17.178464889526367,27.023805618286133,-36.401451110839844,-1.7239532470703125,7.044027805328369,-24.301166534423828,-3.319228172302246,-5.141045093536377,-23.339536666870117,-2.1492602825164795,-1.486798882484436,-10.997708320617676,2.218334197998047,-3.4204299449920654,-6.234363079071045,7.333740234375,-3.584825038909912,-10.649521827697754,-0.49899759888648987,-7.245665073394775,-9.305750846862793,-1.7047111988067627,-8.117597579956055,-6.9944353103637695,-0.828961193561554,-7.546607971191406,-5.301146507263184
1_yweweler_33.wav,0.3175202012062073,0.00809953361749649,806.2822227750768,821.481413755394,1482.3910361842106,0.04307154605263158,-561.9841918945312,222.26190185546875,-38.52814865112305,14.085386276245117,19.329357147216797,-41.204898834228516,8.808757781982422,10.878055572509766,-32.726619720458984,-2.098747968673706,5.137937545776367,-16.284608840942383,-0.8501250743865967,-5.236250400543213,-13.831408500671387,1.7145408391952515,-6.966881275177002,-9.990283012390137,5.173794269561768,-6.577587604522705,-11.272040367126465,-1.5707026720046997,-12.991734504699707,-12.35294246673584,-0.9384632110595703,-8.29460334777832,-3.8963260650634766,3.937574625015259,-8.185022354125977,-7.121553897857666
2_nicolas_13.wav,0.2271920144557953,0.04796984791755676,1054.333932656758,1154.4739526429194,2260.21728515625,0.04704938616071429,-360.8505554199219,160.59275817871094,-37.757198333740234,43.71097946166992,39.03374099731445,-22.995285034179688,16.109529495239258,1.8894116878509521,-30.81194496154785,5.896831035614014,-7.29730224609375,-29.87223243713379,2.2148938179016113,-4.811972618103027,-17.78384780883789,4.778043270111084,-5.195935249328613,-11.534126281738281,8.03876781463623,-2.088613271713257,-5.864227771759033,8.995903968811035,-0.5972647070884705,-2.439316511154175,6.760941028594971,-2.8775570392608643,-1.5909703969955444,5.170684814453125,-4.391628742218018,-3.258875608444214
9_jackson_48.wav,0.368547260761261,0.06360328942537308,937.7834560019985,919.3523747016193,1932.4055989583333,0.05211950231481482,-336.2995910644531,225.84942626953125,-58.732234954833984,23.715452194213867,36.75534439086914,-46.67537307739258,-3.7845983505249023,5.807196140289307,-31.59366226196289,-3.7690045833587646,-1.1854043006896973,-18.047075271606445,-2.5745999813079834,-11.15700626373291,-16.280183792114258,-4.468202590942383,-18.371355056762695,-13.098607063293457,1.9764862060546875,-15.880390167236328,-12.665290832519531,1.112937331199646,-13.290245056152344,-10.200916290283203,-3.4880475997924805,-18.46389389038086,-11.310504913330078,-0.005618881434202194,-9.317249298095703,-6.203216552734375
3_theo_18.wav,0.31582215428352356,0.005027551669627428,1063.238016376563,1034.9727692742958,2361.198542668269,0.05025540865384615,-576.4536743164062,216.66064453125,-64.7662353515625,50.35570526123047,55.69425964355469,-49.612060546875,-3.5392823219299316,5.669882774353027,-32.672264099121094,-1.3790208101272583,-8.897109985351562,-24.084007263183594,8.809894561767578,-4.512003421783447,-17.83130645751953,5.682141304016113,-8.373291969299316,-14.490276336669922,3.9316606521606445,-9.50616455078125,-11.242204666137695,0.3943788409233093,-10.84968376159668,-3.517359733581543,4.488924026489258,-12.345378875732422,-6.758097171783447,1.1076050996780396,-8.633164405822754,1.2831108570098877
2_lucas_10.wav,0.489503413438797,0.030381742864847183,1199.812792918606,1001.8127229260832,2271.7529296875,0.06471011513157894,-440.67901611328125,161.44224548339844,-33.929508209228516,25.824674606323242,52.8981819152832,-12.462156295776367,-4.800518035888672,5.92697286605835,-15.438814163208008,-1.4431072473526,0.8774883151054382,-12.878581047058105,0.06998878717422485,-1.316655158996582,-9.52392292022705,5.484134197235107,0.8888528943061829,-11.851679801940918,1.0449528694152832,3.3630728721618652,-5.849495887756348,-2.744152307510376,-5.679869174957275,-8.416513442993164,-1.0010279417037964,-4.915188789367676,-8.701937675476074,-0.06168162822723389,-0.5947946906089783,-4.132513046264648
3_george_39.wav,0.29167163372039795,0.04963895305991173,1592.5966109603212,1184.0006579163555,2966.796875,0.0754665798611111,-345.75408935546875,161.40333557128906,-93.05857849121094,51.43194580078125,58.57959747314453,-57.18330764770508,-19.800134658813477,-9.320084571838379,-43.32659912109375,-9.707450866699219,-21.972105026245117,-38.76875686645508,5.464141368865967,-7.075798511505127,-30.82425880432129,2.064903497695923,0.06789197027683258,-12.809048652648926,4.359910488128662,-6.124395370483398,-13.48446273803711,-1.3823553323745728,-14.129350662231445,-11.884047508239746,7.590737342834473,-3.07961106300354,-6.185150146484375,7.114678382873535,-0.3312971293926239,-5.644795894622803
4_george_38.wav,0.2525274157524109,0.056995779275894165,890.3451669361472,804.3332477253962,1565.643310546875,0.043619791666666664,-362.5697021484375,197.4300537109375,-62.73288345336914,-10.575188636779785,9.603354454040527,-53.29714584350586,-16.856460571289062,-8.31856632232666,-49.484832763671875,-27.083311080932617,-18.294034957885742,-34.23429870605469,-9.032695770263672,-6.631405353546143,-21.573486328125,0.2775397300720215,-0.8989068865776062,-24.29442024230957,-16.843107223510742,-12.60155200958252,-17.157474517822266,-6.811278820037842,-7.90789270401001,-13.883936882019043,-6.201334476470947,-5.567978382110596,-6.417848587036133,-1.3543592691421509,-4.538126468658447,-3.8643224239349365
1_george_32.wav,0.32759490609169006,0.04147542640566826,1433.223290148079,1047.4527672654951,2743.5258345170455,0.07475142045454546,-363.20281982421875,186.80697631835938,-104.95030975341797,7.97932243347168,22.577430725097656,-43.30909729003906,4.258742332458496,-19.73571014404297,-52.275901794433594,7.864934921264648,-7.685699939727783,-38.72224807739258,3.5080811977386475,-9.12630558013916,-32.6638069152832,-1.3146198987960815,-8.89884090423584,-24.098094940185547,-3.860292673110962,-6.715402603149414,-11.174458503723145,-7.3974714279174805,-18.994403839111328,-6.402477741241455,5.387915134429932,-14.026137351989746,-8.025716781616211,4.176707744598389,-11.649066925048828,-7.053394794464111
5_lucas_15.wav,0.5227574706077576,0.07724284380674362,1315.5908992183922,919.1672621485718,2327.8289794921875,0.09834798177083333,-343.7237854003906,175.486083984375,-57.39152908325195,1.9096535444259644,34.526241302490234,-30.479997634887695,-10.628300666809082,8.833754539489746,-16.600177764892578,-0.5955211520195007,9.98226261138916,-5.005730628967285,-0.37810006737709045,-4.632138252258301,-10.307806968688965,3.153123140335083,-4.927870750427246,-13.88402271270752,3.0652778148651123,0.9138381481170654,-11.64234447479248,-4.147695541381836,-2.5418872833251953,-5.478219509124756,-0.43471965193748474,-4.117556095123291,-5.716536045074463,0.6631002426147461,-3.784039258956909,-6.8185272216796875
2_theo_45.wav,0.2984327971935272,0.004296055529266596,1353.2053728033504,1039.9277553519378,2519.384765625,0.09737141927083333,-587.4564819335938,200.3211212158203,-77.63993072509766,46.757816314697266,49.989288330078125,-44.90446853637695,9.195293426513672,3.8065738677978516,-31.7503719329834,9.519917488098145,-12.061454772949219,-30.097402572631836,10.485669136047363,-9.824620246887207,-20.099960327148438,12.82213306427002,-5.287583827972412,-11.726351737976074,6.214437961578369,-14.420174598693848,-10.191189765930176,8.20311450958252,-12.794205665588379,-10.31125259399414,4.607349872589111,-9.187932014465332,-5.117104530334473,1.8970264196395874,-8.38318157196045,0.224264457821846
9_theo_47.wav,0.33240994811058044,0.00842263549566269,989.284691195131,879.8602732219658,1825.477294921875,0.0494384765625,-512.4196166992188,202.14723205566406,-58.592796325683594,1.5657870769500732,28.012353897094727,-37.53763198852539,-6.845722198486328,6.879150390625,-22.216514587402344,0.5961992144584656,3.188082456588745,-18.971546173095703,-4.1074090003967285,0.09607567638158798,-8.558189392089844,-3.2958455085754395,-11.112369537353516,-13.343035697937012,-5.960977077484131,-15.847186088562012,-11.263734817504883,1.1443164348602295,-11.307674407958984,-10.057772636413574,2.2659530639648438,-8.210654258728027,-8.012828826904297,2.591958999633789,-6.770388126373291,-9.212759971618652
3_jackson_24.wav,0.25789687037467957,0.08053559809923172,944.7316491940107,925.0637952839288,1906.8218030427631,0.04430509868421053,-325.1949768066406,191.71578979492188,-43.59855270385742,18.556734085083008,45.447967529296875,-25.902414321899414,-23.796836853027344,-19.884201049804688,-30.128591537475586,-3.9201836585998535,-12.26486873626709,-29.730239868164062,-6.388002872467041,-7.322540283203125,-17.406190872192383,-1.197596549987793,-4.499283313751221,-7.6407551765441895,5.502442836761475,-6.919571876525879,-12.614543914794922,4.091220855712891,-3.9958577156066895,-13.059428215026855,-2.4461352825164795,-6.637921333312988,-11.4856595993042,-3.5230681896209717,-5.452524662017822,-7.337721347808838
0_george_32.wav,0.27296143770217896,0.06827906519174576,1177.0896126585735,952.1514804667634,2084.4140625,0.057890625,-352.47528076171875,139.61856079101562,-58.734439849853516,20.539831161499023,29.360973358154297,-41.9759635925293,-18.33660888671875,-19.25481605529785,-41.72138977050781,-14.416712760925293,-24.750333786010742,-36.335365295410156,-1.955721139907837,-9.879289627075195,-24.646772384643555,0.7990338206291199,-3.5222244262695312,-14.9493408203125,-0.5763814449310303,-7.88691520690918,-15.253853797912598,-4.910817623138428,-10.908236503601074,-11.390973091125488,-1.214063286781311,-5.9823150634765625,-3.478571891784668,2.310706853866577,-6.516363620758057,-3.489825487136841
4_nicolas_27.wav,0.3123326897621155,0.0846467986702919,858.4112941449391,846.5426239910365,1384.5849609375,0.04576822916666667,-296.3960876464844,209.916259765625,-25.817386627197266,13.941255569458008,-7.50787353515625,-64.10770416259766,-4.333329677581787,4.084907054901123,-21.53509521484375,11.743573188781738,-0.24591612815856934,-22.323087692260742,8.331388473510742,4.147011756896973,-7.592331886291504,13.591486930847168,0.8483706712722778,-14.925406455993652,-1.776149034500122,-7.841126918792725,-11.091917037963867,0.9199084639549255,-3.126751184463501,-0.3416462540626526,6.251252174377441,-4.135779857635498,-2.29888916015625,3.9826669692993164,-2.5733706951141357,0.9985401034355164
5_george_14.wav,0.23605206608772278,0.06099642440676689,1147.1829708365458,914.9330910254771,2127.8204666940787,0.05283717105263158,-347.9617004394531,174.5142364501953,-88.77497863769531,-1.5968669652938843,26.961605072021484,-51.64889144897461,-24.487262725830078,-17.587331771850586,-40.1392936706543,-2.680546283721924,-8.774319648742676,-31.846694946289062,-1.346360206604004,-9.923279762268066,-31.841299057006836,-6.159178256988525,-6.882892608642578,-19.77496910095215,-3.553664445877075,-8.150168418884277,-14.791916847229004,-2.4771640300750732,-11.652984619140625,-15.237325668334961,-0.2979373335838318,-6.148748397827148,-9.594136238098145,0.18889617919921875,-5.237862586975098,-6.9117584228515625
5_lucas_11.wav,0.5115998983383179,0.04282766953110695,1382.45338076294,945.8868289467206,2401.6946726831898,0.10599070581896551,-409.6758117675781,146.56906127929688,-54.066993713378906,4.582027435302734,37.418670654296875,-20.1702880859375,-1.9460183382034302,15.861871719360352,-10.281447410583496,3.0612189769744873,14.985233306884766,-0.5709121227264404,2.458059310913086,2.2435662746429443,-4.576503276824951,3.551591396331787,-1.7783712148666382,-8.974151611328125,3.533132791519165,1.0587996244430542,-8.815003395080566,-0.3606051206588745,1.2990009784698486,-3.527036666870117,0.7780005931854248,-1.3927819728851318,-4.172412872314453,1.174381136894226,-1.0551886558532715,-3.336982250213623
1_lucas_13.wav,0.44425198435783386,0.017259810119867325,1000.7788491858817,1024.2195492282865,2364.450743140244,0.05999904725609756,-543.5555419921875,106.72051239013672,9.265819549560547,32.2707405090332,26.31367301940918,-13.76756763458252,3.641451597213745,12.160544395446777,-13.066567420959473,-8.902568817138672,3.167506456375122,-3.9417195320129395,-6.448416233062744,-5.862507343292236,-5.138630390167236,-1.901615023612976,-6.799304485321045,-7.849313735961914,-0.35202285647392273,-3.4732818603515625,-8.501689910888672,-4.619104862213135,-4.427980899810791,-5.219710350036621,-2.932729959487915,-5.088029861450195,-5.7148942947387695,-3.0439369678497314,-3.8055830001831055,-2.6975975036621094
5_george_44.wav,0.40586361289024353,0.09069344401359558,1515.3519883661218,998.941532229506,2804.69970703125,0.102386474609375,-287.69683837890625,198.2554931640625,-129.3946533203125,-11.756409645080566,18.69129180908203,-64.13595581054688,-9.713449478149414,-15.470678329467773,-51.49110412597656,7.450999736785889,-3.1257987022399902,-37.45043182373047,1.921834945678711,-12.020566940307617,-37.85075378417969,-4.170295715332031,-6.652890682220459,-16.528995513916016,3.6039986610412598,-9.671546936035156,-15.8981351852417,0.16339945793151855,-12.694955825805664,-11.201926231384277,5.793257713317871,-7.2588300704956055,-9.460247039794922,0.273756206035614,-9.983160972595215,-8.286957740783691
2_theo_20.wav,0.3142796754837036,0.03949583321809769,1178.3404524882117,903.3638476711662,2101.5060424804688,0.076324462890625,-400.43072509765625,163.08413696289062,-49.41474914550781,18.413196563720703,30.24610137939453,-32.12623977661133,-4.7267303466796875,-6.4345855712890625,-31.081623077392578,-7.984857559204102,-18.369140625,-24.977489471435547,5.380751132965088,-8.756547927856445,-17.92135238647461,8.580170631408691,-2.9722981452941895,-11.709207534790039,5.561867713928223,-8.307997703552246,-15.775250434875488,-1.9983935356140137,-11.146613121032715,-11.433944702148438,0.20641744136810303,-10.871543884277344,-12.486968994140625,-2.969109535217285,-7.857687473297119,-2.3983287811279297
8_george_40.wav,0.29441288113594055,0.05454406887292862,1714.4457535710383,1137.9916193678366,3068.4814453125,0.1097412109375,-373.87030029296875,139.37814331054688,-85.21405029296875,36.356258392333984,36.3571891784668,-62.81612014770508,-22.896961212158203,-23.220848083496094,-47.429832458496094,-1.325168490409851,-22.130340576171875,-43.87403869628906,6.459758758544922,-9.10802173614502,-37.63373565673828,-0.2601376473903656,-0.48136845231056213,-19.281322479248047,-3.873112440109253,-6.899874210357666,-11.101715087890625,-4.832663059234619,-15.688054084777832,-8.131836891174316,3.836052417755127,-9.441350936889648,-3.0457568168640137,7.68707275390625,-6.086226940155029,-2.742774724960327
9_george_42.wav,0.3548525273799896,0.05787485092878342,1601.6943848714668,1025.2453946360815,2923.8052368164062,0.10809326171875,-328.00164794921875,188.3795928955078,-124.4371566772461,5.86954402923584,36.91363525390625,-48.832191467285156,-4.313508987426758,-21.8154296875,-52.590049743652344,9.694722175598145,-14.10265827178955,-50.896705627441406,-0.5105191469192505,-9.386862754821777,-34.29119873046875,-2.814913272857666,-10.202653884887695,-22.6199951171875,-4.94822883605957,-14.332525253295898,-14.199774742126465,-4.292384147644043,-16.704391479492188,-3.1613996028900146,5.644708633422852,-19.904621124267578,-10.886569023132324,5.592106819152832,-10.917388916015625,-5.773662567138672
2_nicolas_31.wav,0.2820822298526764,0.029532037675380707,940.81695868172,1104.509795397847,2323.193359375,0.034830729166666664,-396.621826171875,205.7021484375,-58.31259536743164,45.10757064819336,43.38866424560547,-29.79292869567871,27.64885139465332,6.529540061950684,-39.64979934692383,3.640589475631714,-9.515469551086426,-31.048667907714844,4.4909987449646,-7.16622257232666,-16.981548309326172,11.373075485229492,-0.8670156002044678,-7.53267765045166,10.595348358154297,-2.1681807041168213,-4.94475793838501,4.733175277709961,-8.004714012145996,-2.1511735916137695,9.062315940856934,-3.218998908996582,-1.942525863647461,0.23750287294387817,-9.736856460571289,-2.123753786087036
7_nicolas_38.wav,0.3887825012207031,0.03996118903160095,1165.800842551425,1125.1890528094978,2617.6300048828125,0.055206298828125,-345.80474853515625,191.05584716796875,-56.36661148071289,34.713890075683594,36.57535171508789,-40.36853790283203,4.0736775398254395,-2.479140281677246,-35.411827087402344,10.512075424194336,3.768212080001831,-23.630481719970703,7.674066543579102,5.805736541748047,-8.448925018310547,6.292203903198242,-4.4888763427734375,-7.370249271392822,6.191400527954102,-8.856200218200684,-8.757736206054688,4.708385944366455,-6.291802883148193,-1.5142849683761597,8.045944213867188,-4.658429145812988,0.07358452677726746,6.374327659606934,-6.01469612121582,-1.7085976600646973
6_yweweler_39.wav,0.32695576548576355,0.005591122899204493,1628.2399984245067,1011.7876149684238,2774.1943359375,0.11188151041666666,-575.1405029296875,146.51397705078125,-71.81502532958984,26.269207000732422,42.83893966674805,-38.847145080566406,-5.172660827636719,1.9388178586959839,-29.094135284423828,4.176916122436523,0.4398159682750702,-25.655649185180664,4.059521675109863,8.120498657226562,-9.563671112060547,3.9682397842407227,1.9228805303573608,-3.5401525497436523,7.104912757873535,-4.778159141540527,-9.454957008361816,4.926634788513184,-3.2809739112854004,-8.345946311950684,1.7684468030929565,-3.3388216495513916,-4.765945911407471,1.8975145816802979,-3.546095371246338,-4.94915771484375
4_george_37.wav,0.25680795311927795,0.06147828325629234,1005.5925239456503,849.7367825556115,1910.4736328125,0.05018446180555555,-359.9183654785156,158.19143676757812,-58.63222885131836,-11.589969635009766,15.395954132080078,-37.90703582763672,-21.298166275024414,-14.268927574157715,-38.98726272583008,-24.291446685791016,-19.7695369720459,-25.009204864501953,-6.099326133728027,-10.767508506774902,-21.11612892150879,-5.1948041915893555,-7.379425048828125,-16.76123809814453,-8.365796089172363,-10.740368843078613,-13.221776008605957,-5.517216205596924,-8.821745872497559,-8.048652648925781,-1.571652889251709,-6.134820938110352,-2.961750030517578,2.8364715576171875,-4.14597749710083,-0.7939801812171936
7_nicolas_33.wav,0.3840477764606476,0.039892785251140594,1107.078659895205,1099.2376798092093,2540.2001953125,0.05634765625,-345.97076416015625,196.91937255859375,-55.29261779785156,33.5646858215332,36.68954086303711,-41.00628662109375,2.6418917179107666,-4.150506973266602,-33.627525329589844,12.374566078186035,-0.6590394973754883,-26.57349967956543,10.328288078308105,4.648105144500732,-11.028138160705566,8.808550834655762,-4.505245685577393,-11.454007148742676,4.765243053436279,-10.227182388305664,-10.640273094177246,6.953119277954102,-4.620069980621338,-4.147894382476807,6.61934757232666,-4.345853328704834,-1.441988468170166,5.104198932647705,-5.702343463897705,-2.0848968029022217
1_george_19.wav,0.2514618933200836,0.03947684168815613,938.9544744937389,795.680941676793,1628.6931818181818,0.04256924715909091,-392.4594421386719,195.6641082763672,-73.31851196289062,-13.915009498596191,14.003203392028809,-45.10475158691406,-14.95131778717041,-12.3455228805542,-37.33106994628906,-3.6892707347869873,-7.532780647277832,-30.17732048034668,-5.900424480438232,-12.291421890258789,-30.890522003173828,-10.885622024536133,-11.360478401184082,-20.938695907592773,-7.777679920196533,-9.0137357711792,-11.559295654296875,-6.351179122924805,-15.644205093383789,-11.18486213684082,-0.30280801653862,-12.665124893188477,-11.690596580505371,1.8461579084396362,-5.249147891998291,-7.731712341308594
4_jackson_15.wav,0.3713158667087555,0.06355468928813934,802.9517339146128,691.6860281519296,1350.1318359375,0.0579833984375,-383.1752014160156,210.5252227783203,10.559203147888184,-21.47148895263672,-15.618528366088867,-28.35066795349121,-17.67658805847168,-18.18313217163086,-17.502172470092773,-1.553426742553711,-11.386106491088867,-16.832937240600586,-0.19020190834999084,-6.876866817474365,-11.640336990356445,2.7865583896636963,-4.591386795043945,-10.836355209350586,0.6676011681556702,-7.128785610198975,-13.883587837219238,-2.0563714504241943,-5.858468532562256,-13.994668960571289,-8.459400177001953,-8.253993034362793,-7.083917140960693,-2.4862236976623535,-7.074625492095947,-4.932476997375488
4_jackson_28.wav,0.24378837645053864,0.07654145359992981,667.6389937021114,606.0466516798135,1133.056640625,0.03715587797619048,-366.9668273925781,208.9544677734375,23.057228088378906,-21.212656021118164,-12.692802429199219,-18.454666137695312,-17.576858520507812,-15.923900604248047,-7.175180912017822,-1.0428075790405273,-17.44039535522461,-17.54054832458496,-1.0492335557937622,-8.674311637878418,-11.721940994262695,2.1503653526306152,-3.6655070781707764,-12.017827987670898,-6.240638256072998,-8.301910400390625,-9.47940731048584,-5.61167049407959,-10.957317352294922,-11.555167198181152,-7.4860405921936035,-11.280479431152344,-8.359637260437012,-3.3294739723205566,-8.017731666564941,-4.651941776275635
9_nicolas_33.wav,0.35880476236343384,0.0426131971180439,997.2158107408451,971.6240725383403,2061.520867598684,0.05926192434210526,-353.3955993652344,223.6714630126953,-70.8412094116211,19.386856079101562,37.04568099975586,-32.35300827026367,12.965357780456543,-0.899836003780365,-37.52803039550781,11.839570999145508,4.750064849853516,-23.506563186645508,6.7890944480896,-1.5470551252365112,-14.467142105102539,10.809272766113281,-1.1721553802490234,-11.451764106750488,5.8103837966918945,-6.176723480224609,-9.407920837402344,5.3476715087890625,-5.814155578613281,-5.606961727142334,6.112473964691162,-2.931110382080078,-0.5767043232917786,5.172123908996582,-5.367893695831299,-2.052532911300659
3_nicolas_44.wav,0.4272523522377014,0.017123393714427948,1311.6324201723428,1219.1818694017545,2947.564227764423,0.06824669471153846,-398.7055969238281,201.80921936035156,-83.37802124023438,39.26991271972656,42.96437454223633,-37.19966506958008,20.625328063964844,7.25048828125,-31.559288024902344,18.768123626708984,5.635921955108643,-19.15019989013672,13.828857421875,-1.7979521751403809,-10.722991943359375,15.716716766357422,-5.391751766204834,-11.347716331481934,10.385774612426758,-6.233623027801514,-7.983069896697998,4.412012100219727,-10.84963321685791,-5.6300272941589355,4.447787761688232,-8.42575740814209,-0.9745603203773499,4.8619890213012695,-6.494043350219727,1.3667577505111694
7_lucas_17.wav,0.5385100841522217,0.030551200732588768,1233.653466714803,998.595898580501,2503.4689198369565,0.08776324728260869,-404.52886962890625,182.1017303466797,-51.686275482177734,26.09345245361328,48.88332748413086,-31.09158706665039,-4.922329902648926,9.49729061126709,-29.03667640686035,-8.614459991455078,10.184416770935059,-5.843080520629883,-3.5195395946502686,-3.08141827583313,-2.5099854469299316,5.974370002746582,-7.81514310836792,-12.489831924438477,2.815746784210205,-3.278618812561035,-9.870901107788086,-3.2340316772460938,-8.34858512878418,-8.487704277038574,-1.3823461532592773,-5.276443958282471,-4.35432767868042,-2.164994716644287,-7.8924560546875,-3.1814894676208496
6_theo_41.wav,0.3741854131221771,0.003367614932358265,1882.2292153277192,1081.1791289498271,3058.2275390625,0.16692243303571427,-582.0827026367188,166.20358276367188,-91.5072021484375,34.44247817993164,39.15916442871094,-47.31504821777344,11.419837951660156,9.12791919708252,-30.862985610961914,9.503216743469238,-3.299772262573242,-25.499906539916992,10.168993949890137,1.3783899545669556,-8.216187477111816,13.053339004516602,-5.9003825187683105,-9.017125129699707,9.582847595214844,-9.94296646118164,-7.4405517578125,10.46348762512207,-9.58292007446289,-10.920440673828125,2.9633662700653076,-6.010837078094482,0.19700877368450165,6.03717565536499,-7.141726016998291,-1.307237148284912
3_lucas_13.wav,0.4718208312988281,0.04177355766296387,1321.0804785994317,1016.1739065932106,2476.8077503551135,0.09872159090909091,-381.1457824707031,172.5043487548828,-57.035972595214844,19.802221298217773,55.979087829589844,-23.788745880126953,-10.507673263549805,9.97015380859375,-17.96773910522461,0.4186451733112335,10.544905662536621,-13.869107246398926,-3.6585450172424316,6.262300491333008,-5.512347221374512,1.0141830444335938,2.7010858058929443,-5.9289870262146,0.8188308477401733,0.4378114938735962,-5.589136123657227,1.331977367401123,-0.6491111516952515,-7.179426193237305,-1.690481185913086,-1.9613994359970093,-5.524731159210205,-1.9963927268981934,-3.703012704849243,-5.6512250900268555
9_nicolas_6.wav,0.3474876284599304,0.048089124262332916,1030.6669638946587,994.5728564888005,2122.9780717329545,0.056463068181818184,-350.2849426269531,222.14427185058594,-73.64071655273438,19.546581268310547,38.050758361816406,-34.71133041381836,9.466750144958496,0.8380419015884399,-32.938209533691406,15.601561546325684,6.52617073059082,-25.402931213378906,5.205636501312256,-0.7271947860717773,-15.836600303649902,8.479320526123047,-0.7194594740867615,-10.627671241760254,5.976439952850342,-4.424331188201904,-7.672572135925293,4.857901573181152,-6.429619312286377,-4.6624531745910645,6.9140119552612305,-4.320985794067383,-3.6501266956329346,3.310885429382324,-4.003904342651367,1.149276614189148
5_nicolas_21.wav,0.3489017188549042,0.03668475151062012,1101.613566341216,1006.7541965337372,2219.35546875,0.06490885416666667,-350.2330627441406,241.7112579345703,-82.4020767211914,16.72783088684082,19.418262481689453,-51.56789779663086,21.527332305908203,10.875321388244629,-35.84433364868164,12.165173530578613,0.8098117709159851,-24.961885452270508,12.570943832397461,0.8853980898857117,-16.477941513061523,8.573664665222168,-1.4641742706298828,-6.482884883880615,10.02649211883545,-5.543152332305908,-8.124944686889648,1.7932101488113403,-12.05659008026123,-5.310216426849365,6.878167152404785,-4.340995788574219,0.7979795336723328,6.214085578918457,-3.6954007148742676,2.3063743114471436
9_nicolas_48.wav,0.38063058257102966,0.04536914825439453,1006.176340073364,956.0501328697931,2063.387522977941,0.05908203125,-347.32318115234375,233.92327880859375,-75.73114013671875,16.760059356689453,40.872196197509766,-30.314786911010742,10.151108741760254,-3.2156097888946533,-36.26897430419922,12.826236724853516,5.542569160461426,-20.742046356201172,6.17214298248291,-5.359986782073975,-14.568733215332031,9.694454193115234,-5.533182621002197,-11.356864929199219,5.778170585632324,-9.339141845703125,-7.183932781219482,7.775775909423828,-8.799125671386719,-4.716497421264648,8.826396942138672,-6.3076581954956055,-3.460683822631836,5.871283531188965,-5.7820820808410645,-2.004718780517578
1_george_37.wav,0.3265306055545807,0.018604636192321777,1121.7975314291282,1030.082767209392,2047.0001220703125,0.05316162109375,-413.84112548828125,205.464111328125,-84.45259094238281,-1.027205467224121,30.962955474853516,-28.20446014404297,-5.116301536560059,-12.439352989196777,-34.4007568359375,0.7309579849243164,-11.849161148071289,-32.56006622314453,-2.928072690963745,-9.534685134887695,-20.00144386291504,2.7171266078948975,-11.411027908325195,-25.27438735961914,-4.72329044342041,-5.174559593200684,-9.815855979919434,-3.94447922706604,-11.144871711730957,-5.543951988220215,0.20883864164352417,-15.086835861206055,-9.594615936279297,2.622823715209961,-6.674098014831543,-2.0860495567321777
7_nicolas_16.wav,0.294116735458374,0.043772801756858826,924.6658252311939,987.3281119079471,2086.029052734375,0.046101888020833336,-343.5505676269531,220.03277587890625,-59.394596099853516,33.97018051147461,42.31181716918945,-39.707847595214844,1.9663459062576294,-7.477427959442139,-38.528778076171875,10.16550064086914,-0.21128308773040771,-27.059432983398438,6.304142475128174,3.2892963886260986,-6.92239236831665,7.802490711212158,-9.398835182189941,-9.181381225585938,8.833224296569824,-10.21633243560791,-10.543000221252441,5.265135288238525,-7.322416305541992,-2.5517776012420654,7.358697414398193,-7.581437587738037,-2.4565534591674805,6.45820951461792,-5.515666961669922,-2.445911407470703
5_jackson_7.wav,0.3245324492454529,0.06990369409322739,1017.8878826222989,902.0018753529475,1998.7879136029412,0.06008731617647059,-296.8371887207031,228.61651611328125,-72.85081481933594,-0.4707098603248596,12.993914604187012,-59.24495315551758,-11.798343658447266,-4.335757255554199,-36.811187744140625,-0.252780020236969,1.719386100769043,-15.857586860656738,4.027880668640137,-13.090766906738281,-22.978116989135742,6.0304274559021,-8.156946182250977,-20.240619659423828,4.0701375007629395,-4.529788017272949,-14.308944702148438,1.4959759712219238,-5.940426349639893,-12.151208877563477,-3.137127637863159,-10.476058006286621,-11.632791519165039,-5.003907203674316,-10.51693058013916,-6.362857818603516
1_yweweler_39.wav,0.3485548794269562,0.01134289987385273,846.9909802515812,786.774090959102,1461.38671875,0.04921875,-535.2886962890625,222.72549438476562,-43.45170211791992,-0.6608558893203735,3.6039483547210693,-45.348106384277344,11.27884292602539,7.086535930633545,-37.65028762817383,1.337967038154602,7.40754508972168,-20.032100677490234,0.8184070587158203,-1.5638699531555176,-18.088571548461914,-0.7005035877227783,-4.871194839477539,-15.407439231872559,-2.5164802074432373,-7.59427547454834,-12.189401626586914,-1.733624815940857,-7.99074125289917,-10.74791145324707,-5.2085723876953125,-11.570499420166016,-6.6329193115234375,2.020301342010498,-5.309854030609131,-3.335156202316284
8_jackson_14.wav,0.33804428577423096,0.04804735630750656,1128.4952215857252,1129.2815528649107,2555.0491333007812,0.049346923828125,-369.787109375,173.71847534179688,-33.34122848510742,68.06495666503906,39.08837127685547,-77.33294677734375,-25.919261932373047,10.030282974243164,-27.42931365966797,-17.6614933013916,-16.036502838134766,-24.239810943603516,-4.180229187011719,-10.93915843963623,-14.959257125854492,6.5813307762146,-0.7322566509246826,-8.156028747558594,0.5389847755432129,-9.623820304870605,-12.08137321472168,-5.856954097747803,-10.966485977172852,-2.7726783752441406,-1.6712853908538818,-17.535253524780273,-9.610980987548828,-2.84578800201416,-14.794244766235352,-7.571522235870361
9_jackson_28.wav,0.38396215438842773,0.042016930878162384,679.0830852317245,737.9662835894486,1191.9026692708333,0.03965928819444445,-380.7552185058594,244.09005737304688,-32.3682746887207,16.507225036621094,35.79228591918945,-27.373416900634766,-6.878692150115967,-5.628752708435059,-20.536474227905273,11.773049354553223,-2.1932928562164307,-26.450538635253906,1.4767478704452515,1.1827178001403809,-13.642931938171387,-3.5952417850494385,-12.427313804626465,-12.801407814025879,4.518218040466309,-6.608280658721924,-10.747142791748047,-0.9706164002418518,-13.708093643188477,-12.159172058105469,0.4275035560131073,-11.679512023925781,-10.893927574157715,0.9611874222755432,-6.856247425079346,-3.2001209259033203
4_jackson_46.wav,0.3213226795196533,0.0923946425318718,838.632650643304,799.7301634154497,1385.1466966711957,0.048276154891304345,-319.1708068847656,206.3580780029297,-14.291424751281738,-9.907356262207031,-2.9463236331939697,-28.835346221923828,-1.0043504238128662,-4.516489028930664,-22.52681541442871,-5.167636871337891,-13.456067085266113,-17.161300659179688,5.108760833740234,-8.029809951782227,-14.18268871307373,7.45326566696167,-5.188694953918457,-15.055706977844238,-0.3518831431865692,-15.057904243469238,-25.965787887573242,-8.523234367370605,-9.830499649047852,-13.656813621520996,-2.7686359882354736,-7.2128005027771,-10.962996482849121,-3.3227083683013916,-6.143285274505615,-6.834224700927734
8_yweweler_6.wav,0.385593056678772,0.006578399334102869,1455.3678374798185,1136.0024901027748,2815.46630859375,0.0849609375,-544.4213256835938,204.71324157714844,-78.76018524169922,48.45650863647461,50.355838775634766,-64.53271484375,-5.329652309417725,12.16715145111084,-36.099002838134766,-3.0492756366729736,-4.100832462310791,-22.19110107421875,12.17398452758789,-0.12226486206054688,-16.677412033081055,11.115604400634766,0.3958158493041992,-8.229453086853027,11.071581840515137,-2.5993053913116455,-4.255685806274414,9.63184642791748,-9.069267272949219,-6.602123737335205,8.090089797973633,-11.490551948547363,-9.700212478637695,5.869054794311523,-8.326441764831543,-7.7078118324279785
2_george_32.wav,0.27532368898391724,0.02975386567413807,703.321127303184,805.7509751863142,1316.8381911057693,0.028883713942307692,-436.4639892578125,182.37738037109375,-30.907447814941406,14.973639488220215,14.491536140441895,-45.84585189819336,-8.686634063720703,-1.6843628883361816,-33.22189712524414,-13.60465145111084,-18.628215789794922,-37.90521240234375,-16.63456153869629,-17.164531707763672,-24.673545837402344,-3.1472904682159424,-4.922691822052002,-14.24020004272461,-3.0897958278656006,-8.835790634155273,-18.04247283935547,-12.465821266174316,-12.207808494567871,-6.461909294128418,0.2771073877811432,-6.062805652618408,-3.6167919635772705,-0.4599663019180298,-7.980684757232666,-3.379966974258423
5_george_22.wav,0.360192209482193,0.08061714470386505,1491.4427195182968,968.7881924548335,2705.64697265625,0.09658203125,-308.93597412109375,177.36953735351562,-120.26286315917969,-3.265399932861328,25.089529037475586,-60.40886306762695,-11.317214012145996,-9.552002906799316,-45.955196380615234,-1.343138337135315,-10.155234336853027,-34.91349792480469,2.01710844039917,-11.59471607208252,-32.2375602722168,-2.2953414916992188,-11.226256370544434,-21.043407440185547,2.0413990020751953,-11.230122566223145,-19.843799591064453,-1.6872307062149048,-10.907110214233398,-13.420181274414062,0.3142799735069275,-7.7840728759765625,-8.616153717041016,-2.010096549987793,-8.885255813598633,-4.158835411071777
3_george_32.wav,0.2528550624847412,0.03569207713007927,1468.8932977813122,1177.8191224687218,2883.14208984375,0.07418387276785714,-410.75927734375,159.2233123779297,-91.1043472290039,44.80412673950195,53.35441207885742,-48.460777282714844,-10.189763069152832,-11.974679946899414,-45.860721588134766,-3.7012336254119873,-17.635025024414062,-41.951053619384766,0.0950508788228035,-9.198498725891113,-30.512731552124023,-1.7814873456954956,-10.385246276855469,-23.683242797851562,-2.763017177581787,-11.851234436035156,-18.402263641357422,-2.163121461868286,-12.504735946655273,-15.822738647460938,-2.2694308757781982,-9.75178337097168,-8.764294624328613,0.7387190461158752,-8.76766300201416,-8.121061325073242
0_yweweler_25.wav,0.29651570320129395,0.009426578879356384,1008.8832713952063,890.7802148032744,1958.8881548713234,0.05020680147058824,-512.97021484375,200.4877471923828,-49.575347900390625,16.406692504882812,30.623355865478516,-40.95072937011719,-1.7763692140579224,11.410698890686035,-25.13899803161621,-5.906681537628174,-7.252996444702148,-24.06485939025879,2.382316827774048,-0.0775587409734726,-18.732681274414062,-1.110486388206482,2.0035622119903564,-6.43317985534668,0.8308693170547485,-3.8334426879882812,-6.7517290115356445,-1.5655802488327026,-9.285666465759277,-6.8180036544799805,0.10637247562408447,-9.779647827148438,-7.594514846801758,-0.26579877734184265,-8.219011306762695,-5.322481155395508
0_lucas_24.wav,0.4757903516292572,0.02583077922463417,1343.7562011991158,993.047636397395,2476.0679732921512,0.11391715116279069,-498.0101318359375,120.00540161132812,-18.095762252807617,9.596081733703613,23.076608657836914,-14.030839920043945,-2.745176076889038,2.8949387073516846,-14.070329666137695,-2.982882022857666,-0.4512166380882263,-11.033354759216309,1.4062960147857666,5.304766654968262,-6.33038330078125,-3.513225555419922,-0.3286730647087097,-2.9885406494140625,-0.8321564197540283,-2.942246675491333,-4.081505298614502,-0.2895033359527588,-3.4224977493286133,-3.688047170639038,2.040910243988037,-0.7602728009223938,-3.4239842891693115,-0.05799093842506409,-1.146207332611084,-1.3763492107391357
7_george_27.wav,0.2954780161380768,0.05225754901766777,1555.2327226239202,1039.7762702594252,2856.73828125,0.1065673828125,-363.7230224609375,150.44256591796875,-88.92947387695312,15.612166404724121,29.414535522460938,-48.02226638793945,-13.805277824401855,-28.166397094726562,-48.473236083984375,12.282272338867188,-5.81643533706665,-44.109375,-2.2470874786376953,-2.626753091812134,-25.796457290649414,-6.20858907699585,-12.569682121276855,-20.241634368896484,-4.281913757324219,-15.041478157043457,-17.445302963256836,-5.070761680603027,-15.074069023132324,-10.367114067077637,-2.1506636142730713,-16.113576889038086,-5.902656555175781,5.325534820556641,-12.835060119628906,-9.086084365844727
2_lucas_43.wav,0.42184895277023315,0.04328809678554535,1083.0118227260748,859.8507330602251,2124.4204872532896,0.07442434210526316,-385.99945068359375,188.79901123046875,-48.73939895629883,19.765172958374023,58.99470138549805,-19.568082809448242,-16.629404067993164,1.0526903867721558,-19.764245986938477,-2.142594575881958,5.450860977172852,-16.880355834960938,-11.833395004272461,-4.92176628112793,-6.501307487487793,3.221043348312378,-3.308309316635132,-11.775235176086426,-0.19939903914928436,-2.5209801197052,-10.462689399719238,-3.349501371383667,-5.718707084655762,-8.882302284240723,-0.0006194742163643241,-3.5393495559692383,-9.474117279052734,-2.1341686248779297,-2.6600983142852783,-7.373507976531982
2_george_18.wav,0.20881137251853943,0.040315497666597366,767.0927387880797,807.0074434591838,1468.44482421875,0.029812282986111112,-425.4347229003906,169.68841552734375,-42.09884262084961,3.223524808883667,14.61771297454834,-39.90824890136719,-9.724071502685547,-4.46065092086792,-35.69667434692383,-17.799055099487305,-19.18109130859375,-34.56437301635742,-11.926375389099121,-11.885795593261719,-23.921241760253906,-6.864316940307617,-9.420876502990723,-22.02483558654785,-10.785433769226074,-7.577919960021973,-8.521005630493164,-2.59801983833313,-10.735957145690918,-14.568989753723145,-8.17624282836914,-12.655988693237305,-12.326139450073242,-6.526117324829102,-9.369162559509277,-4.951776504516602
9_theo_14.wav,0.25944361090660095,0.0054696244187653065,865.1190238422312,898.0876535156049,1760.0560238486842,0.035978618421052634,-575.5760498046875,209.92332458496094,-61.582916259765625,19.758249282836914,43.055580139160156,-35.31315612792969,-4.0261993408203125,7.1243672370910645,-18.214040756225586,9.853126525878906,4.637537956237793,-17.75618553161621,0.6026164889335632,-2.2034108638763428,-8.111281394958496,0.6598412394523621,-19.282325744628906,-20.90823745727539,-0.5667827129364014,-12.209060668945312,-12.486030578613281,3.8292582035064697,-5.847982406616211,-5.350497722625732,4.324133396148682,-8.036613464355469,-8.2911958694458,1.5465716123580933,-2.552159547805786,-0.8857685923576355
1_lucas_41.wav,0.4511287212371826,0.034325286746025085,1161.1287629513579,939.892664535956,2278.278142755682,0.08451704545454546,-490.4107971191406,130.71961975097656,-12.995198249816895,16.177947998046875,29.234649658203125,-17.117271423339844,-6.760554790496826,6.993688106536865,-14.847240447998047,-8.816200256347656,6.623692512512207,-2.3520519733428955,-7.376646041870117,-2.382066011428833,0.7825712561607361,-1.0086795091629028,-8.046758651733398,-6.568974494934082,-0.026071591302752495,-3.5758845806121826,-5.776095390319824,-4.919066429138184,-8.377697944641113,-3.9397056102752686,-0.9632169604301453,-10.900223731994629,-10.087581634521484,-0.707360565662384,-3.7196133136749268,-4.693929195404053
3_yweweler_18.wav,0.3790734112262726,0.009625168517231941,1044.166548108796,914.6744646779624,2205.8074951171875,0.056121826171875,-544.458251953125,183.91354370117188,-50.614105224609375,12.38853645324707,38.636329650878906,-26.291664123535156,-1.4017913341522217,5.119345188140869,-32.42738342285156,-13.819944381713867,-6.798450469970703,-24.296939849853516,-6.002676486968994,-1.2614398002624512,-12.323393821716309,-0.4170643091201782,-0.9644683599472046,-5.6638946533203125,6.935103416442871,1.6542110443115234,-8.3359375,-2.8264925479888916,-6.608834266662598,-8.729044914245605,-2.3707025051116943,-6.905916690826416,-6.214365005493164,0.14972546696662903,-6.111948013305664,-5.912343978881836
8_jackson_15.wav,0.3265734016895294,0.0607622005045414,1127.94119081654,1108.198072559453,2494.051585477941,0.05658318014705882,-358.887451171875,163.1326141357422,-29.50826644897461,55.22269821166992,36.79179763793945,-69.3976821899414,-28.91768455505371,8.628043174743652,-23.823352813720703,-21.450698852539062,-18.309459686279297,-20.127456665039062,-2.3130557537078857,-8.945435523986816,-11.36741828918457,7.290050029754639,0.3708716034889221,-5.865527153015137,0.9542676210403442,-7.261342525482178,-6.7794060707092285,-4.452777862548828,-15.393967628479004,-5.340576648712158,1.3950132131576538,-16.99541473388672,-12.736410140991211,0.5977731943130493,-8.949817657470703,-9.771693229675293
7_lucas_35.wav,0.49888330698013306,0.040643610060214996,1287.9495476593545,958.843220250838,2336.3525390625,0.0952880859375,-382.8370666503906,183.50527954101562,-54.776039123535156,18.73955535888672,47.800621032714844,-30.467031478881836,-7.375802516937256,13.157447814941406,-22.944332122802734,-7.511634826660156,13.55639934539795,-1.399696707725525,-4.790343284606934,-4.350146770477295,-1.3737045526504517,6.473723411560059,-5.477572917938232,-8.981085777282715,4.235506534576416,-2.8366475105285645,-9.319275856018066,-1.6682674884796143,-5.284512042999268,-5.9092936515808105,-0.31460484862327576,-5.876338481903076,-4.83798885345459,1.2198221683502197,-3.3604073524475098,-2.3010928630828857
4_nicolas_30.wav,0.3092721104621887,0.051404066383838654,814.2725881883191,918.9323712769368,1425.498046875,0.049853515625,-352.3039245605469,216.4279022216797,-24.438335418701172,44.1031494140625,14.9724702835083,-63.86543655395508,-12.307998657226562,-13.78968334197998,-37.530670166015625,12.893896102905273,6.492104530334473,-15.090484619140625,14.822665214538574,1.0206215381622314,-13.880938529968262,10.825831413269043,-0.2273019254207611,-9.627732276916504,4.942828178405762,-8.264758110046387,-11.239151000976562,2.245443820953369,-7.211991310119629,-5.829219818115234,3.0118460655212402,-5.593987464904785,-1.5048730373382568,3.557544708251953,-4.5306806564331055,1.0393694639205933
2_yweweler_18.wav,0.3247836232185364,0.0094163678586483,989.4502479650125,861.6846503041111,1904.8602764423076,0.06024639423076923,-541.5224609375,182.57595825195312,-41.55314636230469,12.691544532775879,33.70224380493164,-24.67452621459961,0.354281485080719,2.9257242679595947,-31.256664276123047,-11.187456130981445,-7.086730480194092,-20.849660873413086,0.5824822783470154,-0.7123235464096069,-13.467302322387695,2.883455991744995,-0.49739977717399597,-8.17289924621582,8.842470169067383,3.874460458755493,-6.564829349517822,5.868972301483154,0.9658348560333252,-11.678498268127441,-5.991640090942383,-7.3095831871032715,-11.376651763916016,-5.255788803100586,-5.37929630279541,-5.379927635192871
9_jackson_17.wav,0.30788499116897583,0.059885911643505096,783.8108904605336,819.1428196555152,1409.912109375,0.03952752976190476,-333.8567199707031,228.9407501220703,-41.00696563720703,10.48015022277832,17.095382690429688,-46.70003128051758,-3.4201300144195557,1.0481771230697632,-31.332035064697266,2.692117691040039,-1.52322518825531,-29.706647872924805,-0.8009698987007141,5.43574857711792,-14.353541374206543,-5.7339982986450195,-4.762828826904297,-7.890702724456787,-2.7867164611816406,-12.515334129333496,-10.574170112609863,-2.3778727054595947,-15.480265617370605,-13.181191444396973,-3.2817542552948,-16.212154388427734,-14.361355781555176,-1.4061466455459595,-8.201064109802246,-7.626872539520264
9_george_34.wav,0.31505587697029114,0.04173542186617851,1499.4730028167187,1094.9773518151505,2877.8492647058824,0.08475988051470588,-363.302001953125,187.59754943847656,-118.7376937866211,13.900137901306152,35.9752082824707,-51.29711151123047,-3.62663197517395,-13.673615455627441,-45.7291374206543,7.367321491241455,-12.882570266723633,-42.010555267333984,1.5358037948608398,-13.63994312286377,-32.242027282714844,3.33882737159729,-9.047261238098145,-23.87544822692871,-2.606947422027588,-11.781494140625,-14.56257438659668,-3.547903060913086,-15.881604194641113,-6.045261383056641,4.538220405578613,-15.699849128723145,-8.776668548583984,1.5829554796218872,-15.936087608337402,-8.843807220458984
6_lucas_28.wav,0.5450684428215027,0.021872179582715034,1656.9298432968492,1015.3946007428417,2825.7435191761365,0.14490855823863635,-418.8316345214844,171.60975646972656,-76.71546173095703,36.22568893432617,53.014156341552734,-42.96614074707031,-0.4908880889415741,12.812122344970703,-29.73260498046875,-0.3282147943973541,3.3797590732574463,-19.898784637451172,2.2778353691101074,1.123633623123169,-9.460902214050293,6.711884021759033,-3.76666259765625,-9.75027084350586,6.8977861404418945,-4.965035438537598,-11.016765594482422,2.733752965927124,-4.713100910186768,-5.9409637451171875,2.609290599822998,-6.025337219238281,-3.567042350769043,3.7932450771331787,-5.8427934646606445,-4.555681228637695
0_nicolas_28.wav,0.29251983761787415,0.04560016468167305,915.0842236860625,1071.7815482400908,2204.706365411932,0.04416725852272727,-366.76190185546875,190.40420532226562,-42.44549560546875,45.14558029174805,38.87961959838867,-35.47934341430664,11.386478424072266,1.2173994779586792,-33.15050506591797,6.814661026000977,-8.221117973327637,-31.685436248779297,4.190507888793945,-1.7476750612258911,-11.977252006530762,13.53501033782959,3.156846523284912,-5.055205345153809,8.595592498779297,-4.613524913787842,-6.329355239868164,4.4755940437316895,-7.603139877319336,-4.733740329742432,3.537554979324341,-6.846930980682373,-0.6765409111976624,4.671465873718262,-6.6652302742004395,-1.243340015411377
0_nicolas_14.wav,0.363014817237854,0.05398401618003845,925.6397834848476,1033.3416550374154,2055.908203125,0.043619791666666664,-343.042236328125,196.9031982421875,-43.93992233276367,33.180423736572266,33.715850830078125,-32.139564514160156,14.580669403076172,3.0067896842956543,-36.43866729736328,-0.09120509773492813,-8.841255187988281,-27.82991600036621,8.787870407104492,4.6827311515808105,-10.033479690551758,9.03774356842041,-1.262883186340332,-7.651257514953613,8.071749687194824,-2.607160806655884,-4.826740264892578,3.837794065475464,-9.057037353515625,-3.819824695587158,6.954982757568359,-7.054316997528076,-4.023906707763672,5.321774959564209,-3.3061439990997314,0.9470853209495544
3_lucas_49.wav,0.4687294661998749,0.03010684810578823,1124.9059668360471,958.9954487189933,2339.7978515625,0.082578125,-416.1436767578125,201.6632843017578,-55.565834045410156,35.888389587402344,61.617347717285156,-36.08343505859375,-8.927469253540039,15.872572898864746,-23.74746322631836,-6.030580043792725,5.006840229034424,-17.637235641479492,-2.523043155670166,3.2493481636047363,-11.009469985961914,0.7335861325263977,2.366196632385254,-7.986220836639404,-0.7363446950912476,-0.8601551651954651,-3.946338415145874,1.0141927003860474,-5.585707187652588,-6.0233683586120605,2.0862128734588623,-6.009735584259033,-8.040669441223145,0.8072089552879333,-4.852270126342773,-7.449223518371582
7_nicolas_36.wav,0.40338030457496643,0.022268101572990417,1153.4501937168736,1139.279642115927,2668.850528492647,0.060747931985294115,-393.921630859375,203.7115020751953,-61.28010940551758,43.29112243652344,36.867061614990234,-45.05055236816406,11.811186790466309,-2.836211681365967,-41.14361572265625,10.368568420410156,-0.06584212183952332,-21.531253814697266,16.98106575012207,3.7903575897216797,-12.250397682189941,10.715524673461914,-5.1494832038879395,-10.467425346374512,8.276349067687988,-8.430001258850098,-9.232946395874023,6.066883087158203,-6.742599964141846,-2.83532977104187,6.808229923248291,-5.402095317840576,1.3671873807907104,7.658740997314453,-3.8997669219970703,1.794040322303772
6_nicolas_15.wav,0.5419105291366577,0.03743821755051613,1288.2784098872096,1189.5589995069854,2786.396484375,0.06946614583333334,-355.0881042480469,196.79322814941406,-69.63046264648438,44.52414321899414,40.65910720825195,-50.31251907348633,3.723341941833496,1.9439336061477661,-38.59601974487305,1.3453261852264404,-4.824757099151611,-23.128124237060547,10.544771194458008,-1.7616498470306396,-15.473065376281738,10.951203346252441,-0.3047157824039459,-9.22248363494873,7.931356906890869,-1.9874024391174316,-4.32357931137085,3.9072961807250977,-6.8343281745910645,1.0326124429702759,7.882090091705322,-8.204771995544434,-0.2140825092792511,9.19312572479248,-3.3692333698272705,1.6610913276672363
0_yweweler_39.wav,0.2658175528049469,0.010871071368455887,808.1430457254309,778.015012298561,1552.005615234375,0.0320556640625,-532.5193481445312,215.1307373046875,-37.92890548706055,12.916604995727539,17.684158325195312,-47.30453872680664,-3.3192858695983887,2.565049409866333,-37.62908172607422,-11.95702075958252,-8.886598587036133,-24.736682891845703,4.022244453430176,3.021698474884033,-13.652427673339844,3.4277801513671875,-1.649366021156311,-12.19505786895752,2.4527626037597656,-3.923327684402466,-10.960878372192383,0.6969965696334839,-8.127260208129883,-14.714487075805664,-4.0560383796691895,-7.929184913635254,-8.591659545898438,0.26738256216049194,-4.538359642028809,-5.40698766708374
4_george_43.wav,0.3408040404319763,0.06179201230406761,1075.684050878788,851.1707703315567,1832.4755859375,0.0685546875,-333.73944091796875,189.3900909423828,-72.02165985107422,-11.765657424926758,1.6924434900283813,-60.09035873413086,-15.833966255187988,-14.210648536682129,-50.427181243896484,-14.785009384155273,-15.897509574890137,-40.53691101074219,-8.877028465270996,-7.976962089538574,-26.69005584716797,-1.6714860200881958,1.389822244644165,-16.031227111816406,-9.133238792419434,-11.631144523620605,-16.235689163208008,-6.459444046020508,-8.012604713439941,-6.345466136932373,-0.9023147821426392,-10.858448028564453,-9.020328521728516,0.6666423678398132,-4.929983615875244,-2.32104754447937
7_yweweler_15.wav,0.37224864959716797,0.008503586985170841,1101.6695487479928,968.7640118661235,2417.10205078125,0.047572544642857144,-502.1777038574219,206.69468688964844,-68.17909240722656,15.080483436584473,37.15035629272461,-39.434837341308594,-1.3158960342407227,0.8895119428634644,-35.444583892822266,5.460094928741455,9.563821792602539,-21.605134963989258,-2.406759262084961,1.9065052270889282,-7.045823574066162,1.8992775678634644,-11.75297737121582,-11.889036178588867,6.905772686004639,-8.573954582214355,-12.442389488220215,4.905333042144775,-5.469376087188721,-5.844676494598389,6.006624698638916,-8.748616218566895,-9.848488807678223,3.355696439743042,-6.2563862800598145,-7.759058952331543
6_lucas_13.wav,0.583967924118042,0.02386692352592945,1580.0037059146252,1060.737557565455,2778.251316236413,0.13521144701086957,-414.2187805175781,153.21856689453125,-61.94516372680664,31.652694702148438,50.672096252441406,-33.416114807128906,-4.62229585647583,10.648722648620605,-19.950902938842773,3.8703019618988037,8.568694114685059,-9.462309837341309,6.862574100494385,4.4322710037231445,-6.6319804191589355,4.713232517242432,-1.389441728591919,-4.399296760559082,7.070112228393555,-2.9020862579345703,-5.243514060974121,5.216733455657959,-4.349554061889648,-5.137772560119629,4.64239501953125,-2.4533448219299316,-2.01991605758667,4.08773136138916,-3.458519220352173,-2.7122435569763184
3_george_22.wav,0.3324297368526459,0.05344433709979057,1582.350061878808,1154.8835550665194,3014.0151079963234,0.09711052389705882,-355.6747131347656,172.74090576171875,-106.47553253173828,31.162887573242188,44.3575325012207,-62.286712646484375,-15.403470993041992,-19.300809860229492,-56.27518081665039,-0.08928186446428299,-13.36794662475586,-49.975563049316406,-5.772231578826904,-8.390982627868652,-29.792863845825195,-2.4702000617980957,-10.953436851501465,-20.226911544799805,2.1847307682037354,-12.26147747039795,-21.348865509033203,-5.027157783508301,-16.375097274780273,-16.73367691040039,0.024416491389274597,-7.821238040924072,-6.537293434143066,3.4039244651794434,-5.528623104095459,-4.875741958618164
2_jackson_16.wav,0.3445838987827301,0.06595242768526077,1181.4243701245953,971.4737004949732,2032.32421875,0.07268415178571429,-333.3428955078125,187.04652404785156,-50.101993560791016,34.009639739990234,53.23393249511719,-30.848628997802734,-26.710731506347656,-23.89771270751953,-24.09903907775879,9.637859344482422,-14.696492195129395,-31.42014503479004,2.2664425373077393,-13.6025972366333,-23.244983673095703,9.677226066589355,-6.892821311950684,-18.355283737182617,13.802057266235352,1.2619812488555908,-18.08024024963379,1.3513414859771729,-4.118720531463623,-14.822969436645508,-0.9262878894805908,-6.231492042541504,-12.962985038757324,-2.353997230529785,-7.324647426605225,-11.207083702087402
3_yweweler_8.wav,0.38322383165359497,0.008380320854485035,1132.7474152027046,1062.8960006951968,2367.755126953125,0.061848958333333336,-555.2708129882812,164.24061584472656,-41.19961929321289,25.448183059692383,42.1317024230957,-27.643308639526367,-6.413913726806641,1.5605392456054688,-28.86161231994629,-12.131939888000488,-9.129685401916504,-20.571468353271484,-2.47688889503479,-4.9607014656066895,-10.617924690246582,7.562998294830322,0.21552938222885132,-7.61480188369751,8.591273307800293,1.3568181991577148,-9.562447547912598,1.4939703941345215,-0.06778236478567123,-6.163262844085693,-3.5174427032470703,-8.460850715637207,-7.586875915527344,-2.3209304809570312,-7.641768932342529,-4.4859938621521
0_theo_19.wav,0.352358877658844,0.00598544254899025,987.8270728378557,935.2501203683153,2116.9189453125,0.047642299107142856,-545.9052734375,192.67857360839844,-49.24131393432617,19.075538635253906,39.24454116821289,-26.88956642150879,-5.8013081550598145,-8.909367561340332,-28.393709182739258,2.6087076663970947,-8.333409309387207,-22.43020248413086,6.7149810791015625,-2.5294318199157715,-10.84151554107666,12.343957901000977,-1.9011942148208618,-14.798111915588379,-1.4414304494857788,-11.710321426391602,-13.911796569824219,-1.444077968597412,-10.28862190246582,-6.768843650817871,2.5935251712799072,-11.589510917663574,-10.375510215759277,0.2415018528699875,-7.191056728363037,-6.086128234863281
0_george_22.wav,0.2627904415130615,0.05772903934121132,1345.9453522428798,1009.1469161875701,2521.3423295454545,0.07113370028409091,-350.3342590332031,145.75955200195312,-82.92028045654297,24.009233474731445,39.3447265625,-43.150611877441406,-9.985594749450684,-16.492177963256836,-48.799415588378906,-9.260000228881836,-19.057682037353516,-38.595943450927734,0.714167058467865,-8.028244972229004,-27.28618049621582,0.03434965759515762,-7.272417068481445,-20.1883602142334,-2.1979801654815674,-10.965620994567871,-18.350345611572266,-6.72651481628418,-16.450428009033203,-16.627153396606445,-4.315426349639893,-11.137789726257324,-7.610095024108887,-0.4898022413253784,-10.174243927001953,-3.8777101039886475
9_nicolas_21.wav,0.3545408844947815,0.03771359845995903,983.7083777508877,934.6653043091004,2054.5209099264707,0.05227481617647059,-368.43658447265625,239.290283203125,-77.5599365234375,17.321460723876953,40.89577102661133,-33.313331604003906,12.810379981994629,1.2524995803833008,-36.39162826538086,13.468361854553223,7.351245880126953,-22.840778350830078,4.535976409912109,-3.697664976119995,-13.580029487609863,11.517361640930176,-1.9428412914276123,-9.548887252807617,7.14637565612793,-8.088374137878418,-9.46452808380127,5.100048065185547,-8.58686637878418,-5.65528678894043,6.961843490600586,-5.144132137298584,-1.92025887966156,5.873935222625732,-4.770463466644287,-1.0019067525863647
7_lucas_43.wav,0.488746702671051,0.040376387536525726,1136.768746926627,1004.0658161381656,2353.2046110733695,0.07148012907608696,-416.55255126953125,148.2255859375,-28.690017700195312,21.034893035888672,40.29365158081055,-16.416322708129883,-2.020479440689087,6.650919437408447,-21.83616828918457,-6.233466625213623,12.449031829833984,0.49970486760139465,-3.7473599910736084,-2.7861199378967285,1.1911643743515015,6.39217472076416,-3.472916603088379,-4.919939994812012,4.551480770111084,-2.4421117305755615,-6.436825275421143,0.5102400183677673,-2.989830732345581,-4.651252746582031,-0.7897127270698547,-3.730334520339966,-2.1219124794006348,0.4441068768501282,-4.697566032409668,-3.628206729888916
2_theo_21.wav,0.3276079595088959,0.05480404198169708,1240.460476242281,916.6027303054759,2174.853515625,0.08154296875,-373.408447265625,154.860107421875,-50.28251647949219,13.204099655151367,22.426815032958984,-36.90852355957031,-7.519569396972656,-6.217432498931885,-28.296072006225586,-8.16826057434082,-21.414627075195312,-25.44966697692871,8.70809268951416,-4.7190842628479,-15.951512336730957,9.081181526184082,-2.1598260402679443,-12.02574634552002,3.2529330253601074,-10.244199752807617,-16.265888214111328,-0.8149595260620117,-8.975751876831055,-11.70520305633545,-1.147329330444336,-7.484080791473389,-5.172307014465332,5.064506530761719,1.8163081407546997,6.114932060241699
3_theo_35.wav,0.3010523319244385,0.004290521144866943,995.5330326328447,977.0710548817711,2283.955078125,0.043717447916666666,-592.1632080078125,204.48719787597656,-55.31620407104492,42.07068634033203,51.67735290527344,-44.04786682128906,-5.495150089263916,9.092039108276367,-25.775903701782227,-4.1983537673950195,-10.189855575561523,-24.22601318359375,0.9829739928245544,-6.99364709854126,-10.799076080322266,10.042372703552246,-7.9575934410095215,-15.523755073547363,0.767818808555603,-12.42331600189209,-10.989179611206055,4.114099025726318,-11.607474327087402,-13.393585205078125,-2.194031238555908,-10.656149864196777,-5.371980667114258,2.7098612785339355,-6.733372211456299,-2.393052577972412
4_nicolas_24.wav,0.26932618021965027,0.06682764738798141,864.7190344966141,932.946554070178,1459.6435546875,0.04701450892857143,-333.11077880859375,203.1310272216797,-21.44842529296875,34.514034271240234,4.124557971954346,-67.2275619506836,-12.154340744018555,-7.733318328857422,-30.807598114013672,13.142361640930176,4.945163249969482,-16.682689666748047,13.306391716003418,2.1556999683380127,-13.148422241210938,10.894700050354004,1.9622440338134766,-8.17741870880127,6.199645519256592,-5.290581226348877,-11.302900314331055,-1.3831602334976196,-9.641241073608398,-5.962771892547607,4.598499774932861,-3.3607442378997803,0.5229344964027405,6.3972649574279785,-1.8074264526367188,1.8937908411026
6_theo_15.wav,0.35090240836143494,0.00406062975525856,1762.0379829329831,1069.8001409182073,3018.448414522059,0.15044806985294118,-568.61767578125,150.0414581298828,-75.08948516845703,29.804492950439453,32.55034255981445,-44.33916473388672,1.9975262880325317,-0.3510269820690155,-27.242507934570312,8.402915954589844,-6.157413005828857,-19.501811981201172,12.217280387878418,-0.2164524793624878,-4.346282958984375,13.67768383026123,-7.680683135986328,-3.846663475036621,14.070411682128906,-12.24744987487793,-12.389538764953613,5.087864875793457,-10.224327087402344,-6.0795464515686035,5.097193717956543,-6.490173816680908,-0.7929093241691589,1.9448654651641846,-8.474456787109375,2.034816026687622
2_yweweler_10.wav,0.38944774866104126,0.008561505936086178,1166.3319126288973,974.1892520505116,2249.322509765625,0.0655517578125,-532.0048217773438,190.37876892089844,-57.04469680786133,17.57758903503418,34.3571662902832,-34.21171188354492,3.5509274005889893,5.468208312988281,-31.42267608642578,-4.136738300323486,-7.198448181152344,-25.33032989501953,1.7866028547286987,-2.610196352005005,-12.955394744873047,7.804747104644775,-3.780932664871216,-10.274412155151367,12.224173545837402,-1.2272940874099731,-14.208212852478027,1.4791107177734375,-5.9183197021484375,-12.99413776397705,-1.7936105728149414,-6.793874263763428,-7.636882305145264,0.2218654900789261,-7.313592910766602,-5.907901763916016
2_jackson_39.wav,0.35075822472572327,0.050599921494722366,1161.6997611050124,1008.8503771375351,2203.385009765625,0.0736083984375,-348.1957092285156,181.1482391357422,-58.37947463989258,37.35120391845703,53.12548065185547,-34.34004211425781,-13.413122177124023,-6.680380821228027,-26.800100326538086,-3.182330369949341,-19.431201934814453,-32.47873306274414,-1.7378848791122437,-15.236413955688477,-22.959020614624023,8.055583953857422,-4.441207408905029,-16.159643173217773,4.551850318908691,-8.352746963500977,-18.93972396850586,-0.9649249911308289,-6.561716556549072,-13.160697937011719,-2.2941737174987793,-6.210272312164307,-10.954320907592773,-9.241230010986328,-11.884272575378418,-4.326674461364746
4_lucas_42.wav,0.4858402907848358,0.04578967019915581,1082.4297851763201,776.5646199283708,1705.352783203125,0.08449009486607142,-385.5393981933594,186.07583618164062,-26.9040584564209,15.659119606018066,17.97511100769043,-50.11228561401367,-9.546846389770508,19.8198299407959,-14.7733793258667,-1.8690394163131714,14.451799392700195,-5.2482781410217285,-5.436668395996094,-1.0970722436904907,-4.216682434082031,2.1337056159973145,-3.223616123199463,-8.112966537475586,0.5801271796226501,-5.833725452423096,-11.280985832214355,-1.2347742319107056,-4.466371059417725,-8.604365348815918,-0.5489858984947205,-4.054806232452393,-8.420248985290527,-1.9677451848983765,-3.032935619354248,-4.979842185974121
5_theo_42.wav,0.3506222069263458,0.005722275469452143,1244.1934929986064,881.620417412587,2075.420783547794,0.0832375919117647,-520.3141479492188,218.9183807373047,-89.2968521118164,-12.081620216369629,22.365219116210938,-39.44362258911133,2.383944272994995,8.89472484588623,-19.976213455200195,15.99161148071289,9.856161117553711,-19.683658599853516,-2.1944780349731445,-10.428245544433594,-15.713050842285156,10.132362365722656,-7.6333770751953125,-21.16738510131836,5.020392417907715,-2.3323731422424316,-14.287026405334473,3.196943759918213,-0.860138475894928,-11.133213996887207,-4.645806789398193,-4.923154830932617,-1.0147215127944946,3.6581573486328125,-3.918027639389038,-1.1028077602386475
6_george_7.wav,0.2579200863838196,0.02486816979944706,1876.0374530693673,1108.950560266443,3143.84765625,0.143798828125,-423.4372253417969,123.12203216552734,-87.88312530517578,33.98398971557617,41.92903518676758,-44.3200569152832,-6.494638442993164,-18.156063079833984,-47.14114761352539,2.2243804931640625,-18.709253311157227,-48.74934005737305,0.7799517512321472,-3.768360137939453,-31.127351760864258,-4.1651387214660645,-4.773891925811768,-17.01175880432129,-5.229333877563477,-12.570202827453613,-7.237425327301025,7.1417694091796875,-11.893784523010254,-11.648259162902832,4.934364318847656,-8.81174373626709,-9.961102485656738,2.054212808609009,-6.812326908111572,-5.642355442047119
6_yweweler_27.wav,0.3862389326095581,0.006742008030414581,1243.1965561687998,1097.3997162476476,2610.90087890625,0.06484375,-552.0768432617188,184.99810791015625,-55.2139778137207,40.83485412597656,46.74264144897461,-46.625274658203125,-5.323737144470215,8.51945972442627,-30.16461753845215,-4.051162242889404,-2.419609785079956,-20.57393455505371,2.4025745391845703,-1.7698638439178467,-11.34167194366455,6.724109649658203,-2.0506885051727295,-6.834843635559082,7.031710147857666,-3.6397953033447266,-3.082880973815918,6.860389709472656,-9.180543899536133,-6.386414527893066,5.314484596252441,-10.755455017089844,-8.080976486206055,6.092018127441406,-5.480903148651123,-6.869981288909912
8_yweweler_42.wav,0.38724207878112793,0.008220784366130829,1422.9098067520597,1134.243410966819,2817.978515625,0.09840494791666667,-533.7955322265625,179.08102416992188,-56.238059997558594,50.50162887573242,45.24773025512695,-60.665042877197266,-7.250524997711182,15.391283988952637,-30.084585189819336,-4.678434371948242,-2.316498041152954,-23.205015182495117,6.204174995422363,4.136882305145264,-14.356237411499023,6.26898193359375,3.9105353355407715,-7.840214252471924,3.809676170349121,-1.9133113622665405,-5.268888473510742,4.405037879943848,-3.314659595489502,-1.8347655534744263,4.6113996505737305,-8.08543872833252,-5.497121810913086,1.1956790685653687,-10.607504844665527,-4.879438877105713
0_theo_20.wav,0.26489782333374023,0.004502258263528347,980.9965306306356,923.1335850186808,2036.0210217927631,0.04803145559210526,-578.8212890625,224.08995056152344,-65.31262969970703,27.137601852416992,53.31975173950195,-35.023284912109375,-11.276432991027832,-6.543499946594238,-26.799882888793945,7.486213207244873,-5.308548450469971,-21.096067428588867,14.052353858947754,1.9477260112762451,-14.9500150680542,7.8436079025268555,-5.045804500579834,-16.925504684448242,-0.238729327917099,-9.891912460327148,-13.02338981628418,-0.7479785680770874,-10.67297649383545,-6.053455352783203,6.6816864013671875,-7.182281494140625,-8.919775009155273,0.10486788302659988,-5.682074069976807,-2.890775680541992
1_jackson_45.wav,0.27249929308891296,0.0639602318406105,721.749915335977,867.1958013494649,1378.5391000600962,0.034254807692307696,-372.70697021484375,213.16830444335938,-5.33043909072876,25.722816467285156,6.3020219802856445,-33.57543182373047,17.50723648071289,-6.592080116271973,-43.92564392089844,2.200521230697632,-0.5475611090660095,-22.690929412841797,3.537477731704712,-5.218639850616455,-18.769285202026367,-0.11718953400850296,-9.610727310180664,-14.612061500549316,-0.4879641830921173,-12.290079116821289,-12.881505012512207,-2.594749927520752,-16.66364288330078,-12.72404670715332,-0.35500967502593994,-14.750646591186523,-12.61489486694336,1.2426316738128662,-7.606311321258545,-9.797514915466309
7_george_33.wav,0.2896919548511505,0.04765387997031212,1366.5320194168373,1033.1160785115046,2659.3505859375,0.075439453125,-361.3621520996094,159.72471618652344,-95.53343963623047,14.022038459777832,40.8508186340332,-45.6057243347168,-24.987295150756836,-32.70685958862305,-48.24052047729492,4.053110599517822,-13.495234489440918,-41.62240219116211,2.5185863971710205,-2.0568795204162598,-25.914113998413086,-4.942904472351074,-12.281017303466797,-19.40572738647461,-2.2993335723876953,-17.0882511138916,-18.85927391052246,0.6719908714294434,-13.572330474853516,-15.083769798278809,1.2577546834945679,-12.455891609191895,-13.0477933883667,3.536813735961914,-5.3900322914123535,-8.246302604675293
0_nicolas_41.wav,0.3071760833263397,0.032646406441926956,1012.0874488916783,1184.818614233846,2267.138671875,0.04306175595238095,-384.415771484375,202.4399871826172,-47.57170867919922,44.60976791381836,31.540611267089844,-43.404117584228516,12.489439010620117,5.036087989807129,-28.251903533935547,14.503999710083008,-2.324620008468628,-26.53451919555664,7.483272075653076,-3.5250298976898193,-12.134286880493164,15.264260292053223,0.6244572401046753,-6.630107879638672,10.171995162963867,-4.571648597717285,-5.5280375480651855,5.484638214111328,-10.179224967956543,-6.899511337280273,3.68516206741333,-7.373182773590088,-1.725359559059143,4.2863664627075195,-5.360445022583008,0.9745883941650391
6_theo_27.wav,0.3627512753009796,0.023858292028307915,1796.8223742876405,1016.1269557948059,2905.3873697916665,0.15406177662037038,-429.1672668457031,123.4490737915039,-66.72647094726562,24.05040740966797,28.471128463745117,-51.33786392211914,-14.853026390075684,0.17344070971012115,-24.331031799316406,-0.344021201133728,-4.728931903839111,-15.448105812072754,12.463584899902344,4.957691192626953,-8.494152069091797,7.828398704528809,-1.0549407005310059,-9.258089065551758,0.34036770462989807,-8.524191856384277,-5.341287612915039,7.834746837615967,-1.411759376525879,0.7447704076766968,7.681075572967529,-4.5179762840271,-1.3651372194290161,6.118045806884766,-2.9194347858428955,0.43043196201324463
6_nicolas_21.wav,0.4070223867893219,0.047945842146873474,1054.584211334212,1104.0644872871803,2647.2381591796875,0.0458984375,-348.27569580078125,225.473388671875,-66.8985366821289,59.67439270019531,49.51103973388672,-56.367218017578125,2.646275043487549,-0.5560267567634583,-47.6856689453125,-4.802011013031006,-10.066978454589844,-28.169734954833984,11.881845474243164,1.1593482494354248,-18.044246673583984,9.04316520690918,3.273730516433716,-9.985979080200195,1.8910255432128906,-2.7261970043182373,-3.7233998775482178,-0.7419246435165405,-9.880308151245117,-0.7450103163719177,1.8830816745758057,-12.236225128173828,0.3759971857070923,7.978207588195801,-6.477895736694336,-0.9031780958175659
3_yweweler_36.wav,0.30910393595695496,0.012905647978186607,1193.5814707118539,1033.8245326442625,2380.2471454326924,0.052847055288461536,-502.8342590332031,167.3783416748047,-58.30961227416992,32.389347076416016,59.72953414916992,-31.901918411254883,-11.882597923278809,12.644521713256836,-22.811708450317383,-15.239747047424316,-7.0213494300842285,-18.849672317504883,-6.123917579650879,-7.510903358459473,-14.076630592346191,4.207953929901123,3.612264394760132,-4.284987926483154,6.789849281311035,3.6941869258880615,-2.8407490253448486,1.1559339761734009,-8.215293884277344,-12.76107120513916,-5.949033737182617,-10.92448616027832,-9.041271209716797,0.3171164095401764,-6.098649978637695,-7.787237167358398
1_george_26.wav,0.3164105713367462,0.04598556458950043,1208.685469751296,992.9607043338995,2313.883109714674,0.06986667798913043,-378.1796875,182.5434112548828,-87.93094635009766,-1.4420725107192993,12.12270736694336,-50.032997131347656,0.7451614737510681,-11.671272277832031,-43.56871795654297,4.826608180999756,-10.644017219543457,-37.793495178222656,-0.8189441561698914,-13.590093612670898,-32.84906768798828,-4.021366119384766,-11.960665702819824,-24.167757034301758,-5.498092174530029,-9.724309921264648,-14.362532615661621,-10.05683708190918,-17.056011199951172,-5.337286472320557,0.7571370601654053,-15.454902648925781,-7.426159858703613,-0.8944219350814819,-14.60074520111084,-5.851959228515625
2_nicolas_19.wav,0.25900858640670776,0.028816694393754005,990.9890521606741,1226.8304404605267,2621.1780894886365,0.03817471590909091,-390.7292785644531,188.00161743164062,-46.47099685668945,50.25308609008789,39.103004455566406,-29.65296173095703,24.071699142456055,9.182665824890137,-33.443084716796875,3.4086148738861084,-10.395180702209473,-32.21323013305664,1.1494184732437134,-8.775504112243652,-18.471967697143555,7.775722980499268,-3.9531264305114746,-8.887939453125,9.239347457885742,-5.7278571128845215,-8.34581184387207,6.115684986114502,-4.520064830780029,-1.2473409175872803,8.693671226501465,-3.9978294372558594,-1.8415123224258423,4.397089004516602,-4.108942031860352,1.5155304670333862
6_yweweler_25.wav,0.34786126017570496,0.016001582145690918,1337.840290576446,1067.0226650439163,2672.808837890625,0.0618896484375,-462.369140625,213.24058532714844,-90.52606201171875,48.226318359375,59.52219772338867,-66.79864501953125,-16.16800308227539,5.507667541503906,-40.532711029052734,-11.986114501953125,-14.212928771972656,-31.272533416748047,3.096442699432373,-2.91298770904541,-16.343109130859375,5.347688674926758,-1.216986060142517,-3.4375813007354736,6.663724899291992,-10.191106796264648,-6.927394390106201,0.9316424131393433,-19.00931739807129,-10.340880393981934,2.0137085914611816,-15.362129211425781,-8.214271545410156,2.334555149078369,-10.600382804870605,-3.9667811393737793
0_yweweler_12.wav,0.32418176531791687,0.009352907538414001,970.6491597911096,847.8982305872108,1766.989315257353,0.04839728860294118,-512.32958984375,212.039306640625,-52.7607536315918,9.599286079406738,25.5805721282959,-42.71106719970703,-2.234297513961792,7.5569071769714355,-27.9476375579834,-2.426370143890381,-3.269242286682129,-24.28372573852539,0.9479510188102722,1.2682485580444336,-14.603948593139648,0.036113936454057693,-0.8272337317466736,-5.832057476043701,2.6960229873657227,-8.281776428222656,-10.509352684020996,2.265920639038086,-5.702159881591797,-7.787004470825195,-0.4454778730869293,-8.921873092651367,-7.25702428817749,0.6558938026428223,-6.266894340515137,-4.759738922119141
3_nicolas_37.wav,0.41282525658607483,0.018608564510941505,1264.5319664137696,1284.9422960628742,2984.14306640625,0.0419921875,-408.8536071777344,199.08631896972656,-76.4546890258789,43.737003326416016,39.729488372802734,-38.870235443115234,23.2289981842041,9.795271873474121,-31.272417068481445,15.412211418151855,-0.9055147767066956,-24.059755325317383,14.168923377990723,1.1862050294876099,-9.927889823913574,15.87331485748291,-1.749223232269287,-7.545368194580078,9.971762657165527,-7.612851619720459,-6.785766124725342,6.768862247467041,-10.113816261291504,-7.14572286605835,2.5986056327819824,-10.108390808105469,-3.427386999130249,3.5846660137176514,-6.406898498535156,-0.22470617294311523
4_theo_6.wav,0.2892366945743561,0.005584839265793562,679.7760576350063,680.6562292365448,1120.80322265625,0.03125,-585.7352294921875,236.1291961669922,-29.612972259521484,5.064315319061279,11.8060884475708,-36.63425064086914,4.309863567352295,3.552335739135742,-21.407649993896484,3.5880608558654785,-10.838788986206055,-22.241403579711914,8.400946617126465,-4.093216896057129,-13.144083976745605,10.744914054870605,-4.443228244781494,-15.724655151367188,-1.0640792846679688,-14.773959159851074,-17.451862335205078,1.0109409093856812,-5.270235061645508,-6.334296226501465,-0.31373852491378784,-12.50302791595459,-9.28449535369873,0.14768418669700623,-6.574488639831543,-0.2195020169019699
3_lucas_15.wav,0.5454388856887817,0.034154705703258514,1198.586337206521,979.3594447614034,2318.8069661458335,0.08478009259259259,-447.6310729980469,162.52101135253906,-39.16793441772461,27.892349243164062,50.278778076171875,-23.971418380737305,-8.425765037536621,10.083489418029785,-14.679007530212402,-0.16504599153995514,7.069484233856201,-7.743578910827637,2.125951051712036,1.4353158473968506,-6.930774688720703,5.050673961639404,1.493517279624939,-7.14854097366333,2.4855542182922363,-1.4323899745941162,-8.13629150390625,0.2014857679605484,-2.275891065597534,-5.127109050750732,1.9071980714797974,-3.27866268157959,-7.4734721183776855,-1.1375267505645752,-2.7734925746917725,-3.7580018043518066
4_yweweler_15.wav,0.42541196942329407,0.00904603861272335,929.1161799735985,725.2536878160173,1479.0618896484375,0.06640625,-547.0880737304688,222.6132354736328,-36.31884765625,-7.480330467224121,1.5566632747650146,-47.21326446533203,1.9151811599731445,17.287189483642578,-16.795272827148438,3.2846903800964355,3.100465774536133,-19.497230529785156,2.0791196823120117,8.343694686889648,-6.624109268188477,0.23720355331897736,-2.8418593406677246,-8.29343032836914,1.053784728050232,-4.778765678405762,-7.8470354080200195,0.5400192737579346,-6.752800941467285,-6.647805213928223,3.5108041763305664,-4.524023056030273,-6.706038951873779,1.7676969766616821,-3.5153961181640625,-4.136421203613281
2_george_47.wav,0.24839095771312714,0.04365943372249603,916.8380004148395,911.7485096415242,1990.3857421875,0.04098307291666667,-393.0178527832031,172.72911071777344,-48.241886138916016,7.599239826202393,8.369187355041504,-51.88608169555664,-8.58969497680664,-9.903488159179688,-49.132301330566406,-18.67758560180664,-18.991695404052734,-42.25285720825195,-15.121222496032715,-13.277009963989258,-28.746368408203125,-8.019686698913574,-4.9173479080200195,-13.856257438659668,-2.1995739936828613,-4.77274227142334,-11.190078735351562,-5.276783466339111,-9.738722801208496,-9.87411880493164,-4.025733470916748,-8.973155975341797,-4.555197238922119,2.9717822074890137,-3.434244394302368,-4.004573345184326
6_jackson_9.wav,0.4532672166824341,0.03548632934689522,1370.8438115917852,1035.4109010075624,2554.0771484375,0.1157497829861111,-391.0909423828125,121.81272888183594,-31.26451873779297,7.052051067352295,21.373289108276367,-23.49335289001465,-15.021013259887695,-8.841734886169434,-16.823240280151367,-2.4036779403686523,-5.383237838745117,-12.159777641296387,-1.2718700170516968,-3.444700002670288,-4.778008460998535,-4.589054584503174,-17.560047149658203,-8.848583221435547,2.7196226119995117,-14.68001937866211,-13.790377616882324,0.41813790798187256,-10.424495697021484,-11.068254470825195,0.6285387277603149,-6.112918376922607,-6.775312900543213,1.36307692527771,-2.446161985397339,-2.8803911209106445
1_nicolas_43.wav,0.34475189447402954,0.041776783764362335,973.1629186488738,979.8020362644347,1972.59521484375,0.04966517857142857,-349.7037658691406,226.03797912597656,-56.47056198120117,23.510297775268555,24.37139892578125,-40.07715606689453,16.70620346069336,2.2626469135284424,-34.70014953613281,12.534711837768555,-0.1149768978357315,-25.330591201782227,8.176342964172363,-2.2876784801483154,-13.258980751037598,9.368094444274902,-7.010190010070801,-10.415063858032227,9.494285583496094,-6.825130939483643,-7.721091270446777,6.542223930358887,-8.901430130004883,-6.728438854217529,5.019829750061035,-6.132094860076904,-1.2871500253677368,5.583580017089844,-4.412670612335205,1.07044517993927
5_nicolas_34.wav,0.3592073321342468,0.02753148041665554,1027.5718627940755,957.3067938186164,1956.650390625,0.0630859375,-373.67022705078125,255.23252868652344,-76.9289779663086,19.138517379760742,14.666943550109863,-59.85194396972656,13.919816970825195,5.5805888175964355,-33.81809616088867,19.47813606262207,5.447810649871826,-20.38851547241211,14.170415878295898,-6.046926021575928,-20.31830406188965,8.589823722839355,-6.570982933044434,-9.303053855895996,11.447332382202148,-6.003097057342529,-5.652792930603027,6.366002559661865,-11.552882194519043,-5.9023919105529785,6.107591152191162,-5.109575271606445,3.4779856204986572,8.682660102844238,-3.0692737102508545,4.604281902313232
6_george_46.wav,0.3304941952228546,0.03198058903217316,1841.8937047732536,1150.9050041279913,3144.4143194901317,0.12929173519736842,-395.7837829589844,140.07679748535156,-98.0835952758789,29.5740966796875,43.75051498413086,-50.03337860107422,-14.060847282409668,-19.950782775878906,-47.83244705200195,-4.492917060852051,-27.723613739013672,-50.426490783691406,4.082347869873047,-5.074969291687012,-35.35346221923828,-5.103491306304932,-4.004856109619141,-15.377227783203125,-1.1448270082473755,-10.325560569763184,-10.716407775878906,2.184034824371338,-11.515381813049316,-5.975019454956055,8.2599515914917,-9.830146789550781,-8.02348518371582,6.299981594085693,-7.61306619644165,-6.678882122039795
6_lucas_44.wav,0.5872014760971069,0.02649587392807007,1607.7796774530368,985.045294878231,2710.843028192935,0.15160071331521738,-387.59783935546875,171.82640075683594,-78.38627624511719,14.871709823608398,43.345298767089844,-36.40986251831055,-4.337329864501953,7.5714569091796875,-24.90662956237793,4.193868637084961,8.366545677185059,-15.31601333618164,-0.13298748433589935,0.15803246200084686,-5.849734783172607,8.440277099609375,-0.3991369307041168,-5.043639659881592,7.15114164352417,-4.915078639984131,-9.351095199584961,2.6968061923980713,-2.7278289794921875,-0.649850070476532,6.9298200607299805,-2.698009729385376,-1.3601914644241333,3.4761672019958496,-5.6350321769714355,-2.439258337020874
7_lucas_28.wav,0.48039066791534424,0.01111916359513998,1448.6803598467768,1090.7144658464092,2748.016716452206,0.1227117800245098,-570.7155151367188,101.69727325439453,-17.215166091918945,24.81598663330078,29.65658950805664,-14.17277717590332,3.194301128387451,7.089488983154297,-14.040669441223145,2.6710238456726074,9.418109893798828,-4.659681797027588,0.19595009088516235,1.464296579360962,-0.5611337423324585,6.092341423034668,-2.433471441268921,-6.982612609863281,5.906779766082764,2.6494438648223877,-6.034799098968506,-0.3863329291343689,-0.5593234896659851,-3.135024070739746,0.5860819816589355,-1.8099322319030762,-3.4853880405426025,-0.48527923226356506,-2.069763422012329,-1.1151123046875
5_lucas_18.wav,0.571049153804779,0.07881592959165573,1281.6168658925524,925.8701112547309,2317.0623779296875,0.10426839192708333,-328.5010681152344,173.1210174560547,-54.07160568237305,3.6980221271514893,32.414031982421875,-32.90432357788086,-6.8921380043029785,16.38776397705078,-15.282917022705078,-1.8246749639511108,14.218212127685547,-1.5399967432022095,-0.2722011208534241,-3.703472137451172,-11.8556547164917,1.0502978563308716,-0.9523246884346008,-9.09996509552002,3.5065295696258545,-0.29564476013183594,-12.873760223388672,-2.1659109592437744,2.2983133792877197,-5.169795513153076,-2.890986680984497,-3.127255439758301,-4.803063869476318,0.014333128929138184,-2.664942741394043,-6.222665309906006
2_theo_11.wav,0.40435507893562317,0.006708152126520872,1328.6206514931353,978.6134848488476,2375.503817471591,0.08518288352272728,-535.2239379882812,202.44091796875,-76.00047302246094,43.186336517333984,52.788753509521484,-48.44133377075195,-4.251640319824219,-2.0186116695404053,-36.92295837402344,1.384368896484375,-12.072068214416504,-30.66797637939453,6.262679576873779,-9.053115844726562,-18.865985870361328,14.497885704040527,-2.766061305999756,-15.234076499938965,4.921590328216553,-11.417704582214355,-14.168112754821777,6.468041896820068,-6.145622253417969,-8.350292205810547,4.179623126983643,-6.885660171508789,-7.097865581512451,-0.4742879569530487,-8.721471786499023,-4.371490955352783
9_nicolas_40.wav,0.3494209349155426,0.0424468107521534,1031.1264995081478,1040.7129361834554,2272.82958984375,0.0602783203125,-354.47491455078125,223.24429321289062,-72.23763275146484,29.21198081970215,44.48453903198242,-39.51966094970703,6.186373710632324,4.62522029876709,-35.67949676513672,8.39466667175293,7.806783199310303,-23.00736427307129,2.944148540496826,2.713562488555908,-10.704516410827637,4.578016757965088,-4.129599094390869,-7.532992362976074,6.6527509689331055,-6.463218688964844,-8.816367149353027,1.7655013799667358,-9.113490104675293,-3.5532009601593018,7.396021842956543,-6.218520641326904,-4.658881664276123,3.812608242034912,-4.432527542114258,-1.6929986476898193
4_jackson_11.wav,0.33352968096733093,0.07829625904560089,655.6918737766496,528.7913192187962,1051.3269761029412,0.04334214154411765,-362.6046447753906,227.1099090576172,25.562280654907227,-19.27391242980957,-14.69748306274414,-31.652538299560547,-29.25739288330078,-17.582979202270508,-4.758781909942627,-3.2259933948516846,-24.61853790283203,-18.566814422607422,8.313678741455078,-3.0354974269866943,-14.699202537536621,2.370380401611328,-1.4135056734085083,-14.871816635131836,-7.083096504211426,-5.64408540725708,-10.272069931030273,-6.053207874298096,-8.501399993896484,-11.823715209960938,-9.422496795654297,-12.355871200561523,-10.074814796447754,-3.537158250808716,-7.567227363586426,-7.745942115783691
8_nicolas_23.wav,0.41206613183021545,0.07083361595869064,1218.0802918913985,1108.5331835004351,2647.98583984375,0.04269748263888889,-315.9715576171875,176.14256286621094,-61.81886672973633,29.191694259643555,34.65073776245117,-46.12057113647461,-2.179500102996826,2.6491003036499023,-28.134376525878906,9.247662544250488,2.547597646713257,-19.23261833190918,10.449247360229492,-0.11959542334079742,-16.59583854675293,7.000371932983398,-2.0689313411712646,-10.332404136657715,8.201831817626953,-4.2925333976745605,-10.116683959960938,7.601555824279785,-0.22026750445365906,-3.4548537731170654,7.07077693939209,-1.5212267637252808,-2.075336217880249,5.291017532348633,-2.1661055088043213,-0.7542130947113037
6_george_21.wav,0.26380953192710876,0.028978614136576653,1667.8582404490085,1111.5138461184608,3010.0341796875,0.10627092633928571,-404.9773864746094,158.35293579101562,-102.18265533447266,33.307830810546875,47.15265655517578,-54.50297927856445,-14.613165855407715,-19.846668243408203,-49.65530014038086,-2.1145615577697754,-23.39006233215332,-47.002655029296875,3.0103759765625,-11.21240520477295,-36.54494094848633,-3.353940725326538,-8.518472671508789,-17.940349578857422,2.9395015239715576,-9.571313858032227,-14.068771362304688,1.4237664937973022,-11.800652503967285,-10.318145751953125,4.036565780639648,-8.230472564697266,-5.228889465332031,5.685340881347656,-6.709182262420654,-6.069736957550049
1_theo_11.wav,0.4792742431163788,0.005536622833460569,840.3381795791562,789.5083937291029,1553.62060546875,0.048583984375,-562.4260864257812,243.22335815429688,-48.66447067260742,5.000998020172119,17.52899742126465,-45.45014953613281,1.2867425680160522,9.252774238586426,-31.089344024658203,-4.256988048553467,4.615785121917725,-12.599081039428711,-2.71028470993042,-11.75692367553711,-11.947593688964844,10.131021499633789,-7.32305908203125,-20.30880355834961,-3.9919865131378174,-13.966443061828613,-19.234546661376953,-1.7553352117538452,-5.948824882507324,-9.061929702758789,2.012824296951294,-2.7401585578918457,-7.3158464431762695,-3.2909438610076904,-4.398170471191406,-3.051591157913208
1_jackson_34.wav,0.28086429834365845,0.06891084462404251,673.4840392779104,724.7061489821475,1018.9120205965909,0.03353604403409091,-344.7730712890625,209.04466247558594,-10.216300010681152,5.246599197387695,8.149094581604004,-44.507808685302734,-11.93845272064209,10.883453369140625,-20.150222778320312,-18.538671493530273,-7.446536540985107,-11.758495330810547,-7.146395683288574,-9.464457511901855,-10.54632568359375,-1.8599506616592407,-7.763436794281006,-9.04508113861084,-0.2906004786491394,-10.105487823486328,-14.726655006408691,-4.183538436889648,-7.838415145874023,-11.008390426635742,-5.945544242858887,-11.766034126281738,-10.967037200927734,-1.4548141956329346,-7.177213668823242,-11.681615829467773
5_lucas_35.wav,0.5295848846435547,0.04279622808098793,1358.1476362956444,966.5851098458404,2457.9752604166665,0.11223234953703703,-383.16461181640625,156.07107543945312,-48.760345458984375,12.335877418518066,37.46192932128906,-30.22739601135254,-9.698308944702148,12.668488502502441,-13.198887825012207,1.8205652236938477,14.586045265197754,-3.04695987701416,-0.5132681727409363,0.7720284461975098,-5.06149959564209,3.5631494522094727,-1.4531114101409912,-9.42243766784668,1.847955584526062,0.015577422454953194,-8.648188591003418,-1.0655221939086914,-0.024448536336421967,-4.3519511222839355,-0.7045926451683044,-2.826798915863037,-4.372458457946777,0.5989558100700378,-2.4642879962921143,-5.244747638702393
2_yweweler_12.wav,0.3086899518966675,0.01051265373826027,1027.0904039137247,867.3694579480349,1971.185302734375,0.0594482421875,-517.0956420898438,182.75244140625,-41.82939529418945,8.15133285522461,29.76106834411621,-22.846755981445312,6.865081787109375,9.09041690826416,-27.202024459838867,-5.498445987701416,-4.302158355712891,-29.09721565246582,-9.877633094787598,-3.3839786052703857,-13.475251197814941,2.636180877685547,-0.7949277758598328,-11.404681205749512,6.717822551727295,4.534815311431885,-8.623001098632812,4.046305179595947,1.9750175476074219,-12.042389869689941,-4.987583160400391,-5.273096561431885,-14.677364349365234,-8.462285995483398,-4.475325107574463,-7.1483235359191895
6_lucas_24.wav,0.5332368612289429,0.028339933604002,1777.855652060833,1025.9008726813495,2906.568321814904,0.15482271634615385,-401.56610107421875,137.73316955566406,-69.62490844726562,34.504493713378906,49.02461624145508,-38.8011360168457,-0.881588876247406,14.94511604309082,-23.654253005981445,1.8722494840621948,8.273937225341797,-15.187017440795898,1.5844961404800415,3.121999502182007,-7.575882434844971,5.519986152648926,-0.6360782384872437,-6.9586181640625,7.034684181213379,0.1723671555519104,-6.649204730987549,1.4849433898925781,-4.200466632843018,-3.5728774070739746,4.151933670043945,-3.9903669357299805,-2.5351626873016357,5.125899314880371,-3.052328586578369,-3.945377826690674
1_jackson_12.wav,0.3067154586315155,0.10445493459701538,749.2854455144216,758.3302422033584,1194.554443359375,0.0454833984375,-307.1922302246094,216.31436157226562,-19.280595779418945,4.394518852233887,6.5893049240112305,-49.291934967041016,-12.16218376159668,3.5379066467285156,-29.289382934570312,-13.57776165008545,-3.6119046211242676,-16.488967895507812,-4.742980003356934,-4.871249198913574,-12.326394081115723,-0.35589998960494995,-5.379548072814941,-12.112070083618164,0.7496321201324463,-5.2052178382873535,-15.422464370727539,-6.306729316711426,-8.108952522277832,-13.830950736999512,-8.005821228027344,-10.32000732421875,-10.788870811462402,-1.3739805221557617,-3.8025803565979004,-9.37529182434082
8_george_35.wav,0.28387975692749023,0.05617903172969818,1550.2836401872503,1173.2678243868702,2890.83251953125,0.08154296875,-356.66326904296875,130.58859252929688,-73.62899017333984,40.26514434814453,40.485008239746094,-53.61345672607422,-19.90450668334961,-14.07601261138916,-43.852386474609375,-14.645695686340332,-25.6462459564209,-38.06674575805664,3.4095582962036133,-8.812636375427246,-32.42243194580078,-0.7215023040771484,-0.8334834575653076,-19.690723419189453,-5.702164173126221,-4.484438896179199,-10.41694450378418,-6.453704833984375,-12.029836654663086,-5.55836296081543,1.426686406135559,-12.565003395080566,-7.620690822601318,5.16120719909668,-5.651934623718262,-6.4770708084106445
7_theo_39.wav,0.3362323045730591,0.00984550267457962,887.2123486140911,905.1618749830564,1737.337979403409,0.03915127840909091,-489.8897705078125,207.08595275878906,-49.452537536621094,9.96069622039795,24.6717472076416,-40.555145263671875,-12.656710624694824,-5.80161714553833,-21.860334396362305,7.382037162780762,-0.9475271701812744,-23.332731246948242,-6.833993911743164,-5.302558898925781,-5.200251579284668,2.0204362869262695,-15.618982315063477,-13.277271270751953,0.887439489364624,-16.679086685180664,-15.642049789428711,3.051093339920044,-4.397956371307373,-5.764651298522949,-1.659590482711792,-11.268022537231445,-3.2183046340942383,5.008341312408447,-6.901259899139404,-5.256832122802734
0_theo_31.wav,0.2421167939901352,0.008100800216197968,881.4750276419711,869.1961999019254,1865.4307489809783,0.03360648777173913,-540.28955078125,210.81126403808594,-57.34877014160156,15.673820495605469,36.36711502075195,-35.408775329589844,-6.506350994110107,-5.366179943084717,-28.116199493408203,5.224328517913818,-7.2482147216796875,-27.799610137939453,2.325289011001587,-5.1870293617248535,-16.729412078857422,5.562565803527832,-6.839001655578613,-16.563417434692383,0.6073827743530273,-10.216670036315918,-14.026217460632324,0.2509521543979645,-9.660094261169434,-8.607850074768066,3.98625111579895,-8.283202171325684,-10.993646621704102,-1.482558250427246,-6.414381504058838,-4.994377613067627
9_george_23.wav,0.3408728241920471,0.04209784418344498,1584.796970683106,1092.4653420437332,2951.7052283653848,0.09590970552884616,-376.86456298828125,185.33509826660156,-123.2784423828125,18.44063949584961,40.79927062988281,-59.60889434814453,-4.335705757141113,-9.485093116760254,-50.58005905151367,7.166257381439209,-5.8172430992126465,-42.011375427246094,1.3570882081985474,-8.911627769470215,-35.36097717285156,-4.9566473960876465,-11.208389282226562,-22.949445724487305,-0.449169784784317,-7.679267406463623,-15.158713340759277,-9.430099487304688,-21.634639739990234,-11.401090621948242,0.8255159854888916,-16.241065979003906,-8.3352689743042,3.8565609455108643,-12.49191951751709,-8.57079792022705
8_yweweler_10.wav,0.3578377366065979,0.007613637484610081,1543.2341167145894,1141.6254743405136,2921.59423828125,0.10030691964285714,-556.2078247070312,184.92575073242188,-75.59038543701172,45.67477798461914,47.2460823059082,-59.55579376220703,-2.885519504547119,13.293953895568848,-32.08515167236328,-1.4389078617095947,-4.8459649085998535,-23.358808517456055,9.98394775390625,-1.496193766593933,-17.436548233032227,10.422768592834473,0.48651185631752014,-10.032319068908691,7.843121528625488,-4.093421459197998,-6.098729133605957,7.9935760498046875,-7.48544979095459,-5.915778636932373,6.375689506530762,-10.842312812805176,-8.215567588806152,5.529655456542969,-6.487900257110596,-4.737380504608154
4_theo_31.wav,0.3455926179885864,0.003762170672416687,872.477423802186,703.1330097453659,1317.1142578125,0.06236436631944445,-605.7427978515625,246.47589111328125,-46.668365478515625,2.238565683364868,10.679874420166016,-45.09749221801758,5.859233379364014,4.9932098388671875,-25.42828941345215,10.922189712524414,-0.07474592328071594,-21.728967666625977,8.527180671691895,-0.7236585021018982,-13.0538911819458,10.529280662536621,-0.6525065898895264,-8.912566184997559,7.057620048522949,-8.079912185668945,-14.714930534362793,-0.3285816013813019,-7.970436096191406,-5.9677300453186035,4.720214366912842,-5.456811428070068,-3.699514627456665,3.250091075897217,-4.659682273864746,0.3881486654281616
7_george_8.wav,0.2725946307182312,0.047704461961984634,1386.691604226379,997.3772207473212,2434.405517578125,0.09310477120535714,-370.5342712402344,135.3879852294922,-69.63410949707031,9.815983772277832,29.141803741455078,-35.6314811706543,-20.105350494384766,-31.630353927612305,-43.95206832885742,2.1393043994903564,-14.05345344543457,-41.52231979370117,-0.692048966884613,2.797483205795288,-20.898542404174805,-7.466700077056885,-9.669858932495117,-17.778120040893555,-6.876579284667969,-14.266776084899902,-16.31334114074707,-4.38613224029541,-11.058326721191406,-8.705536842346191,0.03929037228226662,-12.260282516479492,-8.779425621032715,5.326804161071777,-4.1782546043396,-5.865647315979004
6_george_36.wav,0.3101785480976105,0.03024410270154476,1694.8323747262195,1192.0920666722197,3074.278846153846,0.09698016826923077,-387.3332824707031,133.0231475830078,-82.06780242919922,38.21546936035156,45.956031799316406,-41.508033752441406,-13.712665557861328,-18.632230758666992,-40.58260726928711,-5.162299633026123,-26.222148895263672,-43.562644958496094,-1.1691454648971558,-11.591567039489746,-28.740089416503906,0.2787761688232422,-6.717599868774414,-17.32258415222168,1.1378533840179443,-6.854578971862793,-9.956095695495605,3.0563573837280273,-8.60946273803711,-8.09744930267334,3.9038772583007812,-8.134976387023926,-8.069782257080078,-0.04802146181464195,-11.232401847839355,-8.081758499145508
7_george_25.wav,0.29576191306114197,0.0502835214138031,1654.752013726327,1060.741886461075,2928.9462890625,0.11802734375,-358.0420837402344,152.04273986816406,-100.64779663085938,10.946320533752441,30.53646469116211,-47.91657257080078,-12.130471229553223,-26.882612228393555,-50.10456085205078,9.901727676391602,-7.219379901885986,-43.104270935058594,-0.796760082244873,-3.3629839420318604,-24.602096557617188,-2.320425510406494,-12.225964546203613,-21.914140701293945,-2.123504877090454,-12.44925308227539,-18.45054054260254,-5.436710357666016,-12.023978233337402,-6.172646999359131,2.003657341003418,-14.3365478515625,-8.16275691986084,5.367968559265137,-7.80579948425293,-7.134604454040527
0_jackson_37.wav,0.313307523727417,0.07464588433504105,781.5431813602727,788.4642900082121,1483.3984375,0.040093315972222224,-327.6901550292969,218.244140625,-25.892589569091797,11.170275688171387,32.300106048583984,-25.218172073364258,-19.822021484375,-18.50199317932129,-18.38689422607422,8.782103538513184,-11.122135162353516,-24.342432022094727,3.5313236713409424,-8.119361877441406,-18.02743148803711,2.5174882411956787,-10.040203094482422,-12.887632369995117,8.877339363098145,-8.05996322631836,-17.315101623535156,1.998461127281189,-9.392337799072266,-17.67165184020996,-1.6161375045776367,-7.576526165008545,-12.65964412689209,-1.9265458583831787,-7.1171488761901855,-8.088960647583008
6_theo_16.wav,0.32151272892951965,0.0029513027984648943,1744.317058195909,1072.480144316294,2955.43212890625,0.149871826171875,-601.9331665039062,164.69451904296875,-75.89718627929688,37.704933166503906,36.82219696044922,-48.326786041259766,3.464066505432129,0.2116025686264038,-29.635173797607422,10.852108001708984,-6.2406792640686035,-23.00849723815918,12.365693092346191,-1.1494174003601074,-6.282514572143555,15.932217597961426,-6.093136787414551,-5.961181163787842,12.165872573852539,-12.453754425048828,-11.434186935424805,6.858539581298828,-8.888432502746582,-6.502376556396484,3.0232303142547607,-8.560905456542969,-1.6151567697525024,2.190777540206909,-8.181214332580566,1.3863856792449951
4_george_26.wav,0.2626006007194519,0.06222008168697357,1082.4589857711499,854.4114721110825,1799.4268002717392,0.06468665081521739,-349.1156311035156,158.2532958984375,-55.88473892211914,-10.429128646850586,3.9908602237701416,-48.3208122253418,-13.532319068908691,-7.405177116394043,-44.79612731933594,-20.196575164794922,-8.892852783203125,-32.215702056884766,-17.239465713500977,-6.83507776260376,-16.854473114013672,-3.94340181350708,0.11686615645885468,-13.654480934143066,-12.222575187683105,-10.928801536560059,-15.469594955444336,-11.223684310913086,-7.321033000946045,-5.260029315948486,-3.3220460414886475,-3.9713854789733887,-0.2949710190296173,-0.45751991868019104,-6.078365802764893,-0.9043104648590088
3_nicolas_30.wav,0.3506353199481964,0.02530680038034916,1361.280956268317,1203.669944365382,2772.041015625,0.0681640625,-387.4360046386719,184.22898864746094,-78.5456314086914,42.71154022216797,45.81538391113281,-36.38606643676758,13.689153671264648,3.3553035259246826,-29.678813934326172,16.9840087890625,-0.041671402752399445,-24.915462493896484,12.14670181274414,1.8677215576171875,-9.398736000061035,14.19810676574707,-3.1510162353515625,-7.429272174835205,13.721792221069336,-3.6919705867767334,-9.282772064208984,3.7796292304992676,-7.631982803344727,-5.886109828948975,0.9676241278648376,-8.884939193725586,-0.6884332895278931,3.5001790523529053,-8.8207368850708,-2.409381866455078
9_nicolas_7.wav,0.35785815119743347,0.04005734622478485,1012.3704367516667,1005.404691210803,2086.92626953125,0.050347222222222224,-363.2537536621094,232.12643432617188,-76.11088562011719,21.847766876220703,40.21166229248047,-34.80337142944336,10.315966606140137,0.34938350319862366,-34.765201568603516,15.226215362548828,6.498659133911133,-25.168806076049805,4.31602144241333,-3.0372748374938965,-15.652376174926758,9.187323570251465,-2.6296656131744385,-11.146440505981445,7.4231719970703125,-4.481937408447266,-8.658127784729004,4.1589035987854,-6.56929874420166,-4.596539497375488,6.158238887786865,-3.510425090789795,-1.0420641899108887,3.1617937088012695,-6.115785121917725,0.08330443501472473
4_lucas_37.wav,0.4713781774044037,0.04406902566552162,1240.0286379578922,808.3449074396104,1992.2698974609375,0.09495035807291667,-412.9695739746094,169.342041015625,-30.322296142578125,21.180274963378906,22.66084861755371,-47.246307373046875,-5.727609634399414,22.91103172302246,-14.25369644165039,-2.592618227005005,16.04054832458496,-2.3457813262939453,-6.528326511383057,-2.129560708999634,-0.7331292033195496,1.793765664100647,-6.487237453460693,-4.729141712188721,3.435443162918091,-7.7678985595703125,-8.791232109069824,0.7464763522148132,-7.796247959136963,-6.553074359893799,3.7563838958740234,-5.623133182525635,-7.086765289306641,2.494767665863037,-2.8185014724731445,-2.605562925338745
9_jackson_10.wav,0.2999548017978668,0.06930483132600784,856.7498156469878,910.9141409563184,1666.4826766304348,0.040399966032608696,-326.1189270019531,229.30517578125,-49.9447021484375,13.803311347961426,20.04119110107422,-47.7440299987793,1.49558687210083,2.7354037761688232,-36.37160873413086,2.091399908065796,3.568747043609619,-27.579448699951172,-5.951783657073975,1.1684751510620117,-11.410983085632324,-6.225842475891113,-11.489694595336914,-8.394426345825195,0.7125238180160522,-13.07258129119873,-10.798233032226562,-2.0387916564941406,-16.926868438720703,-13.120508193969727,-3.1393237113952637,-16.836267471313477,-13.995650291442871,-2.8737633228302,-9.123135566711426,-4.6760172843933105
5_yweweler_40.wav,0.5051818490028381,0.007919332943856716,1240.5069212971907,911.5172437555373,2240.888671875,0.09752604166666666,-495.62841796875,201.70111083984375,-77.5635986328125,0.08311131596565247,20.45376205444336,-45.87057876586914,3.8943850994110107,8.596062660217285,-27.47772216796875,10.395496368408203,9.060745239257812,-17.01122283935547,6.5637006759643555,0.48882511258125305,-12.269854545593262,7.26276969909668,-3.732853412628174,-9.133605003356934,9.414669036865234,-6.170518398284912,-10.720215797424316,9.67969036102295,-1.8252670764923096,-8.038573265075684,4.66928243637085,-4.743338584899902,-6.2380499839782715,4.697653770446777,-2.1360909938812256,-2.3780055046081543
5_lucas_24.wav,0.5232043862342834,0.034963514655828476,1412.2494114175304,851.7085688868068,2322.35595703125,0.12325846354166667,-411.4827880859375,169.095947265625,-60.488121032714844,9.725955963134766,45.762271881103516,-27.76859474182129,-11.405173301696777,12.108694076538086,-13.757607460021973,0.3475039303302765,11.600709915161133,-4.887578964233398,-0.4374822974205017,-2.224644660949707,-7.589873790740967,8.038667678833008,2.8568387031555176,-10.013775825500488,2.7444450855255127,1.6544268131256104,-10.53061580657959,-2.8358829021453857,0.3593674898147583,-3.883478879928589,-0.8033996224403381,-3.3811328411102295,-3.2295634746551514,3.6280453205108643,-2.2348241806030273,-7.301936149597168
1_nicolas_36.wav,0.37866920232772827,0.038560107350349426,992.2535721140853,981.0003644227262,2116.7138671875,0.05608723958333333,-365.0364685058594,244.86526489257812,-76.9151611328125,27.995685577392578,36.1308708190918,-43.11565017700195,17.008201599121094,2.4959142208099365,-36.563350677490234,14.142189979553223,-2.0829825401306152,-26.13482666015625,11.930002212524414,-3.3434014320373535,-16.038616180419922,9.878647804260254,-7.529410362243652,-10.07568645477295,11.809954643249512,-7.465412616729736,-10.697481155395508,3.88329815864563,-9.73317813873291,-5.235078811645508,5.877851486206055,-5.7038798332214355,0.01648346520960331,4.87746000289917,-6.96924352645874,-1.4853942394256592
3_jackson_14.wav,0.20419135689735413,0.11596664786338806,748.8690119027175,878.1880179712672,1658.056640625,0.031205610795454544,-313.3135681152344,162.11485290527344,-14.879291534423828,32.35481262207031,37.70820617675781,-30.358562469482422,-22.18501091003418,-11.728432655334473,-24.015663146972656,-6.871880054473877,-13.47818660736084,-31.022014617919922,-12.795114517211914,-7.954733371734619,-14.785846710205078,-3.4507803916931152,-3.4137625694274902,-5.751015663146973,0.9523439407348633,-7.045224189758301,-8.511200904846191,0.3653288185596466,-9.294693946838379,-13.01895523071289,-3.9254074096679688,-10.303068161010742,-13.442859649658203,-6.062812805175781,-9.456731796264648,-10.311205863952637
8_george_42.wav,0.2970649003982544,0.05006512999534607,1651.2949754967922,1133.8459412732147,3042.76123046875,0.09564887152777778,-369.8330993652344,151.84474182128906,-86.99244689941406,28.578834533691406,29.725311279296875,-63.04292297363281,-18.161802291870117,-19.81939125061035,-46.04752731323242,-1.9081034660339355,-24.774993896484375,-43.742332458496094,9.709553718566895,-7.659964561462402,-38.71088409423828,-2.4362549781799316,-2.3320984840393066,-20.433101654052734,-6.047487735748291,-8.259754180908203,-10.768138885498047,-6.27685022354126,-15.871097564697266,-4.777429103851318,3.792081117630005,-12.33224105834961,-2.9064862728118896,7.9121246337890625,-6.164129257202148,-0.27544882893562317
1_theo_48.wav,0.3578100800514221,0.0035942913964390755,935.3767927333638,892.0748900306072,1741.6561351102941,0.0498046875,-613.903564453125,213.9306640625,-42.677677154541016,19.371707916259766,23.042457580566406,-42.15446090698242,7.885324001312256,12.65156078338623,-25.607898712158203,4.880062103271484,3.9431512355804443,-19.40892791748047,3.5278122425079346,1.8684710264205933,-10.030426979064941,4.431777477264404,-7.331363201141357,-16.109760284423828,-1.743707299232483,-11.809365272521973,-14.30212688446045,1.680114984512329,-5.765191078186035,-6.402119159698486,5.465449810028076,-4.463453769683838,-7.498702049255371,1.9372034072875977,-3.635113000869751,-5.522143840789795
8_theo_16.wav,0.3892492651939392,0.003692349186167121,1451.1985183282495,1114.2930678878238,2842.98095703125,0.10563151041666667,-580.688720703125,177.86672973632812,-64.67486572265625,46.45135498046875,41.47475051879883,-58.76287841796875,-4.58942174911499,10.285441398620605,-32.01506042480469,-6.93757438659668,-6.656586647033691,-17.010761260986328,7.739112854003906,-2.235177755355835,-6.271990776062012,11.980805397033691,-5.849902629852295,-10.015934944152832,1.9198994636535645,-15.103157997131348,-10.583564758300781,3.9909794330596924,-9.315781593322754,-3.0370266437530518,6.045734882354736,-8.315974235534668,-1.7153539657592773,5.129202365875244,-7.316348552703857,-1.9343291521072388
2_theo_40.wav,0.33201321959495544,0.008507564663887024,1351.0490739537734,1040.2917754740347,2464.5729758522725,0.09459339488636363,-517.2509155273438,197.33497619628906,-67.29773712158203,39.993141174316406,42.83323287963867,-45.89817810058594,0.5359213352203369,-4.35359001159668,-36.98951721191406,-0.18746115267276764,-18.904857635498047,-32.372318267822266,6.773440361022949,-10.722635269165039,-16.749839782714844,14.169587135314941,-4.938400745391846,-7.750488758087158,9.345847129821777,-17.36440086364746,-13.167162895202637,9.106414794921875,-13.841156959533691,-12.776220321655273,4.3596882820129395,-10.495451927185059,-5.833519458770752,3.8205716609954834,-9.714012145996094,-1.9865154027938843
0_jackson_21.wav,0.24598892033100128,0.09398272633552551,695.4980114512983,739.6119836163768,1319.3227914663462,0.03617037259615385,-333.78082275390625,196.40887451171875,-4.457133769989014,8.756307601928711,16.455162048339844,-26.13105583190918,-17.401004791259766,-20.288755416870117,-25.817960739135742,0.17095616459846497,-10.642186164855957,-24.68487548828125,-3.125319004058838,-8.512920379638672,-14.959649085998535,5.720138072967529,-1.6512032747268677,-9.795124053955078,6.318694114685059,-4.982570171356201,-18.96697998046875,-5.537135124206543,-6.992207050323486,-13.187164306640625,-3.8665835857391357,-7.14631986618042,-11.608916282653809,-3.769627094268799,-5.958689212799072,-9.537416458129883
6_nicolas_41.wav,0.49634620547294617,0.024828635156154633,1286.5435974017148,1207.0437257256906,2797.6600060096152,0.059006911057692304,-392.4178161621094,189.90711975097656,-66.15260314941406,48.28962707519531,42.54034423828125,-41.582088470458984,12.72036361694336,2.199176549911499,-36.032249450683594,9.194402694702148,-4.4014081954956055,-26.372591018676758,10.701090812683105,-2.790501117706299,-16.23535919189453,11.62699031829834,-1.5438473224639893,-8.968110084533691,9.824706077575684,-3.0926096439361572,-4.577286720275879,8.15024185180664,-3.5496022701263428,-0.3889782130718231,6.056812763214111,-6.115027904510498,1.5983469486236572,6.5804033279418945,-5.360724925994873,1.7423288822174072
4_theo_39.wav,0.41080036759376526,0.004114571027457714,1041.221800884196,766.2191640573802,1700.4501342773438,0.079742431640625,-580.0256958007812,227.35507202148438,-58.049110412597656,3.4942407608032227,19.727336883544922,-39.40826416015625,4.709451198577881,2.268651008605957,-28.072961807250977,5.292802810668945,-6.976140975952148,-25.37830352783203,7.713717937469482,-0.666824221611023,-11.320274353027344,13.012199401855469,-1.7820850610733032,-15.316455841064453,0.10934722423553467,-10.510250091552734,-14.375988006591797,-1.3280391693115234,-10.547449111938477,-9.44589614868164,2.0141913890838623,-3.942462921142578,-0.41078734397888184,2.605764389038086,-7.679782867431641,-1.4386394023895264
7_jackson_37.wav,0.37647274136543274,0.05438197776675224,748.2361033058734,731.7403250263426,1344.62890625,0.038872612847222224,-346.6836242675781,219.52072143554688,-27.543502807617188,10.525277137756348,27.85340690612793,-36.55331039428711,-20.88036346435547,-5.682955265045166,-19.38628387451172,3.641160011291504,7.603089332580566,-11.264278411865234,-7.62778902053833,-6.095312118530273,-2.9914469718933105,-0.5773791074752808,-18.42483139038086,-13.77946949005127,3.4161179065704346,-11.331493377685547,-13.564167976379395,0.2306826412677765,-13.176361083984375,-16.362098693847656,-0.9867432713508606,-7.470298767089844,-11.576258659362793,-2.8309473991394043,-6.589969158172607,-5.680566787719727
1_theo_40.wav,0.27752768993377686,0.004809691105037928,781.2643868599936,831.2891101706833,1385.302734375,0.033406575520833336,-596.9246215820312,233.78631591796875,-44.9684944152832,11.899353981018066,13.999571800231934,-48.728641510009766,8.235445976257324,16.723703384399414,-25.978849411010742,-1.152455449104309,1.753854751586914,-15.726448059082031,0.8229501843452454,-6.859665393829346,-13.057255744934082,3.5239906311035156,-11.575515747070312,-21.62370491027832,-8.855362892150879,-14.908523559570312,-9.411847114562988,4.96950101852417,-7.3685302734375,-9.585390090942383,-1.3187047243118286,-8.67850112915039,-4.50867223739624,2.1351749897003174,-5.432566165924072,-1.6811562776565552
5_theo_40.wav,0.455888956785202,0.010416184552013874,1085.3796404439786,804.9860680708335,1866.2109375,0.08372395833333333,-486.7073059082031,240.10482788085938,-84.01966857910156,-12.929540634155273,22.513282775878906,-43.48681640625,-5.398054599761963,1.529012680053711,-26.019948959350586,7.426107883453369,5.951604843139648,-12.1568021774292,2.6350905895233154,-13.547301292419434,-14.937734603881836,8.925355911254883,-12.622408866882324,-15.679790496826172,8.809714317321777,-11.215868949890137,-15.890191078186035,6.827749252319336,-6.777994155883789,-11.8047456741333,1.580573320388794,-8.455655097961426,-6.130407810211182,2.7952497005462646,-9.741517066955566,-5.376468181610107
6_nicolas_42.wav,0.39371898770332336,0.04930466413497925,1045.3430668185913,1122.3387978528597,2683.2763671875,0.04079861111111111,-352.14111328125,194.68267822265625,-47.87662124633789,60.41017532348633,49.98359680175781,-47.62858581542969,7.329640865325928,5.520205974578857,-44.172977447509766,-6.060116767883301,-8.553146362304688,-29.871429443359375,4.060990810394287,-3.7067806720733643,-17.15117645263672,10.002334594726562,-0.38636159896850586,-11.570545196533203,7.457979679107666,-0.0767303854227066,-5.317994117736816,4.098984718322754,-4.2892842292785645,-1.778282642364502,4.003659725189209,-5.761319637298584,0.8551182150840759,4.038047790527344,-8.070235252380371,-0.5867564678192139
9_lucas_23.wav,0.4569781720638275,0.02377139776945114,894.1624470473917,918.7925455625816,2021.7805281929348,0.044115149456521736,-456.7369689941406,203.03689575195312,-37.4708251953125,30.071578979492188,55.22003936767578,-28.367277145385742,-8.545755386352539,15.41269588470459,-19.765893936157227,-7.634166717529297,13.006660461425781,-0.581758439540863,-3.3765828609466553,-4.920382022857666,-7.605023384094238,-2.1944546699523926,-9.376474380493164,-7.055615425109863,7.324671268463135,-4.582319736480713,-15.844281196594238,-4.861477851867676,-3.9880614280700684,-7.850316524505615,-5.085318088531494,-8.244309425354004,-7.198204517364502,-3.948319911956787,-8.413954734802246,-4.308298587799072
9_yweweler_49.wav,0.3604865074157715,0.010726237669587135,989.410459517818,938.9094561824093,1930.3883272058824,0.05210248161764706,-520.0697021484375,223.41650390625,-67.44931030273438,10.02013874053955,26.04175567626953,-41.12787628173828,16.092117309570312,14.746427536010742,-36.779109954833984,0.14842583239078522,6.507227897644043,-18.75779151916504,2.741569995880127,-3.8163700103759766,-18.41436004638672,0.7704964280128479,-7.621974945068359,-13.778092384338379,3.356464147567749,-7.695261478424072,-11.164761543273926,2.844330310821533,-8.355070114135742,-8.861258506774902,1.983988642692566,-9.5035400390625,-6.556771278381348,4.624902248382568,-6.527995586395264,-6.541952610015869
4_nicolas_10.wav,0.2989470362663269,0.07387670129537582,902.7707351058045,924.1899583146475,1701.123046875,0.04677036830357143,-325.3349304199219,194.643310546875,-20.56749153137207,27.356977462768555,5.219981670379639,-55.79085922241211,0.1883217990398407,2.0125906467437744,-27.388490676879883,8.854512214660645,1.5660274028778076,-17.605459213256836,9.799810409545898,0.8938729166984558,-9.311392784118652,11.5509672164917,-1.940672755241394,-9.369219779968262,7.533337116241455,-6.26157808303833,-12.422595024108887,1.0611236095428467,-6.710601806640625,-5.554877281188965,4.425560474395752,-3.718315601348877,-0.6173463463783264,5.7081708908081055,-3.344557523727417,-0.9099712371826172
3_nicolas_47.wav,0.3432917892932892,0.03888615593314171,1328.2170923886567,1086.22064571977,2688.337590144231,0.08589993990384616,-344.05877685546875,205.117431640625,-87.13716888427734,36.534305572509766,46.42391586303711,-43.208229064941406,7.791952133178711,-0.37890976667404175,-35.89044952392578,13.207770347595215,-1.9063231945037842,-30.881458282470703,7.851621150970459,2.7710330486297607,-8.4230375289917,14.717747688293457,-5.011816024780273,-13.604378700256348,8.7789888381958,-4.749993324279785,-7.886124610900879,6.071674823760986,-7.467981815338135,-5.41477632522583,4.552104473114014,-7.925850868225098,-1.5312482118606567,7.7115960121154785,-3.6489930152893066,-0.01388403121381998
7_nicolas_28.wav,0.37157541513442993,0.03373675420880318,1166.232853144415,1121.4869710978123,2507.351505055147,0.06005859375,-354.4776916503906,202.5912628173828,-62.892120361328125,32.8686408996582,34.340980529785156,-42.55231857299805,4.8472161293029785,-3.323551893234253,-34.301300048828125,12.755541801452637,1.6592018604278564,-22.4643497467041,11.272087097167969,3.1094117164611816,-9.408101081848145,9.7927885055542,-5.698763847351074,-8.397238731384277,8.927861213684082,-10.44782543182373,-11.39445686340332,6.545632362365723,-6.306134223937988,-4.4747538566589355,6.676791667938232,-5.625915050506592,-0.9935067296028137,7.545979022979736,-3.383746862411499,-0.42087334394454956
9_jackson_26.wav,0.3605012893676758,0.040695879608392715,691.8981406349887,728.2491140663583,1274.0478515625,0.04007523148148148,-388.0455627441406,240.47840881347656,-34.45695114135742,11.869871139526367,36.747798919677734,-28.180978775024414,-11.50680923461914,-3.5063202381134033,-20.020490646362305,5.4911932945251465,-4.263003349304199,-26.909448623657227,-1.8629111051559448,0.24288445711135864,-15.621899604797363,-7.901612281799316,-13.973462104797363,-15.249242782592773,1.064858317375183,-7.552993297576904,-13.648234367370605,-4.230503559112549,-13.446734428405762,-12.992816925048828,-1.5965346097946167,-13.68205451965332,-14.844353675842285,-1.3567758798599243,-8.594376564025879,-7.951845645904541
3_yweweler_10.wav,0.3900051414966583,0.011926992796361446,1266.4243730546887,1154.9226872739785,2668.681640625,0.06787109375,-512.1554565429688,177.94419860839844,-54.11682891845703,37.36600875854492,40.77445983886719,-46.78367614746094,1.1453979015350342,12.465849876403809,-37.575439453125,-14.307592391967773,-5.070541858673096,-20.151973724365234,1.4196445941925049,-6.063231945037842,-17.5283203125,8.62300968170166,2.5605790615081787,-11.335360527038574,6.708093643188477,2.579610586166382,-9.411843299865723,-1.7621681690216064,-5.4731526374816895,-7.360438823699951,-1.696557879447937,-7.698321342468262,-3.502044200897217,2.861978054046631,-7.31019401550293,-5.0148396492004395
3_george_34.wav,0.30421358346939087,0.04623982682824135,1571.4197081085465,1140.4996689410764,2967.39501953125,0.0915798611111111,-376.1231994628906,157.59603881835938,-101.53634643554688,32.11262512207031,49.14542007446289,-56.466453552246094,-22.17000389099121,-21.55455207824707,-50.20768737792969,-5.601752758026123,-20.87216567993164,-45.00984191894531,-1.5485100746154785,-9.96172046661377,-27.943105697631836,1.7879854440689087,-9.55380916595459,-21.47397232055664,0.3594874143600464,-12.211899757385254,-18.231857299804688,-1.5951365232467651,-14.344901084899902,-12.687668800354004,4.605507850646973,-9.23770523071289,-9.54110050201416,4.616481304168701,-7.284051895141602,-9.6622314453125
8_theo_18.wav,0.31861233711242676,0.003301068441942334,1531.5184947786456,1198.8701269021692,2959.548770680147,0.09469784007352941,-587.1362915039062,192.91807556152344,-74.61260986328125,58.358978271484375,43.165931701660156,-66.31275177001953,3.7472774982452393,17.752227783203125,-34.80624008178711,-3.960031747817993,-3.989900588989258,-20.19504737854004,6.33517599105835,-5.324453830718994,-10.485922813415527,11.411767959594727,-7.551565647125244,-10.511222839355469,6.074091911315918,-12.024025917053223,-8.557785034179688,5.848296165466309,-10.367498397827148,-4.657810211181641,4.521846771240234,-9.502272605895996,-0.7245658040046692,3.387451648712158,-10.373759269714355,1.7011046409606934
8_jackson_22.wav,0.2595570385456085,0.057165343314409256,977.134631683581,972.3811385591662,2003.66455078125,0.0529296875,-369.9338073730469,175.77041625976562,-16.06365394592285,47.947174072265625,21.35030174255371,-69.92369079589844,-22.500446319580078,9.888978958129883,-22.54819107055664,-17.706436157226562,-17.203853607177734,-21.817949295043945,-2.8254282474517822,-5.392799377441406,-7.970218658447266,3.845806837081909,-6.299115180969238,-7.778968811035156,2.1958420276641846,-8.124027252197266,-7.580410003662109,-3.9087886810302734,-19.27889060974121,-12.643941879272461,-0.07433824241161346,-13.072793960571289,-11.677825927734375,-0.8563573956489563,-7.325087547302246,-5.587624549865723
4_lucas_23.wav,0.50003981590271,0.051907606422901154,1105.0705915261071,798.0818241045955,1834.0671705163043,0.07640540081521739,-402.3511047363281,169.44432067871094,-14.036150932312012,8.597673416137695,9.62508773803711,-45.753562927246094,-11.343851089477539,20.884658813476562,-8.0489501953125,-4.727279186248779,10.538740158081055,-3.650423049926758,-5.483392715454102,-0.6305691599845886,-4.985653877258301,-1.2656893730163574,-2.3613812923431396,-7.438794136047363,-0.42124462127685547,-1.793997049331665,-10.886698722839355,-6.1586833000183105,-1.2019016742706299,-2.7758901119232178,-1.0970079898834229,-2.5511558055877686,-4.188492298126221,-0.577093780040741,-1.8390570878982544,-3.4551689624786377
7_yweweler_42.wav,0.30099353194236755,0.00697492016479373,932.9899781085032,925.816909643504,2006.3878676470588,0.033892463235294115,-540.8661499023438,203.9869384765625,-52.97258758544922,19.371417999267578,36.785884857177734,-33.052886962890625,3.6032660007476807,1.435522198677063,-37.01871109008789,3.573516607284546,9.3074951171875,-24.141443252563477,-6.558736801147461,1.0720728635787964,-7.628308296203613,2.56624436378479,-7.265867233276367,-11.761024475097656,3.7999980449676514,-6.217113018035889,-11.082686424255371,0.5743609070777893,-8.745322227478027,-8.064085006713867,3.1670446395874023,-9.412879943847656,-9.559593200683594,4.206023693084717,-3.477175235748291,-5.3310651779174805
9_theo_49.wav,0.3305639922618866,0.0069629051722586155,1050.7525580012555,949.6476852514893,2012.75634765625,0.06092664930555555,-541.0592651367188,215.7333526611328,-68.72335815429688,16.245262145996094,36.76082992553711,-40.83538055419922,-3.114152431488037,2.039538621902466,-24.948528289794922,10.042954444885254,1.1580731868743896,-22.80121421813965,1.8319422006607056,-2.1705989837646484,-9.847084999084473,1.8823038339614868,-15.92373275756836,-13.69724178314209,5.049116611480713,-14.752595901489258,-16.26923370361328,0.05039004981517792,-11.426450729370117,-5.261513710021973,6.133522987365723,-9.911090850830078,-4.905742168426514,5.84489631652832,-6.93674898147583,-3.4185359477996826
0_theo_34.wav,0.26045283675193787,0.0044498504139482975,910.3380301354583,905.3931718287104,1954.3722401494565,0.04173743206521739,-592.941650390625,214.6926727294922,-58.710304260253906,17.990032196044922,43.880680084228516,-24.31818389892578,0.3779466152191162,-5.6359148025512695,-29.033885955810547,6.2803120613098145,-4.617097854614258,-21.284360885620117,9.221941947937012,-2.261535406112671,-14.27382755279541,10.21557331085205,-1.501671552658081,-12.923563957214355,0.8281508088111877,-9.388396263122559,-9.437788963317871,3.3397157192230225,-9.766824722290039,-8.249320030212402,4.0643815994262695,-8.226778984069824,-9.289166450500488,-0.8295192122459412,-6.220241546630859,-2.383885383605957
5_lucas_14.wav,0.5498208403587341,0.03207360580563545,1285.5948785718463,962.9839452954337,2361.346435546875,0.10065569196428571,-405.77313232421875,174.24378967285156,-49.15717697143555,8.48952865600586,40.899600982666016,-25.226482391357422,-7.179923057556152,13.157055854797363,-16.24968719482422,-0.6756821870803833,15.428983688354492,-3.9215481281280518,-1.4720908403396606,2.2298927307128906,-6.776739597320557,1.8833054304122925,1.3260419368743896,-10.675680160522461,-1.9889485836029053,2.9120194911956787,-6.462331295013428,-4.678732395172119,-0.24956710636615753,-2.1255276203155518,-2.504232406616211,-4.419553279876709,-3.8028814792633057,-0.16584618389606476,-2.886645793914795,-4.1882147789001465
2_jackson_15.wav,0.29645881056785583,0.06267757713794708,1129.357494321844,952.7467524896946,2024.589206861413,0.06697944972826086,-342.97723388671875,189.4403839111328,-52.43874740600586,25.447080612182617,47.445133209228516,-27.975017547607422,-17.3609561920166,-15.585058212280273,-23.89556312561035,6.179209232330322,-15.592633247375488,-34.927589416503906,-2.84548020362854,-12.281023979187012,-21.593172073364258,6.5743088722229,-6.490769863128662,-16.587751388549805,9.32619571685791,-2.081955671310425,-15.364407539367676,3.6764731407165527,-3.596081495285034,-15.048785209655762,-3.5552875995635986,-8.213042259216309,-11.772424697875977,-0.6027094721794128,-5.6233720779418945,-9.278099060058594
7_lucas_15.wav,0.5223166942596436,0.021389460191130638,1151.1722908521722,1059.3267667797252,2501.8182051809213,0.08114463404605263,-500.6781921386719,112.11048126220703,-14.134157180786133,24.591495513916016,34.047813415527344,-9.783773422241211,3.487095594406128,8.106499671936035,-14.715193748474121,-1.2123645544052124,10.16453742980957,-1.4940377473831177,-1.829253911972046,-1.3678592443466187,-0.5574882626533508,5.57955265045166,-3.5306174755096436,-8.86505126953125,1.9961999654769897,0.09735604375600815,-6.0651750564575195,-1.9027656316757202,-4.598535060882568,-6.804922580718994,-0.9518836140632629,-2.254290819168091,-4.3620991706848145,-1.589066743850708,-3.0182442665100098,-1.6952317953109741
9_nicolas_34.wav,0.37440618872642517,0.03920505940914154,1039.7287652419118,1029.3252100698442,2161.6943359375,0.05479600694444445,-362.2734375,224.59783935546875,-73.0344467163086,21.035749435424805,38.064640045166016,-32.82011795043945,14.046185493469238,-0.40254348516464233,-40.30417251586914,10.129609107971191,5.629513263702393,-22.22003746032715,8.2920560836792,-1.5643583536148071,-15.426822662353516,11.487239837646484,-1.2805514335632324,-12.256097793579102,7.365896224975586,-4.835768699645996,-10.136592864990234,5.289818286895752,-5.16588830947876,-6.072379112243652,5.722970008850098,-2.6290040016174316,-1.7421183586120605,3.4026777744293213,-4.219054698944092,0.4650479853153229
6_jackson_39.wav,0.38188979029655457,0.07289902865886688,1572.9209688855085,1105.3466416757547,2744.7408741918102,0.14207300646551724,-347.26947021484375,119.46414184570312,-42.16288375854492,20.33500862121582,27.618396759033203,-33.04124069213867,-18.232101440429688,-12.002045631408691,-16.918052673339844,4.472157001495361,-9.5433931350708,-16.58204460144043,7.581281661987305,-1.1054952144622803,-8.747346878051758,-2.6054224967956543,-18.27509117126465,-9.979999542236328,4.5786662101745605,-20.348499298095703,-18.9792537689209,3.173079013824463,-12.600892066955566,-16.457050323486328,1.6210542917251587,-3.955963134765625,-6.176254749298096,0.9990236759185791,-5.471189498901367,-3.5486350059509277
8_theo_29.wav,0.38066837191581726,0.0057487478479743,1384.6341595260878,1176.8033917953303,2839.898212139423,0.0908203125,-561.1528930664062,175.300537109375,-53.93196105957031,61.13973617553711,40.916080474853516,-60.97653579711914,-2.9775760173797607,10.850435256958008,-35.65047836303711,-11.82654857635498,-8.91030502319336,-19.502437591552734,3.608260154724121,-5.245429992675781,-7.374384880065918,13.051987648010254,-5.387186050415039,-10.455357551574707,5.542712688446045,-11.40468978881836,-13.658638954162598,-1.6622587442398071,-13.33372974395752,-6.032022953033447,4.806722640991211,-8.379995346069336,-1.5270271301269531,5.285599231719971,-8.103182792663574,-1.0822588205337524
9_lucas_49.wav,0.4398905336856842,0.06543998420238495,1065.8167664834682,896.5388425898396,2084.7540604440787,0.058619449013157895,-355.5092468261719,207.6814422607422,-60.83063888549805,8.73956298828125,45.73183822631836,-35.0342903137207,-17.427045822143555,10.08009147644043,-17.852825164794922,-4.289037704467773,11.45034122467041,-6.58993673324585,-10.189105033874512,-7.438582420349121,-4.330801486968994,0.5615285634994507,-11.558749198913574,-12.672825813293457,0.5996578335762024,-7.3411335945129395,-13.345137596130371,-5.294348239898682,-7.842491626739502,-6.722215175628662,-2.3269574642181396,-10.661417007446289,-9.640968322753906,-3.7643842697143555,-10.501433372497559,-7.894111156463623
8_yweweler_15.wav,0.3454107940196991,0.009933522902429104,1400.973597788886,1139.5493080363422,2799.31640625,0.06272194602272728,-516.9985961914062,203.7997589111328,-80.3765640258789,46.57368469238281,51.192138671875,-65.30625915527344,-7.699174404144287,12.064452171325684,-38.18199920654297,-6.810988903045654,-6.755252361297607,-28.24413299560547,6.836977958679199,0.6817564368247986,-16.642107009887695,10.792389869689941,3.0504255294799805,-9.582216262817383,7.814233303070068,-2.4695327281951904,-6.935426712036133,5.666380882263184,-9.670523643493652,-9.899723052978516,3.8981611728668213,-11.094557762145996,-10.305536270141602,4.240846157073975,-6.739423751831055,-7.977409839630127
4_jackson_43.wav,0.29212576150894165,0.1042478084564209,767.0586152399567,684.039631429785,1219.317626953125,0.0453125,-292.0528564453125,221.2356414794922,-18.71640396118164,-15.9356107711792,-5.585313320159912,-29.29007911682129,-0.5472447276115417,-8.818662643432617,-23.846200942993164,0.1504017859697342,-11.549570083618164,-16.655054092407227,6.292938232421875,-11.847193717956543,-15.597386360168457,10.942350387573242,-5.710355281829834,-15.458269119262695,1.4968111515045166,-16.779605865478516,-25.43392562866211,-4.907400608062744,-10.608976364135742,-14.213369369506836,-0.8800897598266602,-7.0450119972229,-9.351426124572754,-2.6108314990997314,-10.169203758239746,-7.545445442199707
4_lucas_5.wav,0.4854317903518677,0.04884875938296318,986.7611722327267,786.8774545388701,1700.186820652174,0.06901749320652174,-394.2442321777344,175.73289489746094,-10.3742036819458,3.4914965629577637,3.115718364715576,-44.646095275878906,-8.290702819824219,20.032121658325195,-8.84481430053711,-5.07464075088501,8.797259330749512,-3.6414241790771484,-5.467406749725342,-2.967691421508789,-3.4853851795196533,2.4159281253814697,-4.967294216156006,-10.35603141784668,2.4619252681732178,-0.7870903611183167,-11.192946434020996,-1.6694989204406738,0.20229503512382507,-7.746505260467529,-2.662142276763916,-2.047529697418213,-9.101780891418457,-6.161011219024658,-4.179623126983643,-6.395256519317627
3_yweweler_28.wav,0.3146897256374359,0.012931163422763348,1095.4735725231546,1053.9422824810665,2434.0801532451924,0.03902493990384615,-500.0934753417969,187.99807739257812,-50.70798110961914,38.84482192993164,46.68692398071289,-46.16670608520508,-1.4651024341583252,16.2667179107666,-36.96977233886719,-16.42011833190918,-2.598839044570923,-25.074617385864258,-6.175768852233887,-2.5128493309020996,-18.818252563476562,-1.3588294982910156,2.3541791439056396,-7.6428728103637695,4.608705043792725,3.5140912532806396,-4.600244522094727,1.6719359159469604,-4.8562822341918945,-10.232244491577148,-3.2722725868225098,-9.228894233703613,-10.980472564697266,-1.9975136518478394,-5.48172664642334,-6.49101448059082
2_jackson_5.wav,0.2611115872859955,0.05861480534076691,910.5491398547605,820.848946170366,1459.130859375,0.06261625744047619,-369.29827880859375,193.8489532470703,-20.82244873046875,16.107738494873047,20.459211349487305,-29.874967575073242,-8.903632164001465,-12.484915733337402,-28.935157775878906,-3.497931957244873,-16.04237937927246,-29.028486251831055,1.9670274257659912,-3.0025439262390137,-16.67502784729004,1.9677821397781372,-4.3124799728393555,-10.961215019226074,4.292783260345459,-9.102447509765625,-18.64004898071289,-0.7201796174049377,-5.217514991760254,-13.692832946777344,-5.445698261260986,-12.219260215759277,-15.41014575958252,-3.3289952278137207,-5.238584041595459,-7.315347671508789
9_lucas_5.wav,0.4264000654220581,0.04749439284205437,953.252298560582,879.164521454476,2080.1971435546875,0.045003255208333336,-407.2063293457031,185.44720458984375,-42.2873420715332,10.873730659484863,36.37379837036133,-32.69999313354492,-8.157499313354492,17.102991104125977,-19.957508087158203,-12.157268524169922,10.8215913772583,-1.728719711303711,-5.688075542449951,-3.892864942550659,-7.061258792877197,-3.035802125930786,-7.234945774078369,-9.536845207214355,-1.1087279319763184,-7.917402744293213,-14.970748901367188,-4.650893688201904,-2.96858811378479,-8.578534126281738,-7.243161678314209,-7.935064792633057,-7.06304931640625,-5.090524196624756,-10.141803741455078,-9.018170356750488
8_theo_20.wav,0.3741651177406311,0.004641357343643904,1448.2653231653242,1079.5093909909906,2814.516314338235,0.10210822610294118,-571.63427734375,167.36380004882812,-62.02347946166992,49.861114501953125,45.195430755615234,-56.62755584716797,-2.9605236053466797,13.665892601013184,-33.119327545166016,-9.117913246154785,-5.576539516448975,-18.975793838500977,6.817231178283691,0.45037779211997986,-8.362897872924805,9.908788681030273,-3.224923610687256,-9.463473320007324,4.101530075073242,-8.978677749633789,-8.741007804870605,3.3723292350769043,-10.301130294799805,-8.922496795654297,1.1129255294799805,-8.481184005737305,-4.04789400100708,0.9745758175849915,-8.273019790649414,0.7846075892448425
2_theo_18.wav,0.3379150927066803,0.008686303161084652,1275.7136697373394,1098.1166656115615,2506.2255859375,0.0830078125,-511.21441650390625,197.9727325439453,-64.39022827148438,49.78688049316406,48.718441009521484,-48.22743225097656,0.329083114862442,-0.45246732234954834,-33.71000671386719,3.436889886856079,-16.003116607666016,-31.400272369384766,7.703190326690674,-14.20805549621582,-24.1074161529541,12.396530151367188,-5.941932678222656,-14.865498542785645,7.300864219665527,-12.899128913879395,-12.841935157775879,10.568378448486328,-7.276782512664795,-9.018675804138184,7.662845134735107,-6.654336929321289,-9.68981647491455,-2.418649435043335,-10.3291015625,-2.6239445209503174
3_lucas_27.wav,0.5009485483169556,0.04010492190718651,1381.9223662789298,1030.1316272498643,2544.833096590909,0.10265003551136363,-385.1015319824219,181.47850036621094,-63.5280647277832,30.313209533691406,57.3895378112793,-37.01657485961914,-10.772286415100098,13.395954132080078,-22.487688064575195,-3.568868398666382,4.892292499542236,-17.6651668548584,-1.3085236549377441,3.0497758388519287,-10.878731727600098,3.180391550064087,3.7656877040863037,-7.094857692718506,1.9211198091506958,-2.245211601257324,-9.469149589538574,0.9136679172515869,-3.429434299468994,-9.867769241333008,0.2799597680568695,-1.2325642108917236,-6.751250743865967,-1.5177173614501953,-3.6059415340423584,-6.845846652984619
4_yweweler_25.wav,0.4173298180103302,0.015161736868321896,784.3133532620056,664.5856089817725,1126.904296875,0.04781901041666667,-493.4671936035156,209.68804931640625,-12.05325698852539,-2.6836628913879395,-13.725740432739258,-56.95925521850586,-2.8584911823272705,14.338912010192871,-20.782276153564453,-4.196279048919678,1.2351499795913696,-15.680522918701172,1.3941428661346436,4.000493049621582,-10.432831764221191,-1.6619821786880493,-0.5915592312812805,-5.529536724090576,0.6447330713272095,-5.594003200531006,-8.430960655212402,-0.6399235129356384,-8.45383071899414,-10.15341854095459,0.41114112734794617,-5.180688381195068,-8.008674621582031,-0.12907637655735016,-4.2032551765441895,-5.659660816192627
0_lucas_40.wav,0.42781901359558105,0.05079469084739685,1079.1589384080567,828.0300194571328,1978.9013671875,0.0716796875,-360.69110107421875,214.12904357910156,-55.35883712768555,10.832906723022461,47.977237701416016,-22.502904891967773,-5.2863450050354,1.7532931566238403,-27.007089614868164,-0.24365168809890747,3.812558650970459,-18.573280334472656,2.1945981979370117,6.5572404861450195,-10.6908597946167,-0.10846914350986481,1.8772099018096924,-5.76010274887085,0.8224115967750549,-4.619637489318848,-8.42211627960205,2.3484413623809814,-3.0932953357696533,-10.118924140930176,-2.049786329269409,-1.7230348587036133,-4.376791000366211,-2.1844544410705566,-4.960664749145508,-4.923217296600342
5_nicolas_26.wav,0.32866695523262024,0.030676070600748062,1052.1114316765077,1036.8342980466534,2141.287051930147,0.062212775735294115,-362.8695373535156,227.4517822265625,-70.86392974853516,24.25647735595703,26.5498046875,-46.88371276855469,10.843460083007812,2.8442602157592773,-31.060855865478516,16.859926223754883,1.8599690198898315,-24.123212814331055,9.628634452819824,-2.5618984699249268,-12.179697036743164,15.0049467086792,-0.5849233865737915,-7.247258186340332,10.442138671875,-5.755064487457275,-7.909311771392822,4.556607246398926,-7.948821067810059,-3.599860668182373,4.809243202209473,-7.023402214050293,-0.4412226676940918,5.481476783752441,-3.4561288356781006,2.474748134613037
3_yweweler_17.wav,0.38411083817481995,0.006517182104289532,1292.0565307341217,1071.6380046617746,2655.550608915441,0.06996783088235294,-558.0289916992188,175.17410278320312,-62.74502944946289,30.424633026123047,49.35306930541992,-33.71999740600586,0.9047340154647827,7.781355857849121,-32.72516632080078,-3.9844112396240234,-0.0659368485212326,-23.856128692626953,-2.3075547218322754,-2.800386667251587,-14.867606163024902,6.351294040679932,1.7968636751174927,-11.33957290649414,3.9230992794036865,1.3637901544570923,-7.713014602661133,0.20065271854400635,-2.6835498809814453,-4.000840187072754,1.3803526163101196,-4.969219207763672,-3.089035987854004,2.2063841819763184,-6.101813316345215,-4.961368560791016
4_jackson_16.wav,0.2757726311683655,0.08389177173376083,640.239485384447,582.5957173475014,1079.493472450658,0.037623355263157895,-352.953125,214.19448852539062,15.7991361618042,-18.119104385375977,-9.931191444396973,-24.68989372253418,-20.4987850189209,-18.3657169342041,-11.749001502990723,-0.1806991696357727,-17.202133178710938,-22.512720108032227,-2.103381395339966,-7.715673923492432,-13.32153034210205,3.3297359943389893,-3.39106822013855,-15.387378692626953,-6.038541316986084,-9.519450187683105,-15.697593688964844,-5.252829074859619,-8.161775588989258,-17.875200271606445,-12.31235122680664,-8.758752822875977,-8.38734245300293,-4.068219184875488,-6.521756649017334,-7.924936294555664
8_yweweler_36.wav,0.3375073969364166,0.009494606405496597,1306.6591052117562,1184.3904456254377,2795.1754056490386,0.06817157451923077,-522.2698364257812,203.87310791015625,-72.14742279052734,55.71134948730469,49.614990234375,-67.88433837890625,-4.680130481719971,13.21938705444336,-36.20075988769531,-3.882197141647339,-8.560991287231445,-28.12272834777832,9.033698081970215,-2.425023078918457,-19.54646110534668,9.751776695251465,-0.5438375473022461,-11.182363510131836,8.52041244506836,-2.879025936126709,-8.109248161315918,0.06561481207609177,-15.837177276611328,-9.983704566955566,0.10764993727207184,-19.553953170776367,-11.211945533752441,4.783529758453369,-10.984297752380371,-8.272085189819336
1_nicolas_49.wav,0.3610363304615021,0.029005693271756172,995.8237336325539,1045.4088407055021,1992.718505859375,0.050618489583333336,-374.1880187988281,234.66969299316406,-60.17311096191406,35.076393127441406,24.172197341918945,-52.651458740234375,8.921768188476562,-2.325561285018921,-35.15193176269531,17.648061752319336,2.0243332386016846,-23.98811912536621,11.746220588684082,-1.0718802213668823,-12.314350128173828,12.4086275100708,-6.098396301269531,-11.931294441223145,8.253771781921387,-6.89320182800293,-7.2368621826171875,4.50230073928833,-11.77759075164795,-6.008817195892334,6.122233867645264,-6.991779327392578,-1.7146183252334595,5.107024669647217,-4.515041351318359,1.9884721040725708
1_lucas_14.wav,0.4380362629890442,0.045956991612911224,1078.791700877034,810.1312245805835,1959.521484375,0.057080078125,-407.73126220703125,168.4510955810547,-24.751689910888672,15.167574882507324,26.718835830688477,-35.39421463012695,-6.384103775024414,21.13302993774414,-15.752351760864258,-16.276338577270508,4.1627092361450195,0.43535423278808594,1.416063904762268,-0.5876108407974243,-6.3939714431762695,0.8016483187675476,-2.8739044666290283,-9.822608947753906,0.5435022711753845,-0.4939020574092865,-11.337143898010254,-6.600547790527344,-2.8225393295288086,-5.3733625411987305,-3.135967969894409,-6.177944660186768,-9.444573402404785,-3.5232479572296143,-3.156081199645996,-7.277931213378906
2_yweweler_11.wav,0.3245437443256378,0.006950573995709419,940.1981023060683,803.9989897336275,1684.5590444711538,0.05299729567307692,-573.3046264648438,184.50953674316406,-25.60074234008789,9.201461791992188,17.1541748046875,-28.60110092163086,7.711413860321045,12.346879959106445,-21.760793685913086,-5.740996837615967,-5.007596492767334,-19.262863159179688,-1.3336961269378662,-2.575502872467041,-10.055695533752441,4.957857131958008,-2.4477572441101074,-10.091707229614258,3.7755703926086426,-2.8963499069213867,-8.201980590820312,3.9796509742736816,-4.322041034698486,-12.085577011108398,-3.2449402809143066,-7.442133903503418,-9.790834426879883,-2.277116060256958,-6.078221321105957,-5.009280204772949
6_jackson_21.wav,0.529929518699646,0.03414362668991089,1320.9492623073015,1049.2753366641875,2537.2265625,0.10905412946428572,-392.5426330566406,138.20822143554688,-41.1742057800293,11.29224967956543,24.783668518066406,-34.8580322265625,-18.655925750732422,-5.910501956939697,-19.128944396972656,-0.3361336588859558,0.5192146897315979,-10.736180305480957,1.2822997570037842,0.1368175446987152,-6.120744228363037,-5.424228668212891,-15.561117172241211,-10.240391731262207,0.5409403443336487,-11.337261199951172,-10.319493293762207,-2.5319628715515137,-13.751199722290039,-9.426363945007324,0.9583457112312317,-9.549005508422852,-8.786662101745605,-1.034131646156311,-7.494479656219482,-5.0042290687561035
3_theo_5.wav,0.3393353223800659,0.0059426818042993546,1072.8054798885694,1086.681382403893,2486.00830078125,0.038232421875,-583.7540283203125,191.55044555664062,-59.7047119140625,56.08427810668945,59.10908889770508,-40.842506408691406,0.32300662994384766,3.316178798675537,-30.506763458251953,-0.8794668316841125,-17.246068954467773,-31.371856689453125,5.5862812995910645,-4.88345193862915,-10.458854675292969,13.249262809753418,-6.795737266540527,-9.757040977478027,9.416154861450195,-11.413534164428711,-11.56617259979248,6.245898246765137,-8.40346908569336,-6.046053886413574,1.8003530502319336,-14.697769165039062,-7.646025657653809,1.4311193227767944,-9.990740776062012,-1.3232762813568115
1_george_41.wav,0.4048171043395996,0.045912034809589386,1289.3823080931872,1025.0125243334855,2479.010009765625,0.0889892578125,-348.4833984375,202.76693725585938,-93.3807373046875,-9.192770957946777,6.075326919555664,-49.043792724609375,2.857391595840454,-19.089988708496094,-50.42869186401367,6.406954288482666,-13.698441505432129,-42.892364501953125,3.6696033477783203,-10.184419631958008,-35.517913818359375,-2.403359889984131,-8.75323486328125,-24.565826416015625,-6.777981758117676,-11.258832931518555,-11.481147766113281,-3.931635618209839,-19.238056182861328,-9.589945793151855,4.629862308502197,-14.31491756439209,-9.876853942871094,3.5855464935302734,-12.001917839050293,-10.041150093078613
1_george_29.wav,0.2988944351673126,0.0647917240858078,1243.5614619134594,993.6189688897242,2420.947265625,0.06996372767857142,-333.09259033203125,184.46212768554688,-95.57539367675781,-3.1542248725891113,14.27661418914795,-56.854827880859375,-2.8772854804992676,-4.901806354522705,-44.899993896484375,-0.4357939660549164,-5.053560733795166,-35.27158737182617,-4.425115585327148,-8.96965217590332,-28.032846450805664,-7.823358535766602,-14.624567031860352,-22.771827697753906,-7.589759349822998,-17.39594268798828,-19.208486557006836,-7.742502212524414,-17.352096557617188,-8.924397468566895,2.2911770343780518,-15.72491455078125,-10.045485496520996,5.327927589416504,-10.015115737915039,-12.026308059692383
2_nicolas_43.wav,0.333031564950943,0.034791093319654465,1091.1029104981023,1077.8143696924533,2347.119140625,0.061279296875,-372.9260559082031,187.81605529785156,-49.28195571899414,42.937705993652344,39.18989944458008,-33.1030387878418,17.573888778686523,2.016557455062866,-35.49184036254883,8.941293716430664,-6.963069438934326,-31.782588958740234,4.601437568664551,-6.305473804473877,-17.35094451904297,11.285337448120117,-2.1315550804138184,-9.667280197143555,9.049954414367676,-5.099399089813232,-6.074132442474365,7.343319892883301,-8.135400772094727,-5.216228485107422,6.885380268096924,-6.855863094329834,-4.501107215881348,3.1215689182281494,-5.603949069976807,1.3865655660629272
9_nicolas_20.wav,0.3549736440181732,0.04482179507613182,1044.8884838046886,1012.3223810995787,2103.5247802734375,0.0587158203125,-343.666748046875,232.82876586914062,-77.09256744384766,19.247705459594727,39.77655029296875,-35.521846771240234,8.161584854125977,-1.0944619178771973,-36.92693328857422,14.261107444763184,10.815462112426758,-23.178733825683594,0.6363928318023682,-3.7023978233337402,-13.767114639282227,8.018645286560059,-2.408535957336426,-8.157547950744629,7.186962604522705,-6.5381760597229,-8.747835159301758,2.763331890106201,-9.79698371887207,-4.834685325622559,7.477206230163574,-5.106691360473633,-2.1137702465057373,5.5436224937438965,-4.645549297332764,0.004233568906784058
1_yweweler_7.wav,0.3763561248779297,0.012472696602344513,967.8818682677515,860.2122237853841,1863.519287109375,0.0562744140625,-509.6670837402344,217.962890625,-60.06328201293945,0.08577203750610352,17.101045608520508,-49.01826477050781,5.4161763191223145,17.80708885192871,-36.484779357910156,-7.5075154304504395,12.433560371398926,-15.880026817321777,-3.3872807025909424,3.938575029373169,-11.84960651397705,-4.550720691680908,-7.040028095245361,-13.840277671813965,-0.04633651301264763,-3.986682653427124,-12.780620574951172,-4.82322883605957,-10.149577140808105,-12.292603492736816,-0.7229526042938232,-6.741763591766357,-11.10895824432373,-1.713398814201355,-4.763749599456787,-5.4230427742004395
8_nicolas_10.wav,0.4715489149093628,0.04839572310447693,1160.9998033974034,1133.0774241816227,2637.8173828125,0.03659237132352941,-353.21368408203125,192.48648071289062,-68.2289047241211,33.267478942871094,41.003814697265625,-48.524192810058594,-1.7680569887161255,9.17729377746582,-27.039581298828125,6.234462738037109,3.7440543174743652,-18.3906192779541,8.585599899291992,1.281834602355957,-15.041773796081543,5.588183403015137,-1.2109307050704956,-9.530659675598145,5.221317291259766,-4.443394660949707,-7.139218807220459,6.848700523376465,-1.9100797176361084,-2.64192271232605,6.882874488830566,-2.116208553314209,-1.7219085693359375,3.919588804244995,-3.900385618209839,-0.6340988278388977
4_yweweler_20.wav,0.48257631063461304,0.007886644452810287,839.8884460065308,667.0355481537732,1177.40478515625,0.06012834821428571,-544.1913452148438,238.27420043945312,-36.76051712036133,-11.13233757019043,-6.545847415924072,-58.89568328857422,-4.009159564971924,16.2603816986084,-18.564746856689453,0.01632622256875038,0.225019171833992,-18.499347686767578,5.115420341491699,7.590866565704346,-9.51621150970459,-1.2615420818328857,-4.117529392242432,-8.864107131958008,1.3994234800338745,-5.476353645324707,-7.991554260253906,2.5510292053222656,-5.33859395980835,-7.8050713539123535,1.6944665908813477,-4.6947479248046875,-6.957051753997803,-0.47460275888442993,-4.553708076477051,-3.594848871231079
0_theo_45.wav,0.277174711227417,0.004878232255578041,911.204348609846,962.2463439643135,1986.43798828125,0.03274197048611111,-581.1653442382812,208.65853881835938,-58.009521484375,24.51177406311035,45.97792053222656,-28.47823715209961,-1.2382055521011353,-5.234090805053711,-29.927812576293945,6.349932670593262,-4.8699951171875,-25.715559005737305,5.220428943634033,-0.5829479694366455,-12.51870346069336,6.493521213531494,-6.413440704345703,-15.54238224029541,-2.3938419818878174,-13.299430847167969,-11.319363594055176,2.554807424545288,-10.628890991210938,-8.784590721130371,3.7185897827148438,-7.423742294311523,-7.027501106262207,0.04161352664232254,-9.1663236618042,-7.389625549316406
1_yweweler_8.wav,0.3651292622089386,0.014219352044165134,970.7204863684033,810.4099464260902,1790.8447265625,0.056884765625,-498.15576171875,239.2296600341797,-59.18157958984375,-1.1943715810775757,7.781938076019287,-54.292964935302734,12.263755798339844,14.643218994140625,-41.738746643066406,3.1705198287963867,17.76097297668457,-21.495880126953125,-1.0589388608932495,6.523908615112305,-17.968191146850586,-8.002623558044434,-6.190690517425537,-14.912975311279297,-3.3817923069000244,-7.958981037139893,-14.108675956726074,-3.472555160522461,-8.142723083496094,-8.576345443725586,1.193400263786316,-7.435436725616455,-7.396064281463623,2.3153817653656006,-7.592424392700195,-8.601022720336914
5_nicolas_27.wav,0.4250749349594116,0.047979626804590225,985.1180188102345,916.2734801581888,1880.3552964154412,0.07217945772058823,-330.51165771484375,234.96478271484375,-65.98967742919922,19.494539260864258,23.060144424438477,-51.864383697509766,6.363905906677246,4.2546305656433105,-31.373449325561523,10.52169418334961,-2.6264231204986572,-22.662691116333008,14.468551635742188,-1.3612635135650635,-18.518918991088867,6.924571514129639,-7.095394134521484,-11.808282852172852,11.243170738220215,-4.105104446411133,-10.431164741516113,2.458970308303833,-9.413148880004883,-5.541356563568115,6.146124839782715,-6.068338871002197,-2.36434006690979,6.048398971557617,-2.272242546081543,1.3244950771331787
6_yweweler_16.wav,0.3405362069606781,0.005620894487947226,1760.7268744296105,1081.1957626778574,2952.882144325658,0.1557103207236842,-593.783447265625,128.12387084960938,-62.860389709472656,25.465625762939453,36.432674407958984,-34.2086296081543,-3.918278694152832,-2.547081470489502,-24.224708557128906,9.508763313293457,-3.373466968536377,-26.21364974975586,5.8930745124816895,3.736997604370117,-8.699076652526855,11.138144493103027,0.2567664682865143,-7.138574123382568,11.928152084350586,-1.5850374698638916,-8.62763786315918,8.917975425720215,-3.8434901237487793,-11.363738059997559,4.087590217590332,-3.651409864425659,-8.591821670532227,3.3400979042053223,-0.7103289365768433,-3.384828567504883
8_george_17.wav,0.273495614528656,0.05123269930481911,1304.7895640970762,1041.9760448171082,2650.5415482954545,0.06598455255681818,-372.45867919921875,139.27474975585938,-66.28446960449219,30.842878341674805,36.58396911621094,-57.556095123291016,-29.427873611450195,-17.129823684692383,-42.71377182006836,-12.696532249450684,-19.761581420898438,-36.437477111816406,3.91475510597229,-2.5018064975738525,-33.220027923583984,-7.00771951675415,0.42330268025398254,-20.5842227935791,-11.397743225097656,-2.875438928604126,-6.011528015136719,-5.044543266296387,-11.057928085327148,-8.118498802185059,-1.9576071500778198,-12.689375877380371,-11.026272773742676,-0.06668658554553986,-4.978089332580566,-3.1255064010620117
5_theo_45.wav,0.377003014087677,0.005816645920276642,1277.7382456840041,896.098778565991,2261.5529913651317,0.08622018914473684,-521.086181640625,228.3830108642578,-96.72693634033203,-6.572800636291504,22.537471771240234,-48.72301483154297,5.498251438140869,11.422894477844238,-23.997156143188477,15.960142135620117,12.551602363586426,-15.024953842163086,0.3077952265739441,-11.04731273651123,-10.348837852478027,11.132217407226562,-16.203479766845703,-20.698795318603516,5.328980445861816,-14.910154342651367,-16.328407287597656,10.523479461669922,-5.2665581703186035,-13.35678482055664,2.0420684814453125,-4.6182661056518555,-2.5690033435821533,4.440085411071777,-8.088515281677246,-5.217139720916748
8_yweweler_9.wav,0.36691293120384216,0.006312054581940174,1380.4106534789205,1155.1188299601424,2832.38525390625,0.08262416294642858,-548.6970825195312,185.7357635498047,-65.44746398925781,45.48332977294922,44.60676193237305,-58.11246109008789,-3.6155285835266113,12.497929573059082,-33.6876335144043,-6.543774604797363,-7.330122947692871,-24.28324317932129,6.291683673858643,-3.090149164199829,-17.024311065673828,9.200818061828613,0.04345171898603439,-10.852853775024414,5.328664302825928,-4.025031566619873,-4.706241607666016,7.581035614013672,-6.95499324798584,-5.162345886230469,3.4639151096343994,-15.326542854309082,-9.927558898925781,6.23341703414917,-6.6297125816345215,-5.556394100189209
1_lucas_8.wav,0.4594792425632477,0.04925783351063728,1064.4601914273694,855.1651782169445,1950.29296875,0.0656156994047619,-423.00396728515625,167.7840118408203,-16.157018661499023,17.42820167541504,21.963415145874023,-39.18824005126953,-6.586840629577637,23.968149185180664,-12.733610153198242,-13.055633544921875,9.398659706115723,1.0298247337341309,-5.564913749694824,-4.506508827209473,-4.497835159301758,0.3589586019515991,-4.553508758544922,-8.746427536010742,0.48710182309150696,-2.4044041633605957,-11.545743942260742,-5.244134426116943,-1.2991818189620972,-5.269684791564941,-4.6584343910217285,-4.892622470855713,-5.700063228607178,-4.169090270996094,-6.093430042266846,-5.387518405914307
8_lucas_35.wav,0.4780851900577545,0.06240098550915718,1555.8647166675903,1043.0021502716647,2745.4833984375,0.11863199869791667,-380.936767578125,134.5924530029297,-49.12861251831055,34.83163833618164,44.0698356628418,-44.38352966308594,-17.85959815979004,11.769550323486328,-14.465057373046875,-3.3652708530426025,2.0163981914520264,-11.21710205078125,2.4621565341949463,3.3501484394073486,-7.352113246917725,-0.9512444138526917,-3.307194471359253,-3.766355514526367,3.604158401489258,-6.085263729095459,-7.011176586151123,2.273135185241699,-7.462327480316162,-8.476893424987793,1.440995693206787,-6.064371109008789,-6.156837463378906,3.894590377807617,-1.908085823059082,-4.717848300933838
2_yweweler_39.wav,0.35973405838012695,0.00654226029291749,1056.4119913136183,812.9973675983431,1736.114501953125,0.06634521484375,-571.0962524414062,180.59701538085938,-30.53158187866211,25.12911605834961,23.660661697387695,-40.22986602783203,4.247216701507568,14.028951644897461,-22.955726623535156,-1.8817518949508667,-3.286072254180908,-25.793214797973633,-7.2422990798950195,-7.292912483215332,-16.280048370361328,1.92896568775177,-0.17380118370056152,-4.57240104675293,8.493110656738281,-2.5831620693206787,-10.196666717529297,3.1355345249176025,-4.4305620193481445,-13.679023742675781,-5.72581148147583,-7.0716047286987305,-8.246369361877441,-3.287600040435791,-5.94675874710083,-5.1450276374816895
2_theo_48.wav,0.3268141746520996,0.007168338168412447,1383.2671195366229,1030.0148370786667,2556.5784801136365,0.10005326704545454,-519.326904296875,200.16348266601562,-73.12749481201172,38.50938415527344,44.00120544433594,-49.78520202636719,-2.807399272918701,-3.4991281032562256,-36.40241241455078,2.5582964420318604,-13.587955474853516,-31.362201690673828,7.1202168464660645,-5.9213972091674805,-14.023056983947754,14.114884376525879,-4.548218250274658,-10.588776588439941,7.225131034851074,-14.986820220947266,-15.302863121032715,4.359004497528076,-11.244132995605469,-8.608306884765625,4.793086528778076,-10.650527000427246,-8.412705421447754,1.496130347251892,-6.607604503631592,0.7679433226585388
4_yweweler_21.wav,0.3910690248012543,0.012508570216596127,803.6779884255633,674.1062858214735,1204.423828125,0.0541015625,-506.59405517578125,199.229248046875,-8.039642333984375,-9.181414604187012,-11.168057441711426,-48.66907501220703,-8.002434730529785,13.651662826538086,-14.673352241516113,-7.727022647857666,-1.8335481882095337,-14.73180103302002,-1.2170639038085938,6.548998832702637,-4.65319299697876,-1.7734843492507935,1.02860426902771,-1.3239368200302124,1.7672737836837769,-4.139185428619385,-8.088746070861816,-1.171175479888916,-4.088441848754883,-7.076545238494873,-1.038311243057251,-3.6357128620147705,-5.350844383239746,1.2035998106002808,-0.3605543375015259,-3.6506025791168213
7_theo_26.wav,0.3430692255496979,0.056386109441518784,1214.0440183419357,986.5271564238711,2338.0089393028848,0.06775841346153846,-346.83233642578125,188.75245666503906,-78.85060119628906,3.9198079109191895,26.412431716918945,-47.75686264038086,-17.828067779541016,-16.27290916442871,-33.65877151489258,11.869609832763672,5.263737678527832,-23.181461334228516,-3.1714391708374023,-5.8593549728393555,-9.810099601745605,0.628210186958313,-19.373493194580078,-13.353788375854492,7.744441032409668,-17.18549346923828,-19.158353805541992,4.0206074714660645,-8.313932418823242,-6.91387939453125,5.823027610778809,-12.726981163024902,-10.928742408752441,7.078373908996582,-1.6391563415527344,0.13046807050704956
0_yweweler_41.wav,0.2709999084472656,0.011587030254304409,810.2298555897497,776.0600474603929,1557.568359375,0.03870442708333333,-505.6029357910156,216.02743530273438,-37.3935546875,5.682773113250732,20.720609664916992,-37.02199935913086,0.061627548187971115,7.0615997314453125,-31.57484245300293,-9.844940185546875,-4.735590934753418,-23.46684455871582,-0.18040227890014648,4.3456830978393555,-12.993813514709473,-1.7085528373718262,1.698644995689392,-4.428378105163574,2.584970712661743,-2.208247661590576,-6.873540878295898,-1.5675305128097534,-7.864599704742432,-7.936418056488037,-1.453357458114624,-8.816895484924316,-7.350928783416748,0.15160050988197327,-6.25206184387207,-4.5660295486450195
6_lucas_27.wav,0.5210806727409363,0.028431054204702377,1657.8656982453813,1023.4568701373308,2821.3623046875,0.14739118303571427,-378.1566162109375,158.38607788085938,-70.97036743164062,27.867149353027344,45.10646057128906,-40.92511749267578,-2.7952001094818115,11.829465866088867,-25.5963134765625,1.1758787631988525,6.668161392211914,-14.498848915100098,3.143153667449951,0.04389333724975586,-10.308363914489746,7.217274188995361,0.47273945808410645,-6.669270038604736,7.104161739349365,-3.4074435234069824,-9.771512985229492,2.74615216255188,-3.9910387992858887,-6.028056621551514,2.2032535076141357,-6.00067663192749,-4.356352806091309,4.61206579208374,-3.5915324687957764,-4.075313568115234
8_lucas_5.wav,0.4360892176628113,0.032348934561014175,1280.4200600746835,1058.306664214821,2638.355712890625,0.0844482421875,-466.5596618652344,99.9552993774414,-19.93894386291504,31.433826446533203,38.14641189575195,-18.54168128967285,-6.727137565612793,6.889361381530762,-10.100432395935059,-1.2309284210205078,1.1912744045257568,-9.239651679992676,-0.6524909734725952,-0.14056579768657684,-7.000732421875,-2.205986738204956,-4.952601432800293,-6.414288520812988,0.24704889953136444,-6.407504081726074,-9.529794692993164,-0.45786648988723755,-3.1202104091644287,-6.072981357574463,-0.19995030760765076,-2.716742515563965,-4.481219291687012,0.24819573760032654,-1.6595436334609985,-2.505094051361084
1_yweweler_9.wav,0.36180707812309265,0.008801234886050224,913.635327172064,842.196048725199,1712.786865234375,0.045654296875,-541.3182983398438,218.3800048828125,-46.66219711303711,5.18783712387085,15.730021476745605,-40.68844985961914,12.64119815826416,13.253033638000488,-36.058895111083984,1.2609411478042603,14.496500968933105,-18.630313873291016,-4.478204727172852,2.33630108833313,-11.34935474395752,-1.62174654006958,-5.619042873382568,-12.69068431854248,-0.4519823491573334,-6.7359700202941895,-11.732449531555176,0.3557406961917877,-5.031759262084961,-7.47239875793457,2.7368056774139404,-4.070242404937744,-7.459478378295898,-0.2067575454711914,-5.60306978225708,-5.68640661239624
4_yweweler_41.wav,0.3290381133556366,0.011002209968864918,817.0429554303454,769.0578985851588,1133.3642578125,0.055924479166666666,-537.2042846679688,218.44712829589844,-15.548829078674316,6.703856468200684,-15.598451614379883,-69.36685943603516,2.190288782119751,19.193416595458984,-27.4366455078125,0.9159518480300903,7.83306884765625,-26.02541732788086,-6.160188674926758,6.7244462966918945,-10.49669361114502,-1.2591896057128906,1.0184048414230347,-8.961623191833496,-0.0598723404109478,-1.653462290763855,-8.436034202575684,-0.6590631604194641,-4.792359828948975,-10.202177047729492,-3.434521198272705,-7.236699104309082,-7.872160911560059,2.4742188453674316,-0.9317898154258728,-6.306591510772705
6_yweweler_17.wav,0.2596476972103119,0.010429082438349724,1211.6351709602473,1037.819962717204,2490.1611328125,0.0390625,-485.19970703125,207.1817169189453,-76.41609954833984,37.181392669677734,55.45425796508789,-54.620052337646484,-16.829288482666016,4.710451602935791,-32.270870208740234,-8.702376365661621,-13.094643592834473,-29.069141387939453,4.9001007080078125,0.808971107006073,-13.131964683532715,8.115256309509277,-1.392364501953125,-8.425726890563965,7.313655376434326,-6.091100215911865,-4.3532280921936035,12.352995872497559,-10.007437705993652,-15.10111141204834,2.9334909915924072,-10.981241226196289,-13.23351001739502,3.1073062419891357,-5.914193630218506,-7.810155391693115
1_yweweler_20.wav,0.35230979323387146,0.014729066751897335,1029.5261750495508,862.736959494459,1967.596435546875,0.061187744140625,-489.64361572265625,211.6817626953125,-61.76282501220703,-0.11426138877868652,13.435344696044922,-47.801300048828125,10.881083488464355,17.519447326660156,-35.96890640258789,-2.6780214309692383,12.357416152954102,-18.70102882385254,-4.346208095550537,1.9868717193603516,-13.162813186645508,-4.242620944976807,-6.433537483215332,-12.386817932128906,-0.2701853811740875,-4.1398820877075195,-8.901327133178711,-0.848336398601532,-5.34892463684082,-5.124743938446045,1.591413974761963,-5.171445846557617,-3.546114683151245,2.019965648651123,-6.405868053436279,-4.6278581619262695
9_george_26.wav,0.3401890695095062,0.05816024914383888,1505.3396843877463,1087.876702605117,2825.949578536184,0.09341591282894737,-342.0513610839844,178.81263732910156,-113.93553161621094,7.517728328704834,28.978322982788086,-50.3936882019043,-0.14971257746219635,-11.876044273376465,-45.19890594482422,9.702925682067871,-8.871044158935547,-42.7151985168457,-1.5018707513809204,-10.972207069396973,-29.405311584472656,0.7609018683433533,-10.198448181152344,-23.5189266204834,-6.239959239959717,-15.458407402038574,-15.901232719421387,-6.161183834075928,-18.273771286010742,-6.099726676940918,4.227232456207275,-17.738561630249023,-11.253501892089844,0.7494081854820251,-15.336207389831543,-9.444744110107422
3_jackson_13.wav,0.23526786267757416,0.10430917888879776,744.0614480865271,853.6220342990389,1635.9567742598683,0.03202097039473684,-315.55615234375,181.115478515625,-21.201690673828125,31.411447525024414,36.36066818237305,-36.755775451660156,-27.445194244384766,-17.553247451782227,-26.862585067749023,-5.009878635406494,-15.96852970123291,-33.67453384399414,-8.985750198364258,-7.038394451141357,-16.59126091003418,0.44659167528152466,-0.5197587013244629,-8.095541954040527,0.6004332304000854,-4.9485979080200195,-7.304190158843994,1.1429822444915771,-10.351923942565918,-16.460256576538086,-5.979434967041016,-9.071484565734863,-11.861401557922363,-7.0662055015563965,-11.151317596435547,-10.41258716583252
7_theo_27.wav,0.34607550501823425,0.03636438772082329,1314.5554017871702,955.6219243101928,2315.9526624177633,0.09534333881578948,-413.25726318359375,147.13238525390625,-52.624916076660156,5.720752716064453,20.94094467163086,-35.956947326660156,-14.641202926635742,-11.22761058807373,-23.901214599609375,7.597225189208984,3.1500847339630127,-15.352160453796387,0.46671390533447266,-3.1196560859680176,-7.770406723022461,-0.380214124917984,-16.226789474487305,-11.692678451538086,7.125981330871582,-10.523122787475586,-14.183152198791504,2.819296360015869,-5.73753547668457,-3.488715410232544,8.861814498901367,-6.0410308837890625,-9.236246109008789,3.1844425201416016,-2.712958574295044,-1.782257318496704
1_jackson_5.wav,0.33597052097320557,0.05247710272669792,741.2714212151218,769.5252671755868,1319.1240234375,0.038203125,-356.2921447753906,238.32412719726562,-28.307785034179688,9.860542297363281,22.660921096801758,-37.72673034667969,-5.336454391479492,3.9785003662109375,-24.889598846435547,-0.7776939272880554,-1.156484842300415,-23.7100887298584,-3.4831323623657227,0.9408215284347534,-12.34912109375,-4.806808948516846,-9.008467674255371,-10.481607437133789,1.758576512336731,-8.155143737792969,-11.523387908935547,-0.6678997278213501,-12.68099594116211,-14.314596176147461,0.745769202709198,-9.978475570678711,-15.421160697937012,0.1382521390914917,-2.7518510818481445,-7.375665187835693
3_yweweler_20.wav,0.3370402157306671,0.008959622122347355,1193.855626486595,1061.9538727155227,2566.0400390625,0.047607421875,-523.9645385742188,200.9694061279297,-68.12549591064453,44.39762496948242,55.51335525512695,-50.44663619995117,-5.866006851196289,8.003701210021973,-39.71866226196289,-11.036567687988281,-7.552561283111572,-28.8089656829834,-1.68978750705719,-7.354555130004883,-21.222803115844727,6.160739421844482,0.07567890733480453,-13.947979927062988,4.903669834136963,0.9830169081687927,-8.297564506530762,-0.7973067164421082,-8.766524314880371,-10.415770530700684,-4.279348850250244,-12.026032447814941,-5.133141994476318,2.32299542427063,-10.426706314086914,-6.357957363128662
7_yweweler_32.wav,0.367084801197052,0.006796535104513168,905.1268957440374,931.7584110428103,1867.6887063419117,0.036362591911764705,-547.03662109375,198.17337036132812,-42.214271545410156,16.505353927612305,33.178306579589844,-31.533130645751953,-0.5744026303291321,4.701426982879639,-27.393949508666992,1.1293623447418213,6.045741558074951,-18.365331649780273,-5.013866424560547,-0.9350115060806274,-7.8339457511901855,-1.798596739768982,-11.453545570373535,-10.762604713439941,3.2366783618927,-7.893982887268066,-9.736815452575684,1.5353025197982788,-9.883459091186523,-11.250753402709961,-1.1437535285949707,-9.611872673034668,-6.459452152252197,5.113330841064453,-3.0498759746551514,-4.621100425720215
8_george_46.wav,0.25693827867507935,0.04752257093787193,1535.8205135789408,1126.6055856691642,2967.9931640625,0.07856677827380952,-375.85406494140625,135.17372131347656,-74.65528106689453,32.39069366455078,36.37696075439453,-54.384944915771484,-18.688053131103516,-16.133691787719727,-43.741615295410156,-5.776508331298828,-21.759105682373047,-43.7203483581543,4.711714267730713,-3.241415023803711,-35.77204513549805,-4.96657657623291,-0.30353808403015137,-22.552946090698242,-10.078612327575684,-4.064674377441406,-7.9939727783203125,-5.183726787567139,-12.192399024963379,-6.251471519470215,2.2765889167785645,-11.509075164794922,-8.572653770446777,3.618778705596924,-5.884585857391357,-3.826188564300537
2_lucas_24.wav,0.42067641019821167,0.03907403349876404,1211.613119718958,911.5838570983075,2216.7236328125,0.08902994791666667,-403.5174865722656,188.94996643066406,-54.71512985229492,11.969120979309082,51.821388244628906,-17.175901412963867,-6.406950950622559,2.548151731491089,-25.776060104370117,-2.9211056232452393,8.554787635803223,-10.849066734313965,-2.3251872062683105,-3.2461423873901367,-12.473503112792969,5.036167144775391,5.205385208129883,-6.974693298339844,3.2423112392425537,2.035170555114746,-8.389021873474121,-3.394216537475586,-6.630051612854004,-10.669743537902832,-0.4240589439868927,-2.12969708442688,-8.023900032043457,-0.7113192081451416,-1.3337559700012207,-6.912691593170166
8_jackson_18.wav,0.3443910777568817,0.05308081582188606,1044.5750447628473,1027.6492121805002,2359.08203125,0.055962456597222224,-354.0760192871094,176.17335510253906,-32.26383972167969,47.67180252075195,30.858747482299805,-67.41655731201172,-28.501047134399414,4.9523515701293945,-16.730012893676758,-10.03039264678955,-21.06700325012207,-27.087753295898438,-1.3690085411071777,-5.7686991691589355,-8.795283317565918,4.990932941436768,-6.7753705978393555,-5.079292297363281,4.576340198516846,-13.678585052490234,-10.334659576416016,-0.6724072098731995,-20.342857360839844,-14.104503631591797,1.5790826082229614,-15.244476318359375,-15.697551727294922,-2.4703142642974854,-8.12619686126709,-5.83902645111084
2_lucas_32.wav,0.45851561427116394,0.028742697089910507,1111.8038028702301,872.5967368841646,2115.0390625,0.07218424479166667,-420.4948425292969,185.74502563476562,-47.43182373046875,8.777568817138672,50.506465911865234,-9.434450149536133,-2.545464515686035,5.952735424041748,-20.292579650878906,-4.904316425323486,6.220563888549805,-7.995575904846191,-4.999991416931152,-5.828439712524414,-5.684623718261719,7.9799957275390625,0.1605253964662552,-8.690563201904297,2.7500386238098145,0.16672873497009277,-4.8259077072143555,1.6201807260513306,-5.709610462188721,-8.455931663513184,2.32039737701416,-3.7799923419952393,-10.24239730834961,-1.7836565971374512,-3.4704320430755615,-7.018047332763672
6_george_32.wav,0.2852308452129364,0.025378413498401642,1867.098434963272,1143.1208277640744,3118.9498901367188,0.13446044921875,-413.06036376953125,136.72732543945312,-99.23580932617188,38.861507415771484,51.060081481933594,-51.0025634765625,-14.532917022705078,-13.016315460205078,-43.824363708496094,-7.171978950500488,-24.411144256591797,-43.44404220581055,0.3417428731918335,-12.028606414794922,-32.120216369628906,-0.8020198345184326,-8.869842529296875,-20.884727478027344,-0.21376752853393555,-10.121206283569336,-13.566102981567383,4.5059967041015625,-6.777652263641357,-9.610063552856445,0.7128069400787354,-11.545181274414062,-8.393621444702148,1.8918566703796387,-10.941665649414062,-7.330361366271973
0_jackson_9.wav,0.25977301597595215,0.08369161188602448,645.8045038888855,726.3631479346051,1195.0927734375,0.03342982700892857,-336.4317932128906,193.79685974121094,0.8622413277626038,18.90618896484375,19.517114639282227,-35.13719940185547,-21.790390014648438,-10.706351280212402,-21.299602508544922,-8.265785217285156,-14.71374797821045,-20.66533088684082,-0.43316635489463806,-6.493095397949219,-14.183686256408691,2.2586660385131836,-4.0745320320129395,-10.656852722167969,2.8391544818878174,-6.9760870933532715,-17.754039764404297,-6.0467329025268555,-9.403303146362305,-15.77885913848877,-6.138253211975098,-7.555328845977783,-12.247132301330566,-6.546360015869141,-7.543509483337402,-9.0094633102417
1_nicolas_13.wav,0.4310537576675415,0.03342161327600479,980.5287000748633,994.0893897494033,1960.3496844951924,0.05464993990384615,-363.5451354980469,231.8169708251953,-56.675716400146484,22.73655891418457,19.64034080505371,-43.93589782714844,16.133703231811523,-0.47147369384765625,-38.74028396606445,14.07166576385498,6.548130512237549,-18.65224266052246,12.441811561584473,-1.8031163215637207,-14.197068214416504,12.484633445739746,-3.1891276836395264,-10.36890983581543,10.00924015045166,-5.868927478790283,-10.838869094848633,2.9005990028381348,-7.8714680671691895,-3.878467321395874,6.576883792877197,-4.454494953155518,0.07435304671525955,4.214905261993408,-7.862685680389404,-1.5820549726486206
5_lucas_30.wav,0.5081045627593994,0.03094957396388054,1332.6195821871625,938.2098206284937,2365.715997869318,0.10206557765151515,-432.8922424316406,168.52609252929688,-45.039302825927734,19.133039474487305,39.912166595458984,-33.654361724853516,-8.777310371398926,14.779617309570312,-14.826568603515625,0.7002161145210266,13.902507781982422,-3.5186855792999268,2.0486836433410645,3.1441755294799805,-5.15775203704834,3.504406452178955,-1.4694322347640991,-8.966544151306152,2.615980625152588,-2.3811655044555664,-11.845779418945312,-0.6807627081871033,0.8436954617500305,-4.501029968261719,0.7233660221099854,-0.7653762102127075,-2.659334659576416,1.746411681175232,-3.1732943058013916,-5.56301736831665
2_nicolas_10.wav,0.2618940770626068,0.06654055416584015,1122.9546057367472,1065.7650870183147,2113.330078125,0.07355608258928571,-336.9787902832031,157.35604858398438,-37.88656997680664,38.379310607910156,36.980350494384766,-24.120737075805664,14.091933250427246,-0.564667284488678,-33.215797424316406,3.729154348373413,-8.554604530334473,-31.464035034179688,-0.4099380075931549,-6.183102607727051,-16.48099136352539,7.4711408615112305,-3.4990150928497314,-11.052560806274414,10.596521377563477,1.9030253887176514,-5.210251331329346,6.481107234954834,-3.891843795776367,-6.642917156219482,2.7501370906829834,-5.3792724609375,-3.4048171043395996,3.1737396717071533,-6.014472961425781,-2.2287254333496094
3_nicolas_20.wav,0.340559720993042,0.032281212508678436,1224.160277253769,1141.9357957353438,2555.2734375,0.06695963541666666,-374.0436096191406,176.43663024902344,-58.96144485473633,42.67702102661133,39.402347564697266,-34.33208465576172,15.402361869812012,1.5042381286621094,-32.67499923706055,14.297765731811523,0.9106677770614624,-26.179838180541992,5.873673915863037,-4.176294326782227,-14.718955039978027,13.177756309509277,-0.06557289510965347,-9.89089298248291,8.005705833435059,-5.339242458343506,-8.502275466918945,5.541318416595459,-7.154290676116943,-6.818526268005371,2.7160451412200928,-9.343196868896484,-4.865473747253418,4.708243370056152,-4.8203816413879395,-1.0548489093780518
5_yweweler_34.wav,0.5172118544578552,0.007188682910054922,996.1097002197432,948.8038157453541,2010.662841796875,0.0697021484375,-533.8600463867188,201.2744903564453,-56.2752799987793,27.769397735595703,44.48073196411133,-29.478515625,13.294999122619629,16.140186309814453,-23.115747451782227,10.787751197814941,11.22849178314209,-14.48289966583252,6.261960029602051,1.2361180782318115,-11.13964557647705,7.373686790466309,-2.0893094539642334,-11.067008018493652,3.274129629135132,-6.062108516693115,-7.95856237411499,5.446849822998047,-5.278011798858643,-5.723111629486084,5.613018989562988,-4.665619850158691,-4.2280473709106445,5.224963188171387,-3.1485655307769775,-3.8511600494384766
7_george_10.wav,0.2755245566368103,0.051734793931245804,1481.2672812082867,1019.3344040070282,2598.7884521484375,0.10319010416666667,-357.9489440917969,142.71253967285156,-81.94930267333984,12.800517082214355,34.49726486206055,-41.83843994140625,-21.588111877441406,-29.168481826782227,-45.118167877197266,5.234531879425049,-8.170660972595215,-39.503116607666016,-1.001222014427185,0.05034784600138664,-22.698226928710938,-4.892556667327881,-8.432927131652832,-17.251052856445312,-4.296646595001221,-14.328704833984375,-14.355559349060059,1.376497745513916,-14.02824878692627,-15.85345458984375,1.2560993432998657,-12.489657402038574,-15.131169319152832,3.9871013164520264,-3.1072423458099365,-8.77316951751709
5_george_43.wav,0.3786911368370056,0.08360117673873901,1528.4006337998628,951.5343711912622,2699.883674172794,0.11150045955882353,-300.2535400390625,198.1006622314453,-130.096923828125,-13.44245433807373,22.805227279663086,-61.29939651489258,-10.371914863586426,-11.074931144714355,-47.939239501953125,5.89036750793457,-2.1401076316833496,-34.62588119506836,3.7062289714813232,-10.527153968811035,-37.960514068603516,-2.8739404678344727,-4.173000335693359,-17.642871856689453,3.5433619022369385,-7.544487476348877,-17.836156845092773,-1.626737356185913,-11.071074485778809,-11.168800354003906,5.577614784240723,-6.347391128540039,-9.80657958984375,0.655777096748352,-8.966450691223145,-7.722117900848389
8_theo_6.wav,0.3400183320045471,0.00495520606637001,1457.935896082797,1136.2948009329216,2894.949161305147,0.09914981617647059,-570.5184936523438,156.74334716796875,-49.49378204345703,50.450077056884766,42.473636627197266,-51.972198486328125,-5.075768947601318,8.917232513427734,-30.799072265625,-6.9461350440979,-4.77004337310791,-16.987529754638672,5.23676061630249,-2.177593946456909,-6.717067718505859,11.636663436889648,-3.0700838565826416,-6.8017578125,6.5601372718811035,-11.5974702835083,-12.867630004882812,2.0172338485717773,-10.976070404052734,-10.574105262756348,-0.7964209914207458,-9.997479438781738,-2.3289666175842285,6.447649955749512,-4.457714080810547,0.2391764372587204
8_lucas_29.wav,0.5070185661315918,0.05295979604125023,1250.2253841779125,1071.3263473303252,2511.065118963068,0.06980202414772728,-390.8476257324219,169.00888061523438,-46.518917083740234,35.774818420410156,49.94904708862305,-43.66695022583008,-18.712377548217773,13.056936264038086,-14.520541191101074,-4.323242664337158,1.7257863283157349,-12.24170207977295,0.20501388609409332,1.589516043663025,-6.445907115936279,0.8861832022666931,-4.532181262969971,-5.893102645874023,4.338679790496826,-5.370633125305176,-7.738832473754883,3.4143669605255127,-5.395089149475098,-7.770270824432373,3.1096689701080322,-3.4946157932281494,-6.798192024230957,-0.08697797358036041,-5.046321392059326,-5.210455894470215
9_theo_25.wav,0.25768202543258667,0.006470252759754658,985.9739980621279,931.6283445159166,2033.1877055921052,0.04422800164473684,-549.1897583007812,223.6647491455078,-75.61846160888672,22.410152435302734,43.86521530151367,-44.51557922363281,-3.6481752395629883,5.168206214904785,-26.421947479248047,9.29443073272705,3.4105048179626465,-22.872886657714844,0.11957135051488876,-3.2546277046203613,-10.350769996643066,2.1424355506896973,-16.346267700195312,-14.699185371398926,5.7695631980896,-13.153064727783203,-13.997751235961914,5.176513195037842,-6.700662136077881,-3.644803047180176,9.627198219299316,-6.0008344650268555,-7.775263786315918,1.9312398433685303,-5.0450286865234375,-3.632016658782959
7_theo_46.wav,0.3062993288040161,0.006862495560199022,1251.5012398889614,962.5165646133809,2304.6860638786766,0.0993795955882353,-537.1859741210938,179.47190856933594,-51.83738327026367,22.308151245117188,26.32933235168457,-43.748016357421875,-3.2623493671417236,-0.22470048069953918,-25.355031967163086,10.402661323547363,1.9013267755508423,-21.065519332885742,4.215620994567871,1.0917298793792725,-8.259320259094238,2.244490385055542,-13.255209922790527,-12.784177780151367,2.2943034172058105,-15.00003433227539,-13.58415412902832,3.723823070526123,-5.710516929626465,-1.8899966478347778,4.657657623291016,-11.212116241455078,-5.411210536956787,4.517787933349609,-6.569404125213623,-2.1802127361297607
5_yweweler_46.wav,0.4948139488697052,0.006793823558837175,1090.3037665862707,933.3270638840904,2147.7029551630435,0.06734035326086957,-545.2327270507812,202.80673217773438,-65.21098327636719,6.60554838180542,29.051403045654297,-37.7252311706543,5.540537357330322,14.690725326538086,-21.943151473999023,8.374683380126953,11.429293632507324,-13.00655460357666,5.307990550994873,2.8078763484954834,-10.7999906539917,1.363775610923767,-6.375532150268555,-8.969937324523926,6.119986057281494,-6.913083076477051,-10.344947814941406,6.396450519561768,-3.512251853942871,-8.228556632995605,2.806079387664795,-5.506909370422363,-6.592726230621338,3.237318277359009,-3.3960530757904053,-4.351850986480713
2_yweweler_21.wav,0.33070069551467896,0.009302747435867786,981.6884159850259,952.5558449125172,1884.92431640625,0.05381556919642857,-543.0582275390625,174.6066436767578,-35.61902618408203,13.50222110748291,30.506303787231445,-23.670896530151367,1.8651460409164429,3.1049773693084717,-31.178752899169922,-12.12960147857666,-6.888217449188232,-20.113985061645508,-2.577955961227417,-4.999583721160889,-14.761427879333496,2.749788522720337,0.0073858327232301235,-7.563228130340576,6.955565452575684,1.2308704853057861,-8.763139724731445,1.6642036437988281,-2.7493624687194824,-11.469910621643066,-4.306278705596924,-5.8103203773498535,-10.156502723693848,-5.584170818328857,-5.645272254943848,-4.595491886138916
8_lucas_10.wav,0.44773057103157043,0.06907530128955841,1390.190359898139,1020.0715135248372,2643.798828125,0.10405815972222222,-348.88232421875,166.99021911621094,-54.673065185546875,31.897525787353516,47.962467193603516,-45.79118347167969,-19.318498611450195,10.883464813232422,-17.032676696777344,-3.9411745071411133,1.6450356245040894,-13.663346290588379,1.0999528169631958,3.334961175918579,-8.968875885009766,-3.4500160217285156,-2.060680866241455,-0.31116968393325806,1.6745469570159912,-10.117049217224121,-5.4389166831970215,3.9176433086395264,-9.653925895690918,-8.771636009216309,2.7960290908813477,-5.769318103790283,-6.537515640258789,0.7702816724777222,-5.790150165557861,-5.757627487182617
5_nicolas_6.wav,0.41031327843666077,0.034753672778606415,1062.7202678921794,1040.7819514965538,2106.8893432617188,0.060028076171875,-360.462646484375,233.69931030273438,-76.71178436279297,21.154827117919922,26.221492767333984,-42.13103485107422,20.681285858154297,3.840287208557129,-38.95723342895508,12.540002822875977,3.3278441429138184,-21.12063217163086,11.580101013183594,-4.492779731750488,-16.38498306274414,11.986766815185547,-1.7752883434295654,-6.203673839569092,10.850362777709961,-7.7858734130859375,-8.276427268981934,4.691293716430664,-11.128080368041992,-4.7794084548950195,8.344966888427734,-3.894413948059082,2.0580897331237793,7.388645648956299,-5.926713943481445,-0.10683408379554749
7_yweweler_25.wav,0.3527822494506836,0.013019400648772717,989.1469032634787,910.5659703606879,2139.4775390625,0.04160853794642857,-469.1693420410156,212.4366455078125,-62.909332275390625,9.485735893249512,33.23651885986328,-40.43551254272461,-4.731208801269531,2.552337646484375,-33.35911560058594,2.7885000705718994,12.590627670288086,-17.595775604248047,-6.069921970367432,1.494132161140442,-3.261871337890625,1.3508692979812622,-12.28787899017334,-12.62031364440918,3.8939740657806396,-4.8171706199646,-5.854441165924072,2.0689826011657715,-12.136185646057129,-9.82712459564209,1.4910252094268799,-11.769810676574707,-10.171213150024414,1.9582157135009766,-7.14557409286499,-6.904754638671875
0_nicolas_31.wav,0.33363649249076843,0.03937340900301933,889.1271233365999,1105.6486816404283,2225.5198759191176,0.038315716911764705,-373.7515563964844,194.17227172851562,-43.96818923950195,50.01952362060547,43.459861755371094,-31.356359481811523,15.429762840270996,2.31069278717041,-35.286163330078125,1.9081779718399048,-11.573477745056152,-27.74315643310547,10.089971542358398,-0.49663543701171875,-12.584088325500488,12.005877494812012,-0.9509388208389282,-8.178964614868164,8.540044784545898,-4.362391948699951,-7.510130405426025,1.6763709783554077,-10.533421516418457,-4.709499359130859,5.395779609680176,-7.040005683898926,-2.5973002910614014,2.833340644836426,-7.817776679992676,-0.34660547971725464
7_george_31.wav,0.22514037787914276,0.02981448918581009,1253.130699929723,1119.5046256757344,2591.8798828125,0.05693359375,-394.2185974121094,149.16468811035156,-72.16287994384766,17.024221420288086,36.06769943237305,-35.95066833496094,-19.851234436035156,-28.471349716186523,-44.44773864746094,-0.6040350794792175,-12.437052726745605,-37.5281867980957,-3.411147117614746,-5.768261909484863,-23.004175186157227,-1.820233702659607,-7.85241174697876,-20.08595085144043,-5.053449630737305,-10.375503540039062,-15.348400115966797,-5.023657321929932,-12.143022537231445,-9.17448902130127,1.421451449394226,-12.346139907836914,-11.770608901977539,4.063469409942627,-3.028269052505493,-6.429722785949707
3_jackson_43.wav,0.2135741412639618,0.10868988186120987,1005.406338249204,1013.5587485601862,2228.1971324573865,0.04274680397727273,-292.77099609375,175.99180603027344,-56.54759216308594,37.80385208129883,49.1888427734375,-32.58167266845703,-8.242488861083984,-16.2783203125,-41.909427642822266,-2.9352312088012695,-14.454024314880371,-38.05501937866211,-5.727908611297607,-6.236316204071045,-13.751672744750977,7.842854022979736,-1.4712413549423218,-7.939808368682861,1.7481961250305176,-14.598349571228027,-12.118175506591797,1.8245081901550293,-18.035200119018555,-18.534032821655273,-1.7077217102050781,-12.20259952545166,-11.276826858520508,-1.129781723022461,-11.460785865783691,-9.703185081481934
2_nicolas_16.wav,0.24308712780475616,0.03301473334431648,1236.4192571806768,1136.6636914793314,2535.8935546875,0.06884765625,-385.6329345703125,174.31236267089844,-58.94353485107422,43.31793212890625,44.27967071533203,-28.881885528564453,20.825326919555664,4.0829973220825195,-34.39870071411133,10.469964981079102,-4.971108913421631,-30.56093406677246,5.910132884979248,-4.449390888214111,-18.620851516723633,6.304625034332275,-6.084884166717529,-9.887743949890137,11.528332710266113,-4.180577754974365,-7.8223137855529785,9.147077560424805,-2.6049699783325195,-1.8619319200515747,9.220459938049316,-4.077532768249512,-2.791975259780884,5.322931289672852,-4.533853054046631,-1.4587355852127075
9_george_35.wav,0.33159878849983215,0.048727914690971375,1263.485144533599,1011.1576085423557,2275.7904052734375,0.072174072265625,-352.5477294921875,194.0418701171875,-106.99787902832031,4.601815700531006,35.47853469848633,-43.16072463989258,-9.931031227111816,-18.55748176574707,-42.929866790771484,4.962161064147949,-10.867758750915527,-34.34972381591797,4.112936019897461,-11.655923843383789,-29.621152877807617,3.079148530960083,-9.308229446411133,-23.319915771484375,-0.18115243315696716,-8.821152687072754,-14.54038143157959,-1.8289035558700562,-14.162686347961426,-9.385442733764648,4.626351356506348,-13.597947120666504,-10.984156608581543,7.212050437927246,-4.971714973449707,-7.534513473510742
2_nicolas_7.wav,0.2874297499656677,0.053854066878557205,1043.9258225614474,1008.7845072961588,2075.469501201923,0.06080979567307692,-349.6535949707031,171.76637268066406,-41.14581298828125,41.78017044067383,37.655582427978516,-27.78183364868164,15.840778350830078,-0.05374996364116669,-36.06302261352539,1.4301660060882568,-11.21143627166748,-30.997934341430664,4.123593330383301,-3.7482194900512695,-17.68645477294922,6.014608383178711,-1.99918794631958,-8.17593002319336,8.006529808044434,-3.903231143951416,-5.338657855987549,8.325489044189453,-5.121005535125732,-4.397112846374512,9.180002212524414,-2.6251020431518555,-4.93195104598999,3.4375481605529785,-2.467481851577759,-1.5408154726028442
6_lucas_9.wav,0.5622715950012207,0.0308986809104681,1729.0381365321703,1001.7670338870199,2834.6923828125,0.16057477678571427,-370.10198974609375,172.60581970214844,-86.10834503173828,29.345979690551758,50.99094772338867,-47.57086181640625,-4.871731281280518,14.333573341369629,-26.202430725097656,2.512970447540283,7.038299560546875,-16.758840560913086,4.7911529541015625,3.983565092086792,-8.07899284362793,7.237462520599365,-1.908104658126831,-7.446191787719727,9.493338584899902,-1.2518121004104614,-7.40746545791626,4.6683669090271,-5.026062965393066,-6.531464576721191,4.5343194007873535,-3.6710052490234375,-3.641507148742676,3.4678657054901123,-4.584096431732178,-2.5553793907165527
2_nicolas_28.wav,0.279646635055542,0.030228471383452415,1117.6893116727797,1149.5983456656381,2582.6385498046875,0.04534912109375,-393.71478271484375,180.04739379882812,-54.45086669921875,45.464019775390625,41.569175720214844,-32.805335998535156,20.569608688354492,6.48439884185791,-31.652679443359375,12.079015731811523,-4.136448860168457,-28.655555725097656,6.725914001464844,-5.143970489501953,-16.400959014892578,9.730098724365234,-5.425562858581543,-11.237456321716309,7.975399017333984,-7.409809112548828,-7.446537017822266,9.325579643249512,-3.3464484214782715,-1.7396842241287231,7.601776123046875,-4.178828716278076,0.44886937737464905,4.769997596740723,-7.415065765380859,-1.5496585369110107
4_george_11.wav,0.2896399199962616,0.054526571184396744,1040.6449351034908,845.2626118803677,1851.85546875,0.05801669034090909,-376.4577331542969,159.7305145263672,-58.41246032714844,-9.356769561767578,14.11267375946045,-41.54445266723633,-17.74062728881836,-7.709573745727539,-36.586456298828125,-19.09726905822754,-12.599270820617676,-24.946821212768555,-7.216043472290039,-8.363433837890625,-21.71544647216797,-5.399387359619141,-3.7631776332855225,-17.720661163330078,-13.492603302001953,-13.615453720092773,-16.188955307006836,-8.720623016357422,-9.398706436157227,-8.706108093261719,-4.164524555206299,-10.196608543395996,-7.605897426605225,0.6737958192825317,-4.587861061096191,-2.987884759902954
2_george_12.wav,0.18254725635051727,0.048445653170347214,788.3047971001242,846.5130214961042,1517.4574908088234,0.030704273897058824,-409.6911315917969,163.3448028564453,-39.383121490478516,10.210186004638672,11.173003196716309,-45.287445068359375,-7.047743320465088,-2.2516677379608154,-34.04029846191406,-14.227151870727539,-20.195911407470703,-39.08210372924805,-18.12743377685547,-19.60750389099121,-24.644977569580078,-1.0101186037063599,-5.422876834869385,-18.696929931640625,-9.552146911621094,-13.166306495666504,-15.988512992858887,-6.588647842407227,-9.733498573303223,-9.841469764709473,-5.341763496398926,-11.405050277709961,-10.885469436645508,-8.88875961303711,-12.034961700439453,-5.237142562866211
8_nicolas_5.wav,0.3886392414569855,0.035856422036886215,1092.067670457274,1103.6828425451824,2480.4593599759614,0.06253756009615384,-359.5652160644531,226.20712280273438,-69.6849594116211,45.59324264526367,39.66858673095703,-54.96055221557617,0.1476362645626068,-3.4992382526397705,-35.10729217529297,16.65043830871582,4.1157402992248535,-21.841875076293945,11.936410903930664,-2.768375873565674,-18.58134651184082,5.042849540710449,-7.095860958099365,-7.535423278808594,10.835371971130371,-9.429532051086426,-9.443979263305664,8.044929504394531,-7.691718578338623,-5.269012928009033,8.37617301940918,-3.783578395843506,-0.9611383676528931,5.963868141174316,-4.301262855529785,-0.4421074092388153
8_theo_13.wav,0.3620435893535614,0.004206610843539238,1532.802152731316,1107.2287496022918,2902.2720336914062,0.112213134765625,-582.9678955078125,167.91696166992188,-60.98972702026367,52.41398239135742,45.92327117919922,-55.123565673828125,-1.8433160781860352,12.799446105957031,-29.998294830322266,-4.517363548278809,-2.7268662452697754,-14.328344345092773,6.684029579162598,-4.130415916442871,-5.556363105773926,13.211050987243652,-5.794124126434326,-8.3980712890625,4.273008823394775,-14.54285717010498,-9.279424667358398,5.743172645568848,-11.69168472290039,-8.343769073486328,1.8748178482055664,-11.224522590637207,-3.4579358100891113,5.553400039672852,-5.500454902648926,0.2101454734802246
4_theo_32.wav,0.3155553936958313,0.004427492618560791,839.0568720666154,811.214394016539,1332.1875,0.0435546875,-585.7893676757812,245.7769317626953,-38.63420867919922,-3.6552653312683105,6.16795539855957,-32.510005950927734,10.103131294250488,6.370453834533691,-20.29730987548828,5.705770969390869,-6.321494102478027,-21.551572799682617,6.1139044761657715,-1.4897125959396362,-12.413987159729004,6.450851917266846,-3.7907440662384033,-11.658255577087402,1.975096344947815,-9.85669994354248,-15.576013565063477,-2.3520750999450684,-7.681715488433838,-8.969574928283691,-1.051693320274353,-4.825854778289795,-1.2499364614486694,2.8101816177368164,-3.456515073776245,0.6758794784545898
5_jackson_31.wav,0.27946096658706665,0.07458353042602539,818.9056443643606,757.9574567576948,1452.89306640625,0.044976128472222224,-307.8367614746094,221.01510620117188,-43.93936538696289,-6.53904914855957,13.660029411315918,-39.97814178466797,-13.687000274658203,-6.416582107543945,-25.244966506958008,0.6816304326057434,2.501495122909546,-14.240983963012695,-10.7872953414917,-18.0385684967041,-10.017719268798828,3.6126747131347656,-17.79629135131836,-15.990360260009766,5.441338062286377,-10.02319622039795,-14.465984344482422,0.173374742269516,-10.537869453430176,-13.799295425415039,-4.689666748046875,-11.05044937133789,-9.18313980102539,-4.340502738952637,-10.809139251708984,-5.042178630828857
9_yweweler_42.wav,0.33752351999282837,0.0068529038690030575,928.1109117195577,914.5743683791227,1919.146728515625,0.0466552734375,-555.6950073242188,229.04080200195312,-61.827171325683594,15.972696304321289,36.05082702636719,-37.115211486816406,9.698787689208984,14.45086669921875,-29.824752807617188,1.1762415170669556,5.642914772033691,-18.297924041748047,0.12091908603906631,-2.7915661334991455,-14.011578559875488,-1.9345871210098267,-11.454794883728027,-10.549981117248535,5.546626567840576,-9.957210540771484,-11.840065002441406,5.0330681800842285,-4.639204025268555,-6.297159194946289,0.6456820964813232,-10.870877265930176,-5.076695442199707,6.007222652435303,-5.399313926696777,-4.199380874633789
1_jackson_16.wav,0.2575896680355072,0.06768681854009628,641.196747923346,743.7481769061752,987.1016068892045,0.03213778409090909,-366.6737365722656,211.57977294921875,-13.060685157775879,8.564809799194336,15.214588165283203,-35.421932220458984,-6.386239528656006,4.03463888168335,-27.939624786376953,-13.570886611938477,-5.035282611846924,-19.493322372436523,-7.683457851409912,-4.0073161125183105,-12.237093925476074,-3.7335386276245117,-6.494487285614014,-13.792678833007812,-6.709991931915283,-10.571126937866211,-13.700403213500977,-4.134311199188232,-8.030170440673828,-12.418277740478516,-5.784128189086914,-9.154411315917969,-9.77181339263916,-1.8609530925750732,-6.142410755157471,-7.614570140838623
1_yweweler_43.wav,0.32911917567253113,0.009522400796413422,862.2318279323199,876.7707309873208,1596.8215942382812,0.04571533203125,-551.9064331054688,194.74856567382812,-28.811866760253906,14.393567085266113,12.5621919631958,-44.78470230102539,6.446420192718506,14.335500717163086,-34.064109802246094,-7.8369903564453125,10.70028018951416,-12.79449462890625,-5.362195014953613,-1.1363624334335327,-11.349893569946289,-5.121031761169434,-8.031593322753906,-10.086517333984375,0.3036271333694458,-6.641938209533691,-10.329950332641602,-0.6145021915435791,-5.996342658996582,-7.826993942260742,-0.7695887684822083,-7.997998237609863,-9.699750900268555,-1.9440466165542603,-4.6056013107299805,-3.9185478687286377
2_jackson_26.wav,0.22017057240009308,0.061390046030282974,1017.9966669512015,845.3738775790986,1697.207919034091,0.06771573153409091,-381.4411926269531,155.15444946289062,-21.58106803894043,44.73020935058594,47.95779800415039,-39.59410858154297,-35.28062438964844,-12.510601043701172,-19.357967376708984,-9.063663482666016,-17.031370162963867,-25.425214767456055,-7.8802337646484375,-12.269270896911621,-15.826251029968262,0.3314592242240906,-7.960536003112793,-11.253913879394531,4.1320085525512695,-6.821527481079102,-10.931014060974121,7.034020900726318,-2.961817979812622,-16.04799461364746,-5.449731349945068,-6.639296054840088,-11.651144981384277,-6.404183864593506,-9.295820236206055,-7.609675407409668
1_lucas_16.wav,0.48336902260780334,0.025977954268455505,1244.1736316131671,1043.6312594079752,2508.0660306490386,0.09137119391025642,-537.9375610351562,99.69654083251953,-7.959912300109863,12.428141593933105,18.479673385620117,-12.300867080688477,1.6818634271621704,9.43875789642334,-9.910313606262207,-5.428069591522217,5.015019416809082,1.6372579336166382,-0.43593108654022217,-4.585716247558594,-4.075183391571045,2.1199464797973633,-3.180593729019165,-6.4513092041015625,-0.8805551528930664,-4.27642822265625,-6.832625865936279,-2.3013341426849365,-4.455132484436035,-5.414417266845703,-2.59799861907959,-5.727058410644531,-4.3226189613342285,0.9760398864746094,-2.090894937515259,-2.9398789405822754
6_yweweler_40.wav,0.3248947560787201,0.005794925149530172,1747.5067734822949,1046.6906299728576,2832.8125,0.13099500868055555,-589.1296997070312,130.0067138671875,-75.98805236816406,27.346633911132812,44.2122917175293,-37.00886154174805,-3.7593095302581787,5.342504024505615,-22.941246032714844,5.718264579772949,-1.120067834854126,-23.142784118652344,3.5999538898468018,2.9776930809020996,-8.459839820861816,6.146492958068848,-2.9145286083221436,-5.536486625671387,10.450422286987305,-2.3536558151245117,-4.967654705047607,9.138819694519043,-5.042299270629883,-9.783912658691406,2.2911462783813477,-5.975639343261719,-6.614849090576172,2.6877682209014893,-3.8853633403778076,-3.846619129180908
9_lucas_17.wav,0.44716498255729675,0.06302673369646072,871.5490694662631,837.6663883630648,1914.840087890625,0.044921875,-345.36151123046875,221.1783447265625,-45.32974624633789,19.238506317138672,43.07386016845703,-36.61734390258789,-5.286681652069092,17.271202087402344,-25.323312759399414,-13.563227653503418,9.870806694030762,2.074263095855713,-0.19043073058128357,-9.007466316223145,-10.775501251220703,-1.2845478057861328,-11.605825424194336,-8.678056716918945,7.499987602233887,-6.119523048400879,-12.084674835205078,0.5780211687088013,-8.542820930480957,-13.01490306854248,-2.496619462966919,-7.761653900146484,-9.791322708129883,-2.9239604473114014,-7.157384395599365,-5.926018714904785
2_lucas_16.wav,0.4303244352340698,0.021768851205706596,1264.195475695345,1057.2125807849272,2637.8173828125,0.08175223214285714,-524.5088500976562,93.90129089355469,-14.336301803588867,20.277359008789062,33.851593017578125,-5.381052017211914,-1.117489218711853,5.122138500213623,-9.130430221557617,-2.1131062507629395,1.2970640659332275,-6.690517425537109,-2.425715208053589,-3.7804439067840576,-7.4080071449279785,0.036983150988817215,-2.8830406665802,-7.641358852386475,0.3736943304538727,-1.3491512537002563,-8.219807624816895,-3.8259670734405518,-3.424055814743042,-6.667079925537109,-3.3086254596710205,-3.451493740081787,-5.143791198730469,-1.3661702871322632,-0.8734529614448547,-2.7270138263702393
6_nicolas_23.wav,0.31625521183013916,0.04670443758368492,915.5865257732975,1080.6172307784532,2291.748046875,0.04017857142857143,-347.1921081542969,212.27127075195312,-43.802490234375,60.93242645263672,45.632381439208984,-51.33688735961914,-4.829427242279053,-5.545206546783447,-41.950538635253906,-3.0471408367156982,-10.525914192199707,-24.73692512512207,13.866897583007812,-0.978998601436615,-18.72457504272461,14.13289737701416,8.874120712280273,-6.672886371612549,5.859867572784424,-1.8303148746490479,-7.4963765144348145,-1.8484376668930054,-9.270383834838867,-2.199812173843384,3.5866637229919434,-8.50194263458252,-0.15859195590019226,6.350111484527588,-5.928410053253174,0.14849373698234558
9_yweweler_30.wav,0.3799721598625183,0.007769531570374966,983.3964548440387,921.1762492611803,2016.046142578125,0.04609375,-552.978271484375,228.05313110351562,-70.4374771118164,14.719111442565918,34.30377960205078,-41.55512237548828,12.058290481567383,15.272735595703125,-34.113365173339844,2.428851366043091,7.3597893714904785,-20.621728897094727,2.2662100791931152,-1.0203920602798462,-18.04503631591797,-1.4287488460540771,-7.011726379394531,-11.958992004394531,3.039591073989868,-8.71394157409668,-12.513750076293945,1.3822495937347412,-8.539414405822754,-9.314233779907227,1.4756696224212646,-8.09830379486084,-6.003108978271484,4.323497295379639,-4.336303234100342,-4.91631555557251
3_theo_7.wav,0.3381205201148987,0.008218168281018734,1019.2292654357597,1037.6074382966278,2208.1321022727275,0.05126953125,-538.0906372070312,190.67164611816406,-46.29576110839844,37.689693450927734,48.943946838378906,-34.698421478271484,-13.065091133117676,-5.540348529815674,-24.9840087890625,-4.479465961456299,-17.09076690673828,-24.123340606689453,3.917440891265869,-7.253410816192627,-8.770099639892578,13.044692039489746,-7.522432327270508,-14.439311981201172,2.7425079345703125,-12.555780410766602,-11.19029426574707,7.506180286407471,-5.527672290802002,-7.560194492340088,0.22722357511520386,-12.979220390319824,-7.832536697387695,3.667989492416382,-6.952188491821289,-6.653597831726074
3_theo_16.wav,0.31626197695732117,0.005666087847203016,1029.9466573715767,971.5256713121738,2198.18115234375,0.0528564453125,-567.3576049804688,198.40394592285156,-54.51243591308594,36.797611236572266,55.771488189697266,-32.38336181640625,-10.360026359558105,-3.8935635089874268,-28.556432723999023,-6.197987079620361,-16.717687606811523,-27.15040397644043,1.5488585233688354,-4.9375386238098145,-8.271875381469727,10.261693954467773,-6.708503723144531,-11.712370872497559,2.1651456356048584,-13.943343162536621,-13.814567565917969,1.3840919733047485,-9.079020500183105,-5.931993007659912,2.4760029315948486,-11.331839561462402,-7.447819232940674,2.295060157775879,-6.448461532592773,-3.951514959335327
9_yweweler_31.wav,0.31975531578063965,0.006433990318328142,888.100666373688,849.9188809073745,1682.3985224184783,0.04481572690217391,-546.5197143554688,212.00299072265625,-51.79774475097656,16.642528533935547,30.466144561767578,-40.517642974853516,2.256504774093628,9.726829528808594,-28.136560440063477,1.8989537954330444,4.001674652099609,-21.095230102539062,-0.9445094466209412,0.9332538843154907,-11.362311363220215,-2.2323076725006104,-10.6658353805542,-13.73687744140625,-0.15429095923900604,-7.9065141677856445,-8.97669506072998,-0.24353663623332977,-8.81558609008789,-5.376336574554443,-0.2153937667608261,-13.187912940979004,-6.596553802490234,3.954786777496338,-5.62293815612793,-1.3926643133163452
9_jackson_11.wav,0.2858557403087616,0.07515955716371536,843.0418376518966,880.6410040129643,1648.486328125,0.04392722800925926,-319.3785705566406,224.69337463378906,-44.70893096923828,15.121886253356934,22.486295700073242,-50.66807174682617,-5.652695178985596,6.967138767242432,-31.499963760375977,-2.721780300140381,2.1337063312530518,-26.43518829345703,-8.06648063659668,2.4140002727508545,-10.282759666442871,-7.912687301635742,-8.371007919311523,-5.420183181762695,-0.9542338848114014,-11.587983131408691,-8.458170890808105,-3.0321874618530273,-14.665246963500977,-9.159529685974121,-3.899749994277954,-17.794795989990234,-11.180590629577637,-0.6226028800010681,-9.888019561767578,-6.37504243850708
8_nicolas_12.wav,0.4379609525203705,0.04873427003622055,1277.1875358933603,1151.7328365673766,2770.24658203125,0.0397705078125,-351.6905212402344,184.65438842773438,-73.23357391357422,31.787118911743164,40.07902145385742,-47.62965774536133,1.1907498836517334,7.084982395172119,-26.5201358795166,11.992025375366211,3.994741439819336,-18.508316040039062,11.092449188232422,-0.7910683751106262,-14.730554580688477,8.564265251159668,-3.2527637481689453,-7.690972805023193,10.776163101196289,-5.83209753036499,-8.0130033493042,9.506705284118652,-3.9288418292999268,-4.0920891761779785,9.090700149536133,-1.4971141815185547,0.5844087600708008,7.172513008117676,-4.422874927520752,-0.06184070184826851
2_yweweler_16.wav,0.33394747972488403,0.006266178097575903,946.8421844140588,886.7331822502262,1862.6220703125,0.056849888392857144,-563.0966796875,186.95791625976562,-36.37797546386719,15.175555229187012,32.41924285888672,-24.102401733398438,4.8819756507873535,6.772618293762207,-29.9053955078125,-10.613316535949707,-6.175495147705078,-20.169574737548828,-1.2486307621002197,-3.7972285747528076,-14.055389404296875,2.6523854732513428,-2.9790096282958984,-9.649828910827637,9.774839401245117,4.857875347137451,-7.351780414581299,2.9098448753356934,-0.9017467498779297,-9.585017204284668,-2.6446590423583984,-4.693600177764893,-9.475642204284668,-5.182929039001465,-5.052089691162109,-3.6659624576568604
2_theo_17.wav,0.37139809131622314,0.005083469208329916,1092.980497774573,971.4856856284301,2074.365234375,0.07347005208333333,-571.3997192382812,202.14231872558594,-52.55485153198242,44.82451248168945,50.2461051940918,-36.38536071777344,2.414207696914673,3.38335919380188,-31.151065826416016,-4.575843334197998,-15.394001960754395,-24.27904510498047,8.604512214660645,-7.302297115325928,-15.182097434997559,12.044992446899414,-4.056033134460449,-9.637454986572266,10.168439865112305,-7.231544017791748,-11.870363235473633,1.917426586151123,-11.924072265625,-8.774651527404785,4.28066349029541,-8.938921928405762,-6.886643886566162,0.4132852554321289,-10.515982627868652,-3.5550625324249268
0_theo_21.wav,0.3622901439666748,0.008913102559745312,900.0535008068141,857.4944055488855,1810.8078002929688,0.0458984375,-513.765869140625,201.72012329101562,-48.95685577392578,9.629426956176758,38.608272552490234,-27.59733009338379,-18.31338119506836,-17.184749603271484,-29.1181583404541,2.2738897800445557,-5.715838432312012,-22.12119483947754,4.631354331970215,1.4193450212478638,-9.449702262878418,5.413689613342285,-8.224401473999023,-19.1075496673584,-3.2376396656036377,-9.889618873596191,-15.132588386535645,-4.007126331329346,-10.290543556213379,-8.65310287475586,2.477816104888916,-8.438302993774414,-12.471181869506836,-3.3159241676330566,-6.619774341583252,-7.062623500823975
1_nicolas_34.wav,0.4423980712890625,0.029834415763616562,1045.9363239704148,1098.3659664218828,2166.571514423077,0.05855618990384615,-369.8304138183594,223.16131591796875,-58.82422637939453,29.407657623291016,25.79353904724121,-40.626953125,16.484434127807617,0.46000078320503235,-36.154537200927734,11.701169967651367,-0.1757054477930069,-20.65641975402832,13.841422080993652,-1.4952635765075684,-14.723331451416016,9.353700637817383,-7.107208251953125,-10.933295249938965,11.317397117614746,-4.072150230407715,-7.68272066116333,5.490109443664551,-7.785111427307129,-4.495916843414307,6.633073806762695,-5.035792350769043,-1.6195672750473022,3.8828799724578857,-5.374199390411377,0.7902527451515198
4_nicolas_31.wav,0.3247653543949127,0.08314216881990433,829.0102543121276,854.4590223005605,1393.916015625,0.05032552083333333,-325.5291442871094,195.40460205078125,-15.31761646270752,37.021240234375,10.127148628234863,-61.96369171142578,-12.292675018310547,-10.995969772338867,-35.33108901977539,11.518678665161133,7.649231910705566,-17.211402893066406,9.766175270080566,1.8662283420562744,-12.642354965209961,10.315421104431152,1.7429931163787842,-10.2921724319458,4.058243274688721,-4.407435894012451,-10.726868629455566,-0.9569879174232483,-7.0108160972595215,-5.357507705688477,1.1419215202331543,-7.059335231781006,-1.9151405096054077,4.193941593170166,-3.3310623168945312,2.7349798679351807
5_nicolas_17.wav,0.38374119997024536,0.03272227942943573,1087.4338467813031,998.5557619114416,2183.086799172794,0.06367761948529412,-370.4305725097656,237.84800720214844,-79.60366821289062,22.61360740661621,26.19359588623047,-48.66143035888672,17.28792953491211,4.741085052490234,-35.907291412353516,14.427634239196777,1.3956727981567383,-20.805461883544922,14.676131248474121,-4.6632819175720215,-17.848613739013672,12.277413368225098,-2.2336950302124023,-7.190452575683594,10.907838821411133,-8.373658180236816,-8.974312782287598,5.917959213256836,-8.904096603393555,-3.535036087036133,8.379091262817383,-4.321992874145508,0.2211582511663437,5.177811145782471,-4.011209487915039,3.5597970485687256
9_lucas_13.wav,0.446845144033432,0.019367503002285957,1066.3153044746296,997.9087832963173,2381.968929893092,0.06270559210526316,-526.596923828125,145.57936096191406,-22.2633113861084,32.19220733642578,43.50810623168945,-15.210881233215332,3.2739508152008057,7.6800217628479,-22.229450225830078,-4.977716445922852,6.1158447265625,-7.122211456298828,-3.9889485836029053,-7.728033065795898,-10.268658638000488,-0.5777584910392761,-9.594761848449707,-12.643709182739258,1.633907675743103,-4.00898551940918,-10.064423561096191,-1.9198541641235352,-6.352957248687744,-8.534008979797363,-0.8306993246078491,-4.202306747436523,-6.570814609527588,-4.167163372039795,-7.615063190460205,-3.6320905685424805
6_jackson_10.wav,0.4521380662918091,0.03991616889834404,1253.8170000888128,996.5794587392393,2391.0585145692567,0.09477934966216216,-395.3200378417969,137.5791473388672,-34.57722854614258,5.979222297668457,22.00763702392578,-27.94131088256836,-17.96827507019043,-8.72684097290039,-18.213302612304688,-5.525406360626221,-8.769213676452637,-13.13931655883789,0.17796848714351654,-4.471853733062744,-7.007917404174805,-3.18782639503479,-16.33711051940918,-11.42492389678955,0.5923078656196594,-14.193366050720215,-12.984176635742188,0.594245195388794,-10.222269058227539,-9.966495513916016,2.001638412475586,-6.142993450164795,-7.333735466003418,1.5470627546310425,-2.3048253059387207,-2.3240222930908203
0_george_44.wav,0.2298782616853714,0.06607293337583542,1362.8498642061318,1043.3889080794177,2553.837890625,0.0749755859375,-345.365234375,151.4899444580078,-80.90583801269531,23.115785598754883,35.80811309814453,-46.41362762451172,-12.68839168548584,-21.874231338500977,-51.94835662841797,-6.4723968505859375,-21.173946380615234,-47.8892822265625,-1.802909255027771,-4.99758768081665,-30.503910064697266,-2.6591053009033203,-0.7615586519241333,-12.818868637084961,0.759100615978241,-6.860286712646484,-11.120128631591797,0.002350234892219305,-12.297609329223633,-13.369928359985352,-2.177544116973877,-14.078679084777832,-11.846307754516602,2.010532855987549,-6.384171485900879,-6.08670711517334
5_jackson_47.wav,0.33754903078079224,0.10975530743598938,1077.4168221318728,939.5798650556842,1969.819972826087,0.06942085597826086,-269.4486999511719,221.82579040527344,-62.95745086669922,6.125392913818359,12.799323081970215,-54.05839157104492,-3.1031835079193115,-4.830960273742676,-39.04853439331055,5.811854362487793,8.026552200317383,-18.8261661529541,-1.9182116985321045,-6.358564376831055,-12.927935600280762,-4.1912689208984375,-18.769580841064453,-9.246164321899414,5.281428813934326,-22.290552139282227,-18.8735408782959,4.7383317947387695,-11.711758613586426,-12.728522300720215,1.9974288940429688,-8.378807067871094,-5.411777019500732,1.2523852586746216,-12.680322647094727,-10.206476211547852
8_jackson_33.wav,0.3202916979789734,0.08255445957183838,1344.2132421599274,1147.6287094484237,2715.875244140625,0.0743408203125,-328.90008544921875,157.30514526367188,-46.71947479248047,59.74977493286133,42.052406311035156,-64.06675720214844,-13.982686042785645,5.9160356521606445,-37.958553314208984,-20.98526382446289,-14.146993637084961,-19.118696212768555,-2.58990740776062,-16.222429275512695,-17.706388473510742,1.6081546545028687,-13.993865966796875,-14.351391792297363,3.269181489944458,-8.90476131439209,-7.995326042175293,-0.5841652750968933,-14.797741889953613,-7.8100385665893555,-1.5716949701309204,-15.762654304504395,-4.537896156311035,2.067671060562134,-14.420938491821289,-6.634932041168213
4_nicolas_36.wav,0.4394397735595703,0.03513886034488678,877.0538669789267,959.8341852223217,1747.9894301470588,0.04977596507352941,-367.070068359375,227.71424865722656,-35.75101852416992,41.168251037597656,19.074281692504883,-63.37132263183594,-3.591042995452881,-5.640775203704834,-36.643310546875,11.530720710754395,-0.29125523567199707,-22.103759765625,12.65279769897461,-2.484687089920044,-15.55433177947998,10.245416641235352,-7.076237201690674,-14.583368301391602,5.695329189300537,-8.082119941711426,-8.72624397277832,4.765806674957275,-9.577035903930664,-6.451937198638916,3.5832202434539795,-6.733619213104248,2.1021177768707275,8.838672637939453,-2.348939895629883,5.358982563018799
8_yweweler_38.wav,0.32079756259918213,0.009307816624641418,1255.9527532583315,1131.569044884884,2721.9314575195312,0.0716552734375,-542.636474609375,183.27174377441406,-58.06334686279297,51.9463996887207,41.63824462890625,-61.501312255859375,-4.560451507568359,7.726007461547852,-36.492897033691406,-4.596424102783203,-8.356837272644043,-25.751604080200195,9.155963897705078,-1.2533882856369019,-18.110355377197266,8.838117599487305,0.3614084720611572,-12.070036888122559,3.7569432258605957,-3.764859199523926,-7.501873970031738,-1.4025497436523438,-13.920377731323242,-9.000604629516602,-3.153294086456299,-18.2742919921875,-8.157876014709473,2.456789255142212,-11.246786117553711,-4.521609306335449
8_nicolas_42.wav,0.4436650276184082,0.02748538926243782,1149.8327672388873,1169.5555519444924,2646.5652465820312,0.042327880859375,-388.6365661621094,206.3746337890625,-66.30754852294922,38.32120132446289,42.760074615478516,-46.55152893066406,2.5376086235046387,9.50853157043457,-26.062828063964844,9.403743743896484,3.169754981994629,-18.38957405090332,9.13516902923584,-1.088341474533081,-13.681842803955078,7.486114501953125,-3.935591697692871,-8.816410064697266,6.974827289581299,-6.537923336029053,-5.421811103820801,9.292386054992676,-4.939034461975098,-3.9868264198303223,6.631486415863037,-5.409725189208984,-2.1594536304473877,4.874034881591797,-5.854517459869385,-0.7558366060256958
6_george_37.wav,0.3110235631465912,0.03015637956559658,1719.5230564871108,1146.095315057898,3048.2940673828125,0.101318359375,-396.7123718261719,146.2646484375,-101.33972930908203,31.729228973388672,48.523529052734375,-49.76233673095703,-16.630624771118164,-23.28507423400879,-51.48800277709961,-7.6367645263671875,-27.106294631958008,-47.93909454345703,1.1830871105194092,-6.643064022064209,-28.26120948791504,-2.3856167793273926,-10.235965728759766,-17.2503662109375,1.6353298425674438,-12.260168075561523,-14.577556610107422,2.741577625274658,-10.935729026794434,-10.638433456420898,4.79426908493042,-7.498920917510986,-8.032970428466797,2.360917091369629,-7.277203559875488,-5.610619068145752
0_yweweler_28.wav,0.3285280466079712,0.010812819004058838,963.7757085744793,875.0592048730368,1800.2891138980262,0.04420230263157895,-504.1330261230469,190.76406860351562,-35.748294830322266,9.671510696411133,22.859893798828125,-36.97408676147461,-1.8384640216827393,12.547701835632324,-25.038440704345703,-11.252309799194336,-4.682057857513428,-20.775930404663086,-1.2300426959991455,3.988595962524414,-12.504318237304688,-2.6832058429718018,3.576373338699341,-3.377894639968872,-1.7743743658065796,-5.863513946533203,-7.2953643798828125,-1.1051223278045654,-7.205700397491455,-8.230690956115723,-0.17439593374729156,-5.597856044769287,-8.328134536743164,-2.1921467781066895,-4.018408298492432,-3.221660852432251
5_lucas_17.wav,0.5503286719322205,0.07283540815114975,1352.6026940376144,940.4353768833829,2365.3755519701085,0.10118036684782608,-354.3975524902344,173.57847595214844,-63.560523986816406,-1.5044491291046143,34.40025329589844,-31.949438095092773,-10.707061767578125,11.142096519470215,-17.971158981323242,-2.76446533203125,12.29910659790039,-3.9389374256134033,-1.3576133251190186,-2.3356592655181885,-8.482970237731934,2.8940460681915283,-2.7760558128356934,-12.39413070678711,1.9121438264846802,1.4395806789398193,-10.777754783630371,-4.146647930145264,-0.8311267495155334,-5.437250137329102,-3.162929058074951,-4.224417686462402,-4.50296688079834,0.018515989184379578,-3.2833728790283203,-5.360436916351318
7_lucas_10.wav,0.48832792043685913,0.03846921771764755,1062.618984931854,886.141029686097,2112.945556640625,0.0723388671875,-396.0517578125,174.47109985351562,-33.271175384521484,27.6561222076416,46.825340270996094,-24.417728424072266,-4.8672776222229,8.310823440551758,-27.250036239624023,-10.65458869934082,11.576116561889648,-2.108004093170166,-6.3511643409729,-5.0238847732543945,-0.5357727408409119,5.7341108322143555,-7.3349809646606445,-9.957975387573242,3.58410906791687,-3.889007091522217,-10.870168685913086,-3.0295517444610596,-6.319784164428711,-8.057178497314453,-2.500629425048828,-6.257544994354248,-5.662058353424072,-1.4261143207550049,-5.722634315490723,-3.30523943901062
0_jackson_36.wav,0.326651006937027,0.07344187051057816,809.9783382178914,824.4254304359686,1584.7609299879807,0.04124098557692308,-330.5494689941406,219.37789916992188,-30.041767120361328,14.365190505981445,33.440860748291016,-29.304058074951172,-19.887393951416016,-17.80500030517578,-21.502241134643555,8.494549751281738,-10.053010940551758,-26.91415786743164,1.8867759704589844,-8.318598747253418,-19.888113021850586,2.258406639099121,-8.828307151794434,-14.317020416259766,7.25391149520874,-7.991062641143799,-18.59337043762207,-0.7566038966178894,-12.16825008392334,-19.52942657470703,-0.618104100227356,-5.433959484100342,-12.39008617401123,-1.849860429763794,-6.252755165100098,-7.663882732391357
7_nicolas_14.wav,0.3813422620296478,0.032486218959093094,1124.0109121333298,1078.4058696539457,2506.82373046875,0.058430989583333336,-364.1473693847656,205.72340393066406,-64.59025573730469,35.76051330566406,37.7664909362793,-43.998416900634766,7.637937068939209,-2.141021251678467,-38.34757614135742,10.214166641235352,0.32777243852615356,-23.996063232421875,9.811569213867188,0.7941474914550781,-10.519841194152832,9.228697776794434,-6.773852348327637,-8.299469947814941,8.121356964111328,-10.614262580871582,-7.660892009735107,8.48249626159668,-6.621506214141846,-1.5362614393234253,8.648632049560547,-7.163609981536865,-1.0889049768447876,8.209179878234863,-4.398204326629639,-1.249141812324524
3_george_48.wav,0.3237748444080353,0.03324367105960846,1524.1093995032159,1116.2049403237493,2900.40283203125,0.08683268229166667,-406.6979675292969,172.1442108154297,-103.8263168334961,37.45547103881836,53.26222610473633,-57.13566207885742,-15.05533218383789,-15.83949089050293,-52.25230407714844,-4.203297138214111,-18.470245361328125,-46.75847244262695,-0.26736724376678467,-7.89766263961792,-32.765071868896484,-4.3281168937683105,-10.724517822265625,-23.032711029052734,-4.303732395172119,-12.033190727233887,-12.036885261535645,0.499493807554245,-17.032066345214844,-13.711713790893555,2.1740965843200684,-14.367572784423828,-11.42618179321289,5.292555809020996,-5.982395172119141,-5.742404937744141
7_jackson_44.wav,0.42342355847358704,0.06096948683261871,872.7591538039915,887.9857662784368,1712.357761548913,0.04969853940217391,-319.94561767578125,194.27044677734375,-34.064491271972656,7.777811527252197,28.429235458374023,-27.21092414855957,-12.14737606048584,-10.398369789123535,-30.477344512939453,-1.3729456663131714,6.078487396240234,-16.666900634765625,-11.98034954071045,-3.817061424255371,-4.182976722717285,-10.064535140991211,-23.188396453857422,-12.201316833496094,0.35910555720329285,-15.880265235900879,-15.93797779083252,-4.0338006019592285,-11.258890151977539,-7.291419506072998,-2.2109534740448,-16.907146453857422,-13.371905326843262,-0.9861344695091248,-8.172085762023926,-7.840774059295654
6_lucas_11.wav,0.5224215984344482,0.02983938530087471,1593.165477411352,1063.382596382126,2807.9296875,0.13189453125,-392.0340576171875,140.22975158691406,-58.28969192504883,28.571327209472656,45.183998107910156,-30.79531478881836,0.39612114429473877,13.88127326965332,-18.751205444335938,3.5309793949127197,8.468769073486328,-11.480408668518066,3.3548765182495117,4.156954765319824,-4.641371250152588,6.0357255935668945,-1.7766087055206299,-6.811250686645508,6.167880058288574,-2.8144302368164062,-8.733661651611328,3.0888607501983643,-1.7291476726531982,-4.608567714691162,3.0068273544311523,-2.7373523712158203,-4.017464637756348,1.8766578435897827,-2.367948532104492,-1.4087955951690674
8_george_44.wav,0.28235286474227905,0.061515823006629944,1647.69462372249,1123.8888575870951,3046.35009765625,0.09214952256944445,-351.467041015625,140.81399536132812,-91.28445434570312,31.229116439819336,39.716209411621094,-59.53483200073242,-20.66965103149414,-17.228273391723633,-46.288795471191406,-4.478513240814209,-21.8360595703125,-45.22407913208008,7.202372074127197,-1.4363574981689453,-36.98760223388672,-5.807835578918457,1.14268958568573,-17.289005279541016,-6.529966354370117,-7.874824523925781,-12.404914855957031,-7.1645331382751465,-16.767908096313477,-9.852835655212402,4.332846164703369,-7.604738235473633,-5.2551422119140625,6.684309482574463,-3.6937947273254395,-2.5496788024902344
8_nicolas_16.wav,0.45075860619544983,0.051319368183612823,1338.6624651908667,1187.7214161496008,2892.1142578125,0.04831659226190476,-341.29180908203125,178.1987762451172,-70.45347595214844,35.87735366821289,41.96350860595703,-50.57154083251953,-2.7288272380828857,7.05288028717041,-29.50092124938965,7.562537670135498,4.30481481552124,-19.027090072631836,12.553810119628906,3.4607231616973877,-18.721111297607422,4.113497257232666,-0.9901555180549622,-10.79243278503418,7.568685054779053,-1.6719353199005127,-9.31253433227539,6.285420894622803,0.0995277464389801,-3.4736266136169434,6.747870445251465,0.3217974603176117,0.2623140811920166,6.879964351654053,-0.9096993207931519,-0.40144842863082886
9_george_29.wav,0.4005904793739319,0.0477663092315197,1642.4956366111892,1046.4345072021542,2939.2822265625,0.11103515625,-349.376220703125,199.22804260253906,-135.70249938964844,13.251737594604492,39.317848205566406,-64.828857421875,-5.060490608215332,-9.617072105407715,-52.41620635986328,6.454314231872559,-8.211912155151367,-42.85556411743164,1.5974249839782715,-12.326482772827148,-34.455841064453125,-0.2657069265842438,-12.55008316040039,-24.045129776000977,0.4503076672554016,-12.46648120880127,-17.586734771728516,-4.481088638305664,-17.744951248168945,-7.589373588562012,6.557884216308594,-15.136293411254883,-11.209813117980957,2.6143906116485596,-11.81762409210205,-8.324209213256836
6_lucas_23.wav,0.534356951713562,0.016107186675071716,1659.9214497987468,1012.3337072835878,2757.147216796875,0.14634195963541666,-424.9079895019531,201.426513671875,-94.6260757446289,34.998199462890625,61.6233024597168,-47.48771286010742,-0.6261873245239258,18.7407283782959,-26.5524959564209,5.0109405517578125,7.896047115325928,-17.24612808227539,8.425018310546875,4.466175556182861,-10.177634239196777,9.811945915222168,0.13427026569843292,-8.075119972229004,10.9817533493042,0.5592654943466187,-7.575433254241943,4.057994365692139,-4.434022903442383,-4.424152851104736,5.359350681304932,-4.142723083496094,-1.8700138330459595,5.9261860847473145,-3.893927574157715,-2.7922818660736084
5_yweweler_21.wav,0.4678565263748169,0.0054951440542936325,1271.045656861248,962.8375480123145,2286.7325492527175,0.08769955842391304,-554.6345825195312,207.1251678466797,-78.48028564453125,2.938361406326294,28.29674530029297,-42.57112121582031,6.102584362030029,16.860637664794922,-22.874191284179688,7.799278736114502,9.600713729858398,-15.024484634399414,5.7086334228515625,3.1467270851135254,-8.598445892333984,6.346939563751221,-3.1222033500671387,-6.180438041687012,10.448869705200195,-3.3351433277130127,-7.594379425048828,7.254051685333252,-4.841363906860352,-7.544744968414307,5.302077293395996,-3.520026206970215,-3.7199010848999023,5.387520790100098,-4.114285469055176,-6.010251045227051
4_jackson_13.wav,0.4019489586353302,0.08454255759716034,707.28760470095,544.1861182649656,1104.5266544117646,0.05026424632352941,-346.55059814453125,214.7348175048828,22.378589630126953,-15.001249313354492,-21.7716064453125,-40.10123825073242,-22.744895935058594,-15.141109466552734,-12.907295227050781,-1.1631306409835815,-15.899422645568848,-20.30234146118164,1.0944145917892456,-4.554973125457764,-10.651113510131836,5.1567606925964355,-2.4709463119506836,-13.61219310760498,-3.1728463172912598,-6.5205464363098145,-13.423822402954102,-5.91921329498291,-9.003715515136719,-13.751700401306152,-8.544114112854004,-9.936391830444336,-7.816697120666504,-0.42096954584121704,-4.801958084106445,-7.3849711418151855
9_nicolas_19.wav,0.3625984787940979,0.04067857190966606,1033.4744003722303,969.1234483692602,2130.0871196546054,0.05748869243421053,-364.36090087890625,228.8153839111328,-75.3138656616211,17.994766235351562,38.84294128417969,-32.05539321899414,16.797531127929688,2.00950026512146,-39.11126708984375,12.647122383117676,8.051848411560059,-23.394868850708008,4.244473934173584,-3.143611192703247,-13.722532272338867,12.255196571350098,0.35719770193099976,-8.547070503234863,7.679328441619873,-6.654252529144287,-8.65512466430664,5.939538955688477,-8.915397644042969,-8.315169334411621,6.576801300048828,-3.906599760055542,-3.8686375617980957,4.938234329223633,-2.1310551166534424,-0.2669552266597748
5_lucas_12.wav,0.5111928582191467,0.06766162812709808,1294.2293929454975,935.3680271839386,2309.8846435546875,0.09967041015625,-350.2209167480469,175.55908203125,-54.817291259765625,3.6531600952148438,33.6760368347168,-33.88740921020508,-11.22502613067627,11.895377159118652,-16.819719314575195,-0.5723925232887268,14.730303764343262,-4.469348430633545,-2.860037088394165,-1.4978280067443848,-9.141253471374512,-0.07901211827993393,-2.4846999645233154,-10.431117057800293,0.40026548504829407,-0.8242990970611572,-10.525615692138672,-3.3212993144989014,-0.6705064177513123,-5.605428218841553,-3.4724419116973877,-3.8224945068359375,-3.577238082885742,0.1586451530456543,-3.629749298095703,-5.384227752685547
6_george_16.wav,0.281055748462677,0.030032146722078323,1725.4069744387168,1126.9910609409478,3062.559814453125,0.1170654296875,-417.72137451171875,135.46022033691406,-91.01405334472656,34.26899719238281,45.827919006347656,-51.4544563293457,-17.42203712463379,-17.818044662475586,-44.073665618896484,-2.381169557571411,-22.109683990478516,-45.87856674194336,1.4105958938598633,-8.399747848510742,-34.598411560058594,-3.7357184886932373,-4.375005722045898,-16.847057342529297,-1.110417127609253,-8.254152297973633,-8.865985870361328,4.721492290496826,-10.068065643310547,-9.75618839263916,4.748647689819336,-9.494062423706055,-10.225305557250977,3.196009874343872,-6.359203815460205,-7.337693214416504
0_jackson_34.wav,0.3558158576488495,0.060459431260824203,774.5624177279159,823.846531497078,1479.108297413793,0.03929822198275862,-350.481201171875,212.5178680419922,-20.62188148498535,16.124412536621094,28.9046573638916,-28.442079544067383,-16.721576690673828,-16.26435089111328,-21.28423500061035,5.914470195770264,-11.887659072875977,-24.4528751373291,4.328741550445557,-8.257308006286621,-19.441524505615234,2.7561941146850586,-9.78195858001709,-15.029043197631836,7.486702919006348,-8.189717292785645,-19.254087448120117,-0.3618910312652588,-10.4082670211792,-18.154586791992188,-1.3281704187393188,-7.536416053771973,-13.488595008850098,-0.9007977247238159,-5.057785511016846,-8.23681926727295
3_yweweler_47.wav,0.39072349667549133,0.011752874590456486,1196.541644008534,1022.5661719070397,2309.0771484375,0.06149088541666667,-506.52178955078125,193.53842163085938,-65.60328674316406,27.0855770111084,47.55200958251953,-46.19971466064453,-12.714166641235352,7.920542240142822,-30.675750732421875,-13.859326362609863,-9.28161334991455,-21.035770416259766,1.4174308776855469,-5.912415027618408,-17.968568801879883,5.826858997344971,2.1400649547576904,-9.148589134216309,3.796278476715088,-3.162564754486084,-9.176465034484863,0.3133167326450348,-9.312479019165039,-11.217362403869629,-0.7898796200752258,-9.80220890045166,-9.061861038208008,3.032740354537964,-4.143350124359131,-6.069228172302246
6_jackson_37.wav,0.41452398896217346,0.05970311537384987,1479.1652717993943,1118.9972778102551,2706.9320186491937,0.12397618447580645,-369.8586730957031,115.05506134033203,-28.323579788208008,16.847688674926758,20.950056076049805,-29.204509735107422,-13.97753620147705,-8.954219818115234,-19.446596145629883,-1.9291787147521973,-7.151114463806152,-12.130720138549805,6.042766571044922,-1.8785147666931152,-9.0509672164917,-0.33658409118652344,-11.014939308166504,-9.166382789611816,2.0793850421905518,-14.738298416137695,-15.99990463256836,-1.3239500522613525,-13.228862762451172,-14.348549842834473,1.0308711528778076,-5.208316326141357,-6.924246788024902,2.63214373588562,-2.350579023361206,-3.178743839263916
7_theo_34.wav,0.3698461353778839,0.005293842870742083,1147.4101826903511,973.8152085150073,2135.9281099759614,0.07883864182692307,-558.4528198242188,215.39613342285156,-67.34529113769531,28.096858978271484,38.59911346435547,-44.5841064453125,-2.716953754425049,-0.10276325047016144,-29.56502342224121,10.776998519897461,3.975813150405884,-25.038898468017578,-2.316086769104004,-2.3250961303710938,-9.027099609375,0.02535136789083481,-16.399717330932617,-10.22427749633789,8.178930282592773,-14.204568862915039,-15.269598007202148,2.5512945652008057,-9.65330982208252,-4.200834274291992,7.520678520202637,-10.982542991638184,-9.249617576599121,4.212287902832031,-4.69499397277832,-3.2512083053588867
1_yweweler_30.wav,0.37169891595840454,0.01310311071574688,915.030103703906,797.5913107613749,1688.9208984375,0.05455729166666667,-510.2585144042969,215.75485229492188,-45.87322235107422,3.7599990367889404,16.882240295410156,-42.05503845214844,5.578720569610596,14.860179901123047,-28.896324157714844,-3.259228467941284,7.727078914642334,-15.564258575439453,-3.260629892349243,-1.273507833480835,-11.025374412536621,-0.7823978662490845,-6.964069843292236,-11.989640235900879,1.0360175371170044,-4.9671630859375,-9.607515335083008,-1.5650743246078491,-8.234658241271973,-7.2882890701293945,2.2796661853790283,-4.220693588256836,-3.269197940826416,2.792250633239746,-5.460377216339111,-4.0341620445251465
5_nicolas_9.wav,0.3812936246395111,0.05407945066690445,1043.5334542280555,908.6515316020715,1934.3994140625,0.06276041666666667,-327.4776306152344,233.01910400390625,-74.08087921142578,9.23741626739502,16.511293411254883,-50.99705505371094,14.671963691711426,7.835232734680176,-36.55217361450195,8.589059829711914,3.137763023376465,-19.63462257385254,11.138728141784668,-2.8570642471313477,-16.66935920715332,8.21729564666748,-3.9414210319519043,-7.64216423034668,10.920028686523438,-6.128566265106201,-9.363432884216309,4.550563335418701,-8.205270767211914,-4.607041358947754,6.858821392059326,-5.623486518859863,-2.2736401557922363,6.322968482971191,-1.4563435316085815,1.644021987915039
3_lucas_5.wav,0.5198714733123779,0.0340372771024704,1079.5753854513782,1066.052915037175,2384.5681895380435,0.06005859375,-422.459716796875,174.35569763183594,-40.68770217895508,32.221744537353516,55.861839294433594,-25.17559242248535,-6.6208109855651855,15.113404273986816,-15.070149421691895,-1.5250800848007202,7.377028942108154,-10.873370170593262,0.1013619601726532,3.4781932830810547,-7.903613090515137,3.486520528793335,4.917713165283203,-5.419391632080078,1.278664231300354,1.3856136798858643,-4.8054609298706055,-0.6736874580383301,-3.872399091720581,-7.94839334487915,-2.713261365890503,-4.6241374015808105,-6.636261463165283,-1.8001904487609863,-2.630511522293091,-3.2296652793884277
2_lucas_6.wav,0.42600348591804504,0.03493392840027809,1055.2656352792028,859.8434530331591,1901.4754585597825,0.05619480298913043,-454.8320007324219,154.61294555664062,-27.04026222229004,27.748241424560547,50.8101921081543,-11.021417617797852,-4.404475688934326,1.9227176904678345,-19.605670928955078,0.3046288788318634,8.358360290527344,-8.994460105895996,-3.746860980987549,-6.371660232543945,-11.679951667785645,7.068596363067627,6.037644863128662,-8.299642562866211,0.3665294945240021,1.326932668685913,-8.211615562438965,-3.061056613922119,-2.1020314693450928,-6.562049388885498,-2.1558127403259277,-3.626585006713867,-8.130485534667969,-4.459347248077393,-4.656476020812988,-7.079606533050537
7_theo_19.wav,0.3277505338191986,0.003872856730595231,910.4678081316913,888.7631998207756,1927.2216796875,0.03932542067307692,-577.7920532226562,232.2694549560547,-62.793861389160156,20.864376068115234,39.022621154785156,-42.648494720458984,-9.522726058959961,-1.7588717937469482,-26.157569885253906,8.995851516723633,6.400908946990967,-19.790687561035156,-2.1189730167388916,1.0003252029418945,-3.4744555950164795,-0.12323804944753647,-17.236431121826172,-11.330963134765625,4.121466636657715,-16.358003616333008,-15.804401397705078,2.8286523818969727,-8.606253623962402,-6.990057945251465,5.365926742553711,-6.124687194824219,-5.171689033508301,1.7086460590362549,-8.46066951751709,-4.1701884269714355
9_theo_7.wav,0.24892708659172058,0.006947799120098352,901.0967298136258,929.5122418493568,1752.6894017269738,0.03857421875,-567.9700927734375,214.33148193359375,-73.20652770996094,22.662019729614258,43.79114532470703,-36.87331008911133,2.605048656463623,6.467169761657715,-24.13145637512207,8.957731246948242,-0.1184263750910759,-22.589187622070312,-0.4099350869655609,-6.604825496673584,-11.531420707702637,-1.9357807636260986,-22.05879783630371,-14.926910400390625,5.127462863922119,-13.24487590789795,-7.600156307220459,7.290205955505371,-11.030708312988281,-5.905857563018799,2.5132768154144287,-15.962287902832031,-6.781948566436768,5.789427757263184,-6.915645599365234,-2.7844502925872803
9_george_39.wav,0.3151211738586426,0.037488680332899094,1352.6671715115767,1029.2784451633656,2528.61328125,0.08386811755952381,-394.0710144042969,187.2678985595703,-108.11295318603516,13.049482345581055,41.5076904296875,-47.26066207885742,-8.967704772949219,-16.081573486328125,-45.804542541503906,2.722754716873169,-14.06531810760498,-39.742942810058594,1.4585380554199219,-11.918230056762695,-30.51580238342285,-1.288789987564087,-15.273292541503906,-24.822383880615234,0.4625147879123688,-10.773333549499512,-17.109575271606445,-5.229030132293701,-17.480724334716797,-9.724794387817383,2.785956382751465,-16.312917709350586,-9.897212028503418,5.554123878479004,-9.58557415008545,-8.06476879119873
2_jackson_24.wav,0.19959385693073273,0.06886379420757294,921.8968983442243,776.8403200168582,1516.6864809782608,0.06024966032608696,-364.3493957519531,160.81248474121094,-14.57852840423584,24.729158401489258,31.74274253845215,-32.75055694580078,-31.238344192504883,-13.772236824035645,-12.885961532592773,-7.192881107330322,-22.41107177734375,-26.14385223388672,-9.831820487976074,-14.84000015258789,-9.471575736999512,3.1079230308532715,-13.280001640319824,-9.66081428527832,9.121023178100586,-7.0836405754089355,-11.652061462402344,4.659222602844238,-5.613918304443359,-13.159272193908691,-5.716506481170654,-11.88349723815918,-11.14958667755127,-5.19781494140625,-12.388540267944336,-7.297085762023926
6_george_47.wav,0.35980337858200073,0.03650800511240959,1858.6801749175595,1145.1139463550198,3134.5166015625,0.13636067708333333,-378.5074768066406,147.64402770996094,-103.65308380126953,32.88398742675781,42.2609748840332,-54.60437774658203,-12.962474822998047,-20.27446174621582,-48.07344055175781,-0.21591955423355103,-25.803895950317383,-53.873409271240234,0.33934256434440613,-7.114486217498779,-36.477359771728516,-6.280768394470215,-4.7929816246032715,-15.957517623901367,-4.290063381195068,-13.863455772399902,-10.072815895080566,3.33392333984375,-15.33422565460205,-11.783397674560547,4.86726188659668,-11.62646198272705,-9.981109619140625,4.807560920715332,-7.840003490447998,-8.069611549377441
0_george_19.wav,0.2652454674243927,0.054841723293066025,1065.3317524034192,941.3833038386285,1986.6533203125,0.05228515625,-360.0911865234375,148.4808807373047,-59.6794319152832,16.95585823059082,34.53663635253906,-41.61802673339844,-22.61292266845703,-15.183829307556152,-39.596614837646484,-15.343648910522461,-18.958797454833984,-36.54572296142578,-8.371599197387695,-5.715452671051025,-21.549732208251953,-7.027329921722412,-6.297281265258789,-12.950885772705078,-3.4648139476776123,-8.631909370422363,-11.402634620666504,-3.0622448921203613,-12.169322967529297,-13.80624771118164,-2.4143471717834473,-7.962849140167236,-9.72204875946045,-1.0594044923782349,-3.4792356491088867,-2.5128509998321533
1_nicolas_19.wav,0.3566626310348511,0.03347235545516014,979.9952794373883,1034.9870236766592,1991.8212890625,0.044877485795454544,-368.9672546386719,241.28277587890625,-64.3345718383789,25.7830867767334,22.073955535888672,-40.5468635559082,20.046297073364258,1.0478148460388184,-36.883182525634766,14.436026573181152,1.641204833984375,-22.047746658325195,11.913237571716309,-3.102612257003784,-14.3633451461792,11.797148704528809,-4.990373134613037,-10.412619590759277,8.844233512878418,-7.662500381469727,-9.607483863830566,3.049302101135254,-10.173151016235352,-4.225378036499023,7.116137981414795,-4.193754196166992,1.2900553941726685,4.951533794403076,-6.595527648925781,1.0419361591339111
6_george_34.wav,0.28077590465545654,0.023741882294416428,1804.850847137041,1084.6137233193172,3037.0098407451924,0.12342247596153846,-411.2712097167969,146.25164794921875,-105.76652526855469,30.65404510498047,50.872169494628906,-42.13642883300781,-12.411014556884766,-20.997011184692383,-47.04648971557617,-2.188319206237793,-20.17131805419922,-40.120323181152344,4.556927680969238,-8.922917366027832,-28.29656982421875,3.8219337463378906,-6.204695701599121,-18.94619369506836,3.884735107421875,-3.408811092376709,-10.557796478271484,-1.0290093421936035,-11.447134971618652,-7.046200275421143,3.096672296524048,-10.976911544799805,-5.657394886016846,5.6204681396484375,-8.169246673583984,-8.823429107666016
5_george_9.wav,0.27618208527565,0.053943417966365814,1444.6607642477854,1030.7027333326673,2762.171630859375,0.0840576171875,-338.81158447265625,176.58633422851562,-110.04681396484375,3.842724561691284,29.096874237060547,-55.625099182128906,-12.02397346496582,-18.749069213867188,-55.204063415527344,-2.4689037799835205,-8.063766479492188,-37.30857849121094,0.7912766337394714,-7.364595890045166,-30.502685546875,-3.3602283000946045,-8.968172073364258,-20.783618927001953,-3.6632606983184814,-14.452520370483398,-16.30251693725586,1.214561104774475,-14.135553359985352,-16.691354751586914,1.9947664737701416,-8.864500999450684,-14.308903694152832,-2.0450973510742188,-5.615933418273926,-6.149374485015869
1_theo_44.wav,0.2851163148880005,0.007307768799364567,814.5724584157722,834.0216871653793,1431.1298076923076,0.03733473557692308,-547.7411499023438,199.65866088867188,-29.272390365600586,9.974519729614258,9.443488121032715,-42.49183654785156,5.831697940826416,10.385656356811523,-26.343048095703125,2.9184346199035645,5.237066268920898,-21.01487159729004,-4.072120666503906,-1.514223337173462,-10.104854583740234,3.8400654792785645,-5.054232120513916,-16.018918991088867,-6.574573993682861,-14.681696891784668,-14.438558578491211,1.4160493612289429,-6.78051233291626,-8.62326717376709,2.0409951210021973,-9.317554473876953,-9.627137184143066,4.500433921813965,-4.64927864074707,-8.47906494140625
7_jackson_38.wav,0.4218917489051819,0.07487552613019943,920.2779812527605,886.680943590019,1791.357421875,0.05603608630952381,-302.109130859375,207.8724365234375,-46.35953903198242,9.276540756225586,31.921085357666016,-29.07748794555664,-10.100284576416016,-14.66254711151123,-39.352447509765625,-4.113590240478516,7.269991874694824,-13.348691940307617,-13.374181747436523,-9.039650917053223,2.4210689067840576,-1.9125934839248657,-29.347909927368164,-17.17632484436035,1.8208354711532593,-17.780866622924805,-16.042268753051758,-3.5980398654937744,-15.872305870056152,-9.081289291381836,-0.5381463170051575,-16.16462516784668,-12.465840339660645,-2.214064836502075,-8.258674621582031,-4.620120525360107
9_nicolas_24.wav,0.368918776512146,0.03573983162641525,954.3852197090359,947.7712178167986,2038.854337993421,0.049290707236842105,-380.5845642089844,236.55648803710938,-74.25274658203125,20.6291561126709,38.7202262878418,-33.1551513671875,16.69607925415039,3.0480804443359375,-36.640541076660156,11.712804794311523,5.325132846832275,-21.50018310546875,6.711343288421631,-5.083383560180664,-14.562262535095215,13.946049690246582,-0.9789327383041382,-11.870003700256348,5.898078918457031,-7.406172752380371,-9.35815715789795,5.704429626464844,-7.117274284362793,-5.891564846038818,5.6318440437316895,-5.4107208251953125,-1.6096484661102295,5.868927001953125,-4.678913593292236,-0.6820878386497498
5_jackson_39.wav,0.3711884319782257,0.06562378257513046,895.5637422838297,788.3865919063935,1608.6569393382354,0.05305032169117647,-294.89422607421875,230.5338897705078,-52.634735107421875,1.676223874092102,26.297988891601562,-42.336910247802734,-21.489418029785156,-9.134631156921387,-18.099245071411133,14.260628700256348,8.283581733703613,-14.5115966796875,-3.592869997024536,-7.579984664916992,-7.054469585418701,-0.7384817004203796,-22.057313919067383,-15.774955749511719,3.5071659088134766,-16.197250366210938,-14.749083518981934,2.678406238555908,-14.637602806091309,-14.694262504577637,0.9123401641845703,-12.040057182312012,-13.247307777404785,-2.377357006072998,-10.906301498413086,-8.785877227783203
5_jackson_30.wav,0.2942627966403961,0.09684526920318604,803.0938164566347,736.5638720496836,1371.8917043585527,0.04628392269736842,-300.7725524902344,227.19583129882812,-41.524295806884766,-6.159813404083252,13.355486869812012,-44.84782791137695,-21.228078842163086,-7.7341814041137695,-24.719093322753906,-4.1508307456970215,-0.8116435408592224,-10.951601028442383,-5.380939483642578,-13.56229305267334,-7.084427833557129,5.8658952713012695,-14.15476131439209,-14.662080764770508,2.5837509632110596,-11.318806648254395,-14.103379249572754,-1.0934699773788452,-10.597294807434082,-13.099011421203613,-7.156663417816162,-14.093820571899414,-9.028624534606934,-0.836607038974762,-6.317898750305176,-4.495962142944336
9_george_38.wav,0.33199959993362427,0.04711880907416344,1370.4864148334975,1049.7711569206435,2453.5888671875,0.080322265625,-360.29852294921875,177.07952880859375,-103.39317321777344,3.4579243659973145,35.23040771484375,-40.0997314453125,-11.499523162841797,-21.20177459716797,-44.47373580932617,2.734779119491577,-11.73877239227295,-36.20411682128906,-0.43358713388442993,-13.775300979614258,-31.24003791809082,-2.175511121749878,-13.00792121887207,-24.65629768371582,-1.793637990951538,-6.912862777709961,-12.359318733215332,-6.205793857574463,-18.244239807128906,-8.399552345275879,3.909024477005005,-14.929265022277832,-10.071414947509766,3.0804057121276855,-12.076766014099121,-8.938408851623535
6_theo_37.wav,0.3801845908164978,0.009822692722082138,1654.9194583234655,1087.7069800670868,2836.640625,0.1330078125,-507.17486572265625,160.7153778076172,-77.03016662597656,27.04694366455078,36.93203353881836,-48.31853485107422,-6.350553035736084,0.05611228942871094,-31.084287643432617,-0.5284490585327148,-9.23224925994873,-23.325504302978516,10.281096458435059,3.2742738723754883,-7.3496012687683105,11.237780570983887,-2.991197109222412,-8.313810348510742,4.520345211029053,-14.172327995300293,-14.60954475402832,4.170776844024658,-5.337590217590332,-5.107496738433838,3.1308932304382324,-6.767131328582764,-2.0114309787750244,3.211411952972412,-6.8004608154296875,-0.6832380294799805
5_george_28.wav,0.30073222517967224,0.08357998728752136,1438.4772825530151,995.4025751126997,2600.732421875,0.09288194444444445,-294.9512939453125,194.43423461914062,-126.29781341552734,-5.91372537612915,23.532320022583008,-61.70534133911133,-11.550296783447266,-13.18431568145752,-49.68579864501953,0.4404703676700592,-7.263356685638428,-35.7243537902832,0.229018896818161,-12.3855562210083,-33.3502082824707,-3.4952993392944336,-11.471207618713379,-21.927629470825195,-1.6894285678863525,-15.375163078308105,-20.77191925048828,-1.2931245565414429,-12.967905044555664,-17.39404296875,-2.8691084384918213,-8.885059356689453,-8.169134140014648,-2.09055233001709,-10.861638069152832,-6.566900253295898
3_theo_23.wav,0.34189265966415405,0.043722622096538544,1302.2960961457068,1089.5206592055279,2531.1301491477275,0.07377485795454546,-402.7295227050781,150.38795471191406,-61.649513244628906,31.40192985534668,38.43470764160156,-38.33177185058594,-2.2752130031585693,-6.801701068878174,-44.511959075927734,-12.84911823272705,-11.779117584228516,-23.132307052612305,3.0968215465545654,-6.444695949554443,-12.426624298095703,9.94378662109375,-5.9667277336120605,-13.453644752502441,4.550195217132568,-9.357199668884277,-13.581610679626465,0.7434501647949219,-10.025982856750488,-9.416275978088379,0.7206770777702332,-11.960418701171875,-10.440300941467285,2.9225213527679443,4.471694469451904,15.037014961242676
4_jackson_17.wav,0.35724809765815735,0.0769336149096489,837.6766211269389,669.9724574888144,1314.12353515625,0.05666775173611111,-352.68023681640625,203.60797119140625,16.892091751098633,-19.06305694580078,-25.291133880615234,-34.88053894042969,-14.92664623260498,-11.188066482543945,-8.185558319091797,0.937372624874115,-20.043100357055664,-20.15183448791504,6.277548313140869,-3.9573538303375244,-12.131048202514648,4.719915390014648,-2.702462911605835,-9.083732604980469,0.6846536993980408,-11.692765235900879,-17.621742248535156,-3.275636672973633,-7.622424602508545,-13.571779251098633,-8.077201843261719,-11.73117446899414,-6.849664211273193,1.9694911241531372,-8.162715911865234,-9.12840747833252
6_jackson_20.wav,0.40915971994400024,0.053332190960645676,1459.3743048919157,1096.9782923410628,2700.9814453125,0.131787109375,-370.9247741699219,120.18814086914062,-27.004365921020508,16.87230110168457,18.31201171875,-30.196022033691406,-14.723383903503418,-15.042003631591797,-21.205875396728516,4.710864067077637,-5.754641532897949,-17.276456832885742,3.3353259563446045,-2.3716540336608887,-7.498698711395264,1.2855762243270874,-15.664556503295898,-13.7567720413208,4.418628215789795,-15.096517562866211,-21.5067195892334,-0.19140557944774628,-5.823227882385254,-11.72527027130127,-0.9327675104141235,-4.993349552154541,-6.572041988372803,-0.09791681170463562,-2.684562921524048,-0.3187927305698395
5_theo_24.wav,0.3429781496524811,0.007931559346616268,1037.6495496703778,819.2229080399873,1729.1162109375,0.064501953125,-497.76434326171875,247.864013671875,-86.54682922363281,-12.594846725463867,20.56377410888672,-37.162086486816406,-3.0928397178649902,1.7761375904083252,-16.53285789489746,16.158414840698242,10.736917495727539,-10.036611557006836,-4.4254584312438965,-20.865497589111328,-13.651914596557617,9.635761260986328,-14.018991470336914,-15.283401489257812,8.727466583251953,-8.866301536560059,-13.307676315307617,4.457616329193115,-6.752694606781006,-7.917348384857178,2.8888871669769287,-7.041585445404053,-4.334237098693848,4.6203813552856445,-2.651637315750122,-0.9227296710014343
9_george_7.wav,0.2796870768070221,0.040241021662950516,1226.815637851823,975.303796758349,2395.953369140625,0.07182965959821429,-389.464111328125,189.93531799316406,-99.77730560302734,9.576464653015137,36.481380462646484,-47.60552978515625,-10.291346549987793,-15.957718849182129,-45.4213752746582,2.0831997394561768,-12.280646324157715,-41.153770446777344,-1.2738325595855713,-5.3470587730407715,-25.03725242614746,-5.8841118812561035,-15.746214866638184,-21.418376922607422,-5.409232139587402,-18.092721939086914,-17.56853675842285,-6.0595784187316895,-19.966394424438477,-10.213780403137207,2.58856201171875,-18.33426856994629,-13.562357902526855,4.278867244720459,-6.903129577636719,-7.736317157745361
9_yweweler_32.wav,0.3614441752433777,0.007116194814443588,847.2022028098283,821.4058149282728,1504.7607421875,0.044759114583333336,-559.5462646484375,222.17559814453125,-55.5098991394043,9.539726257324219,21.56552505493164,-41.990543365478516,8.817919731140137,8.152312278747559,-32.94794845581055,5.353993892669678,5.825860023498535,-21.218257904052734,4.010352611541748,-0.292278915643692,-19.779443740844727,-4.2029852867126465,-9.23168659210205,-14.360087394714355,1.1835092306137085,-8.32597541809082,-12.340972900390625,-0.14391902089118958,-8.555295944213867,-7.625980377197266,0.6477082371711731,-11.477994918823242,-7.543774604797363,4.281774997711182,-6.106982231140137,-6.353185176849365
3_theo_32.wav,0.2960878610610962,0.004620083142071962,1046.5189384449739,1026.421087698727,2304.949951171875,0.049763997395833336,-579.6868896484375,224.23329162597656,-66.16802215576172,44.50146484375,55.9318962097168,-45.523529052734375,-6.04823112487793,6.783954620361328,-22.594331741333008,2.433164119720459,-16.612592697143555,-32.203025817871094,5.119797229766846,-5.779533386230469,-14.301990509033203,13.07654857635498,-4.506433010101318,-14.981903076171875,3.91349720954895,-11.20218563079834,-13.53738021850586,4.444535255432129,-7.952699661254883,-9.27737808227539,1.8968849182128906,-7.836940765380859,-4.3058648109436035,2.4211103916168213,-7.987884521484375,-3.5054938793182373
6_yweweler_10.wav,0.42797577381134033,0.008675658144056797,1177.9542802756507,934.654754315414,2246.1822509765625,0.05303955078125,-512.7374267578125,197.3321533203125,-76.49069213867188,18.03595733642578,45.763668060302734,-39.073333740234375,-9.193633079528809,-0.19183826446533203,-27.912036895751953,0.6238837242126465,-9.274099349975586,-27.846725463867188,4.878626823425293,-0.9918011426925659,-16.145893096923828,6.091933250427246,0.794491171836853,-6.386166572570801,5.6194000244140625,-7.315059185028076,-7.4647040367126465,6.354836463928223,-10.301267623901367,-12.465091705322266,3.1478867530822754,-6.0117363929748535,-7.729252815246582,1.2208038568496704,-4.558009624481201,-2.407137393951416
4_lucas_26.wav,0.4468335807323456,0.04799358546733856,1009.3014269207403,723.1384419133338,1597.4446614583333,0.0842556423611111,-376.2485656738281,186.39195251464844,-5.279858112335205,24.692903518676758,10.579612731933594,-55.381282806396484,-9.52538013458252,18.859901428222656,-17.90939712524414,-4.034246444702148,15.114276885986328,-4.202845096588135,-5.807348728179932,-2.2951412200927734,-6.038366317749023,0.9975597262382507,-3.2270708084106445,-7.664398670196533,2.9397878646850586,-4.056042194366455,-14.147242546081543,-3.9607715606689453,-3.6959097385406494,-8.461737632751465,-0.5690572261810303,-3.019383668899536,-8.833292007446289,-1.6345515251159668,-2.3350846767425537,-8.147801399230957
3_lucas_41.wav,0.42642712593078613,0.032579898834228516,1500.5376984598229,997.9811303535063,2585.840685614224,0.09996295797413793,-437.1881103515625,147.72850036621094,-54.146278381347656,34.75277328491211,56.50094223022461,-30.46091079711914,-8.48337173461914,15.350871086120605,-15.268131256103516,-2.021162986755371,5.524325847625732,-11.38720417022705,-0.8987230658531189,-0.2980087399482727,-7.393621921539307,5.485274314880371,-0.021931417286396027,-8.674457550048828,4.083044052124023,1.3459303379058838,-5.62282657623291,0.564180850982666,-5.9576616287231445,-8.0929536819458,3.20902419090271,-1.0256235599517822,-5.075820446014404,2.3469998836517334,-1.662078619003296,-6.255848407745361
9_theo_18.wav,0.31632134318351746,0.0032366246450692415,883.6977600327838,897.5492341505899,1727.7562191611842,0.04438219572368421,-600.6697387695312,219.9901580810547,-57.395225524902344,20.258569717407227,39.7193603515625,-38.68576431274414,-3.4675562381744385,9.679759979248047,-20.8762264251709,5.8149614334106445,5.090701580047607,-16.5732364654541,3.546626091003418,4.152529239654541,-5.774255752563477,-0.01128106378018856,-15.121781349182129,-16.547840118408203,-1.4869260787963867,-14.693924903869629,-14.9063720703125,0.5874285697937012,-8.727485656738281,-5.865179538726807,6.9114298820495605,-4.9730329513549805,-6.353415012359619,3.2798988819122314,-3.4467461109161377,-3.61228346824646
5_lucas_19.wav,0.51385498046875,0.048244185745716095,1314.4690599877629,889.9281334223799,2320.0289818548385,0.10082220262096774,-359.626953125,180.7666015625,-60.33209991455078,7.896359920501709,41.3029899597168,-32.650333404541016,-10.916281700134277,11.858186721801758,-18.277589797973633,-1.1808947324752808,12.915336608886719,-5.428677558898926,1.2433327436447144,3.5323479175567627,-5.678580284118652,2.3609282970428467,-3.081970691680908,-10.01034164428711,4.524637699127197,-0.04024350270628929,-12.374732971191406,-1.5927797555923462,0.779345691204071,-5.660372734069824,-0.8809599876403809,-2.7596020698547363,-6.088463306427002,-0.5913949012756348,-3.6477925777435303,-7.087610244750977
1_yweweler_5.wav,0.40583673119544983,0.014030097052454948,897.8426975830422,779.0568385639576,1499.4287109375,0.05384114583333333,-504.2702941894531,227.61373901367188,-51.01716232299805,-3.215148687362671,4.9503045082092285,-47.759098052978516,11.900945663452148,13.531037330627441,-34.09374237060547,0.3453904986381531,7.576539993286133,-19.316232681274414,-0.9953248500823975,-1.425600528717041,-13.743402481079102,-1.3583528995513916,-11.566550254821777,-14.571829795837402,4.129638195037842,-9.148868560791016,-16.50448226928711,0.0758059099316597,-6.451588153839111,-8.184100151062012,3.0517499446868896,-6.688187122344971,-7.090399265289307,2.5507023334503174,-6.543443202972412,-4.429251194000244
0_george_8.wav,0.2453555166721344,0.0694614127278328,1112.8819888446865,980.805672299869,2186.088230298913,0.05487856657608696,-366.5039978027344,155.06918334960938,-71.87213897705078,18.426372528076172,33.87198257446289,-42.50483322143555,-12.13693904876709,-18.63463020324707,-53.106624603271484,-14.151004791259766,-18.924301147460938,-44.273502349853516,-6.980199337005615,-2.819133996963501,-24.074478149414062,-6.30286169052124,-5.183347702026367,-13.807665824890137,-4.016301155090332,-12.344927787780762,-14.925896644592285,-3.7085037231445312,-14.521417617797852,-13.723998069763184,2.1466825008392334,-6.589224338531494,-11.382436752319336,-2.186044931411743,-4.914133071899414,-4.0777106285095215
7_george_49.wav,0.3699924945831299,0.03535842150449753,1392.2349972774336,1004.6174349002282,2514.8514597039475,0.08935546875,-383.05633544921875,182.57046508789062,-99.54291534423828,8.399313926696777,35.254478454589844,-43.921165466308594,-16.80965232849121,-31.402921676635742,-49.57910919189453,8.520791053771973,-11.080483436584473,-43.887351989746094,2.458831787109375,-2.548600673675537,-30.8841552734375,-8.105849266052246,-12.39180850982666,-22.38027572631836,-4.022885322570801,-12.433039665222168,-17.964195251464844,-6.382650375366211,-14.796489715576172,-9.571632385253906,0.7450557947158813,-13.308136940002441,-5.517472267150879,7.393126487731934,-10.425300598144531,-9.451473236083984
3_george_23.wav,0.33410418033599854,0.022343918681144714,1474.659717215513,1154.0147798179507,2978.50341796875,0.08363560267857142,-413.5065002441406,176.19935607910156,-95.29772186279297,37.881858825683594,49.793582916259766,-58.88467025756836,-16.911542892456055,-17.463573455810547,-52.20368194580078,-2.871426820755005,-18.994098663330078,-50.44708251953125,-2.2633748054504395,-6.732278347015381,-31.25319480895996,-2.1458852291107178,-9.774026870727539,-23.85042953491211,-2.3081905841827393,-12.384679794311523,-19.411970138549805,-2.3525912761688232,-15.009834289550781,-19.13189697265625,-2.37432861328125,-9.800408363342285,-11.947500228881836,-2.0569865703582764,-6.736415863037109,-3.0814242362976074
0_nicolas_8.wav,0.3224469721317291,0.0421348512172699,899.5835360607782,1049.8960374754865,2006.1767578125,0.03992280505952381,-367.9563293457031,217.29464721679688,-50.779850006103516,44.4400634765625,35.64252471923828,-41.7143669128418,18.223918914794922,7.285586357116699,-37.61461639404297,1.7249094247817993,-11.62258529663086,-32.57141876220703,8.471853256225586,2.5835413932800293,-10.058647155761719,11.708625793457031,-4.222441673278809,-10.99954605102539,7.760327339172363,-3.1194698810577393,-1.8545126914978027,7.202956199645996,-10.904629707336426,-6.755936622619629,4.070606231689453,-9.265989303588867,-3.332956314086914,4.402910232543945,-5.608547687530518,0.8324721455574036
1_nicolas_41.wav,0.4576471745967865,0.0462130568921566,932.3409279514688,927.7346016897856,1847.2412109375,0.05859375,-341.5544738769531,231.25718688964844,-59.571170806884766,18.179851531982422,22.973392486572266,-40.174808502197266,18.426145553588867,6.287609100341797,-33.17580795288086,7.965412616729736,-5.462568759918213,-23.901479721069336,11.730546951293945,-2.5724666118621826,-13.262982368469238,11.040200233459473,-8.024862289428711,-13.089507102966309,9.450286865234375,-5.116822719573975,-8.198493957519531,3.768549680709839,-10.193886756896973,-6.322636127471924,4.491819381713867,-6.343613147735596,-0.6973801851272583,4.236155033111572,-6.052924156188965,1.0828920602798462
8_theo_9.wav,0.345345139503479,0.004843262955546379,1500.2933785768143,1147.187297333861,2941.973876953125,0.0997314453125,-567.7814331054688,162.81500244140625,-57.886260986328125,55.34606170654297,44.30150604248047,-56.80501937866211,-0.9797607660293579,11.717752456665039,-34.2547607421875,-7.15178108215332,-5.292230606079102,-19.42125129699707,5.433814525604248,-1.996983528137207,-6.433412551879883,13.342485427856445,-4.102828025817871,-9.369739532470703,6.463712692260742,-10.490809440612793,-11.192865371704102,4.685195446014404,-8.83544921875,-9.563674926757812,0.3488004803657532,-7.505522727966309,-1.0975755453109741,4.026557922363281,-5.697436809539795,1.239044189453125
0_lucas_30.wav,0.422616183757782,0.046247582882642746,1085.4864344436664,773.3642906138906,1909.1337890625,0.08875,-376.8065490722656,215.49435424804688,-46.96384811401367,9.899291038513184,42.7339973449707,-30.445608139038086,-12.184327125549316,6.862186908721924,-23.298669815063477,-9.348855972290039,-2.787337064743042,-19.908920288085938,-1.7773171663284302,4.560099124908447,-11.990224838256836,-3.6003410816192627,1.3008173704147339,-7.66766357421875,-4.442192554473877,-5.340754985809326,-8.424243927001953,-1.9800477027893066,-5.689985275268555,-11.470745086669922,-5.329361438751221,-4.306809425354004,-7.792036056518555,-6.164838790893555,-4.688230037689209,-3.076481819152832
7_lucas_7.wav,0.4401242434978485,0.025411510840058327,1183.4707364330945,1063.5308467992957,2530.869140625,0.07418619791666667,-470.70159912109375,97.62699890136719,-12.136367797851562,20.825389862060547,33.202491760253906,-6.241480350494385,1.1910302639007568,9.09643268585205,-10.340479850769043,-3.737645387649536,7.923142433166504,-1.6735907793045044,-6.738589286804199,-5.045486927032471,-3.527113437652588,-2.3864476680755615,-7.02033805847168,-6.325737953186035,0.12068460136651993,-2.9740216732025146,-5.51661491394043,-1.9064024686813354,-3.686898708343506,-3.7453114986419678,0.21172653138637543,-1.858011245727539,-3.160245418548584,-1.1202950477600098,-2.3827250003814697,-1.9212405681610107
9_jackson_8.wav,0.26466310024261475,0.07007037848234177,812.6752873764159,864.0036051174471,1569.61669921875,0.040126255580357144,-334.53271484375,225.755859375,-41.91944122314453,17.377870559692383,22.92203140258789,-51.64693069458008,-4.852875232696533,11.409634590148926,-28.02915382385254,-4.096214294433594,-0.688420295715332,-27.586589813232422,-9.15411376953125,0.8082939386367798,-10.485018730163574,-6.730982303619385,-8.140682220458984,-6.419132709503174,-1.2884414196014404,-11.540453910827637,-8.948277473449707,-2.832397699356079,-14.146421432495117,-9.494949340820312,-3.574932813644409,-17.22733497619629,-12.444023132324219,-1.8625413179397583,-10.47274112701416,-8.952960968017578
5_nicolas_37.wav,0.38272255659103394,0.03595462068915367,1032.6488166940994,991.4075571281795,2064.354183799342,0.05676912006578947,-365.54217529296875,228.94158935546875,-67.85345458984375,25.812156677246094,25.9255428314209,-47.391517639160156,12.36209487915039,4.066028594970703,-31.958261489868164,12.036139488220215,-1.7325927019119263,-19.149240493774414,17.48101806640625,-0.8829906582832336,-14.950294494628906,11.358254432678223,-5.275109767913818,-10.852042198181152,9.624893188476562,-5.124084949493408,-5.848114967346191,6.44264030456543,-8.584774017333984,-3.274975538253784,7.9556732177734375,-5.304368019104004,-0.8670029044151306,5.146834850311279,-3.8839356899261475,3.557039737701416
3_yweweler_26.wav,0.33141571283340454,0.01245205383747816,1245.0679633549776,1106.951843065745,2606.953125,0.06201171875,-523.1898803710938,151.2035675048828,-43.47242736816406,35.2847900390625,43.67198944091797,-38.07731246948242,-3.5233404636383057,16.321727752685547,-26.81840705871582,-14.737354278564453,-3.3358232975006104,-20.36568260192871,-7.565951824188232,-5.290014743804932,-15.222116470336914,1.4645293951034546,3.3092026710510254,-7.861234188079834,1.6115286350250244,2.568615198135376,-4.529671669006348,-0.20915599167346954,-3.765841245651245,-9.446535110473633,-7.569523811340332,-10.766043663024902,-8.140783309936523,-0.9215748906135559,-4.396162509918213,-3.8184590339660645
7_jackson_29.wav,0.2913268208503723,0.05770247429609299,780.5235833852604,809.2729661341673,1428.189697265625,0.03935546875,-344.94805908203125,209.44100952148438,-34.10643005371094,13.02055835723877,24.13290786743164,-42.96702194213867,-18.47739028930664,-7.004048824310303,-28.86880874633789,-3.999586820602417,3.802316188812256,-14.343704223632812,-12.825304985046387,-10.128474235534668,0.01831810548901558,3.018484592437744,-17.967838287353516,-12.793806076049805,-0.1241559237241745,-15.459396362304688,-10.169339179992676,0.8168357610702515,-15.162867546081543,-11.158794403076172,0.17165018618106842,-12.532115936279297,-11.247962951660156,-3.332454204559326,-9.397377967834473,-4.030933380126953
0_lucas_46.wav,0.4303867220878601,0.05980464816093445,1030.5149713699188,856.7056783220806,1871.466064453125,0.06558663504464286,-335.1224670410156,191.6082000732422,-39.98415756225586,13.506998062133789,44.020965576171875,-20.102020263671875,-6.405725002288818,2.9458866119384766,-24.37870216369629,-3.0334982872009277,4.5359110832214355,-17.552867889404297,-2.6213183403015137,6.556668281555176,-7.888510704040527,-2.0774576663970947,1.305296778678894,-5.254968166351318,0.014998176135122776,-3.832752227783203,-11.33714485168457,-3.0056002140045166,-2.175525426864624,-8.68300724029541,-4.444095134735107,-2.330167531967163,-5.65684175491333,-5.351528167724609,-4.566953182220459,-3.2767295837402344
0_yweweler_20.wav,0.3425236940383911,0.009471653029322624,961.2227188932934,816.99951200917,1714.7607421875,0.04541015625,-511.9253845214844,201.70306396484375,-41.40564727783203,8.617369651794434,22.77277374267578,-39.652626037597656,-2.9109675884246826,9.67086410522461,-25.505300521850586,-6.91791296005249,-4.607714653015137,-21.939165115356445,0.336955189704895,1.1411020755767822,-14.742180824279785,0.15206953883171082,1.4812772274017334,-7.253250598907471,1.3963779211044312,-3.2000629901885986,-8.342185974121094,0.5466895699501038,-3.9634153842926025,-6.464599132537842,0.7768920063972473,-4.263753414154053,-5.3277997970581055,-0.7421430349349976,-6.561535835266113,-4.798166751861572
5_yweweler_41.wav,0.4280608296394348,0.008750097826123238,1328.5444635331487,943.1422408153227,2299.1588245738635,0.093505859375,-514.866943359375,209.97169494628906,-88.45283508300781,1.2631117105484009,23.683837890625,-52.324337005615234,1.3296997547149658,8.672977447509766,-32.19065856933594,7.441801071166992,8.335433006286621,-19.148435592651367,6.346855640411377,1.3627711534500122,-13.317892074584961,6.130946159362793,-4.454805850982666,-9.711199760437012,9.448078155517578,-7.4418792724609375,-13.268654823303223,7.839540004730225,-4.020138740539551,-10.422281265258789,4.314809322357178,-4.944153785705566,-8.570030212402344,1.7858970165252686,-5.551557540893555,-6.684505939483643
8_george_14.wav,0.2696528136730194,0.04713413864374161,1328.0672933078968,1069.0230559718034,2712.2048117897725,0.06090198863636364,-386.7977600097656,133.32745361328125,-67.46309661865234,35.20021438598633,38.53376007080078,-56.624752044677734,-27.216022491455078,-17.255903244018555,-41.66730499267578,-9.911410331726074,-21.21839714050293,-39.643924713134766,2.1119298934936523,-4.019876956939697,-33.19718551635742,-7.388522148132324,0.6507137417793274,-15.368230819702148,-10.006264686584473,-9.679643630981445,-8.548171043395996,-3.617126226425171,-14.083236694335938,-8.830242156982422,2.005525588989258,-11.454754829406738,-10.371755599975586,2.4572041034698486,-5.049590587615967,-5.040401458740234
6_theo_29.wav,0.38911134004592896,0.002877164166420698,1798.9528506970278,1057.0178494794316,3014.6484375,0.16648065476190477,-591.0511474609375,174.0140838623047,-88.4134521484375,36.8346061706543,39.64943313598633,-49.62974166870117,8.753400802612305,6.804791450500488,-28.216880798339844,11.015467643737793,-5.9894890785217285,-21.238630294799805,13.972514152526855,-3.7588307857513428,-8.081191062927246,17.745840072631836,-6.464269638061523,-7.670151710510254,12.534721374511719,-12.619562149047852,-12.058491706848145,7.6780853271484375,-6.223246097564697,-1.2609180212020874,6.693154335021973,-9.247795104980469,-2.2993524074554443,1.7261751890182495,-9.042726516723633,3.334923505783081
6_theo_48.wav,0.37757977843284607,0.005375715903937817,1540.6131153774757,998.4703121087713,2633.6763822115386,0.12691556490384615,-553.1586303710938,169.76669311523438,-73.48287963867188,27.612083435058594,37.811866760253906,-45.232994079589844,-5.599589824676514,-2.011157751083374,-28.590456008911133,4.190484046936035,-8.765273094177246,-24.863544464111328,7.679049491882324,0.34288766980171204,-7.442431926727295,10.978805541992188,-4.175110816955566,-7.195044994354248,5.133899211883545,-14.365021705627441,-13.40648078918457,2.3024210929870605,-10.583449363708496,-7.302268028259277,4.280102252960205,-7.298338890075684,-5.055574893951416,2.684602975845337,-3.343048572540283,0.13638268411159515
0_lucas_31.wav,0.4704803228378296,0.03495333716273308,1100.7807698954948,823.4104328036086,1967.4794072690217,0.08553413722826086,-398.9056701660156,215.11427307128906,-49.64268493652344,17.926881790161133,48.63325881958008,-29.384153366088867,-7.643266677856445,8.265612602233887,-25.293188095092773,-6.97673225402832,1.550480604171753,-14.487883567810059,4.543437957763672,7.404742240905762,-9.571813583374023,-0.740037739276886,1.091331124305725,-5.28563117980957,0.5799205303192139,-4.197362899780273,-5.562018394470215,3.7846131324768066,-4.400993824005127,-9.044605255126953,1.427303433418274,-1.7036890983581543,-6.614468097686768,-1.3218647241592407,-2.481520891189575,-3.240558385848999
3_george_36.wav,0.26322317123413086,0.05015893653035164,1446.9124586863124,1156.043094566489,2791.862605168269,0.06373948317307693,-342.9328308105469,152.09164428710938,-84.01793670654297,36.24391555786133,48.27028274536133,-50.96728515625,-20.251243591308594,-13.619823455810547,-41.07240676879883,-6.599838733673096,-20.140920639038086,-40.117042541503906,0.6278209090232849,-7.1074957847595215,-27.51894760131836,-0.599860429763794,-7.064160346984863,-19.524656295776367,-1.402539610862732,-11.759425163269043,-20.01593017578125,-4.999715328216553,-13.201912879943848,-14.833517074584961,-0.06396247446537018,-7.245349407196045,-9.883602142333984,0.22621867060661316,-2.3529069423675537,-2.3288309574127197
7_nicolas_17.wav,0.39157634973526,0.03567851334810257,1125.5184548871657,1089.3994907761,2379.4189453125,0.05284926470588235,-356.6321105957031,216.2943115234375,-70.78392028808594,31.079776763916016,35.583457946777344,-42.402767181396484,6.458349704742432,-3.235894203186035,-35.920982360839844,12.951047897338867,1.6241146326065063,-24.831039428710938,9.625892639160156,3.65726375579834,-8.848628044128418,8.23963451385498,-7.8884053230285645,-9.980531692504883,7.436893463134766,-9.316383361816406,-7.407669544219971,8.233772277832031,-6.282236576080322,-2.5397002696990967,7.80646276473999,-6.586764335632324,-1.9869178533554077,6.0565996170043945,-4.816988468170166,-0.2562990188598633
9_theo_16.wav,0.5028625130653381,0.0012370094191282988,1341.8834834415788,1097.4656901257224,2707.854669744318,0.10591264204545454,-655.8384399414062,143.93988037109375,-40.134178161621094,17.838468551635742,27.937875747680664,-23.496034622192383,8.107576370239258,11.835672378540039,-13.07638931274414,8.887060165405273,3.0849785804748535,-13.675651550292969,7.685199737548828,3.9774820804595947,-8.245732307434082,5.144223690032959,-1.6140179634094238,-9.20263671875,1.8883278369903564,-3.5621843338012695,-4.986539840698242,3.636042356491089,-5.701147079467773,-6.364324569702148,3.073855400085449,-3.6290621757507324,-3.280256748199463,3.5787882804870605,-2.262923002243042,-2.3502752780914307
5_yweweler_35.wav,0.5088752508163452,0.00693931570276618,1292.0357501977408,919.2806115568179,2312.127685546875,0.099560546875,-518.7562255859375,206.9180908203125,-80.27424621582031,6.6279616355896,27.73544692993164,-47.01898193359375,3.7697231769561768,10.321229934692383,-30.100500106811523,8.32581901550293,10.303315162658691,-17.12771987915039,6.850091457366943,4.593121528625488,-8.532546043395996,7.319128513336182,-5.406459808349609,-11.393919944763184,7.457413673400879,-5.5849456787109375,-9.501542091369629,7.254732608795166,-6.048295497894287,-9.469807624816895,5.362329959869385,-4.694488048553467,-6.993319511413574,3.796253204345703,-3.2433719635009766,-3.460205554962158
0_george_29.wav,0.2942022979259491,0.05904331058263779,1389.3533790070414,1032.8147510135057,2522.6615574048915,0.07952615489130435,-348.6014099121094,169.7632293701172,-90.05310821533203,24.863788604736328,35.46775436401367,-54.81186294555664,-9.612576484680176,-11.622986793518066,-50.76555252075195,-9.335775375366211,-18.556291580200195,-43.827091217041016,-4.404804706573486,-11.419013977050781,-32.612613677978516,-4.405948162078857,-7.198864936828613,-17.940887451171875,-2.4031734466552734,-13.73627758026123,-20.068540573120117,-6.905007362365723,-15.357269287109375,-12.835734367370605,-0.652664065361023,-10.93087387084961,-8.630419731140137,-0.3740154802799225,-9.7789945602417,-5.077442169189453
9_lucas_31.wav,0.4635413587093353,0.044585198163986206,1050.9476742483616,909.6271780218271,2201.9853515625,0.0665234375,-383.8443603515625,208.64541625976562,-53.48786926269531,15.828024864196777,49.99937057495117,-31.57726287841797,-9.701811790466309,16.074312210083008,-23.0467472076416,-13.48786735534668,12.608502388000488,2.151299476623535,-5.5578694343566895,-6.705997467041016,-3.0420398712158203,0.19859416782855988,-12.974200248718262,-11.431343078613281,2.66838002204895,-5.235866069793701,-8.212242126464844,-0.13852038979530334,-7.9011125564575195,-8.885321617126465,-1.060968041419983,-8.186871528625488,-10.397622108459473,-4.599358081817627,-7.255042552947998,-4.482300758361816
2_theo_24.wav,0.21060875058174133,0.013873652555048466,993.5501183045295,935.0994263647873,2004.510498046875,0.05439104352678571,-516.5943603515625,176.09486389160156,-52.97978591918945,38.20460891723633,46.949424743652344,-34.139591217041016,-3.9196465015411377,-3.1886470317840576,-28.19603157043457,-4.769694805145264,-24.34404945373535,-31.48007583618164,5.229419708251953,-14.296553611755371,-21.894128799438477,13.196623802185059,-3.520411968231201,-15.489867210388184,7.110466480255127,-7.3600592613220215,-14.044296264648438,2.7594006061553955,-9.573515892028809,-9.52991771697998,6.044407367706299,-6.062963008880615,-8.781571388244629,-0.7915472388267517,-8.714078903198242,-2.621340036392212
7_yweweler_27.wav,0.3770296275615692,0.01603825017809868,1181.7056954588998,998.618007936643,2401.55029296875,0.06377495659722222,-484.2394714355469,189.64175415039062,-66.07389831542969,11.0579833984375,28.307937622070312,-44.848899841308594,-3.8966000080108643,2.5751941204071045,-36.183746337890625,-0.46189436316490173,9.960722923278809,-17.39495086669922,-3.9980087280273438,0.721398651599884,-5.914083957672119,1.013352870941162,-10.87966537475586,-12.087987899780273,2.745244264602661,-7.139040470123291,-8.710055351257324,-0.7645872831344604,-13.555500030517578,-9.545069694519043,2.0343198776245117,-10.447446823120117,-7.842988967895508,3.178374767303467,-5.799651145935059,-3.856856107711792
8_yweweler_34.wav,0.3962256908416748,0.004935980774462223,1517.1253244446348,1133.0956146516369,2929.541015625,0.10263206845238096,-557.1238403320312,186.81956481933594,-78.78343200683594,43.88390350341797,41.278785705566406,-64.12353515625,-1.621715784072876,12.13792610168457,-32.30419158935547,2.4624242782592773,-6.439426898956299,-29.152992248535156,8.618597030639648,0.112838014960289,-18.63650131225586,5.248403549194336,-1.8169506788253784,-7.499922275543213,6.656314849853516,-5.8748345375061035,-2.3759312629699707,7.2439446449279785,-12.52723217010498,-5.794439792633057,4.944095611572266,-14.870061874389648,-6.1816935539245605,7.092085361480713,-9.225754737854004,-3.6382744312286377
8_nicolas_11.wav,0.45569247007369995,0.035824004560709,1281.0875229892044,1191.2107836949438,2838.9570756392045,0.03444602272727273,-370.1719055175781,182.90155029296875,-70.60194396972656,34.34468460083008,39.19558334350586,-45.864749908447266,2.7257301807403564,8.286186218261719,-27.687910079956055,8.103318214416504,3.5837762355804443,-16.43757438659668,12.0145902633667,1.2379822731018066,-13.985625267028809,6.9948039054870605,-3.0189316272735596,-9.295744895935059,6.4114837646484375,-5.321455001831055,-5.533685684204102,8.404483795166016,-3.4709997177124023,-2.502065420150757,7.247122287750244,-2.7357873916625977,0.7665844559669495,5.69517707824707,-4.304988861083984,1.8239456415176392
0_george_20.wav,0.27655893564224243,0.031394582241773605,1134.8040740249226,1023.7263985140631,2301.8096923828125,0.061503092447916664,-402.3109436035156,159.27098083496094,-60.04910659790039,22.9529972076416,33.771942138671875,-43.02640914916992,-13.418296813964844,-13.208313941955566,-44.44590759277344,-15.157923698425293,-22.1866397857666,-40.301658630371094,-8.033101081848145,-12.561267852783203,-27.724388122558594,-3.069350004196167,-6.275264739990234,-17.655733108520508,-4.411043167114258,-12.323668479919434,-17.08685874938965,-4.313534259796143,-12.889704704284668,-14.758354187011719,-2.5522654056549072,-9.552054405212402,-10.625016212463379,-2.1932647228240967,-7.010473251342773,-4.215536594390869
3_nicolas_27.wav,0.3240276277065277,0.029986154288053513,1056.5722253929946,1201.6536554624695,2595.82763671875,0.036962890625,-392.5982360839844,199.46681213378906,-67.27153015136719,54.6628303527832,55.969886779785156,-34.17675018310547,11.346786499023438,4.341383457183838,-29.49747657775879,8.079704284667969,-10.229520797729492,-27.621023178100586,9.963492393493652,-4.141768455505371,-13.036951065063477,13.474194526672363,-5.9015302658081055,-11.785470962524414,9.855613708496094,-5.159515857696533,-5.696508407592773,8.123374938964844,-7.887002468109131,-6.0115861892700195,4.098219394683838,-7.273963928222656,-0.7334009408950806,4.090793132781982,-9.73292350769043,-4.1486406326293945
4_george_30.wav,0.2591696083545685,0.06781290471553802,1178.7586745774577,863.0845902377796,2175.9868421052633,0.06820518092105263,-338.3706359863281,163.7349090576172,-82.44483184814453,-11.500452995300293,13.003216743469238,-50.72100067138672,-16.4050350189209,-10.481571197509766,-42.79446029663086,-16.022777557373047,-16.064504623413086,-31.027381896972656,-2.242910623550415,-6.792980670928955,-22.400022506713867,1.202426552772522,-2.9163923263549805,-19.910533905029297,-7.719405174255371,-11.792699813842773,-20.489395141601562,-7.397747039794922,-5.4394307136535645,-7.963469505310059,-3.9089808464050293,-8.649330139160156,-7.006628036499023,-1.2338042259216309,-4.734487533569336,-0.7159073948860168
8_george_41.wav,0.27448570728302,0.030036093667149544,1496.7302204886423,1150.5857263984694,2885.44921875,0.060884915865384616,-413.50823974609375,150.37074279785156,-74.24725341796875,42.49114227294922,44.32316589355469,-52.975040435791016,-13.510568618774414,-12.655405044555664,-44.05976867675781,-5.767021656036377,-23.916217803955078,-44.25895690917969,4.4422287940979,-6.626912593841553,-33.895423889160156,0.2054019272327423,1.0817705392837524,-19.447193145751953,-7.242844581604004,-7.932100296020508,-11.713164329528809,-3.867357015609741,-9.453319549560547,-3.251420736312866,5.816740036010742,-7.128523826599121,-2.3287711143493652,9.510639190673828,-3.552342414855957,-4.255975723266602
2_yweweler_17.wav,0.31323179602622986,0.007765802089124918,1072.73772152041,896.7085424818999,1995.1340895432693,0.06370192307692307,-552.0679321289062,193.27883911132812,-46.801334381103516,16.396591186523438,30.83403778076172,-32.66154479980469,3.4224817752838135,6.786810874938965,-27.76551628112793,-5.57096529006958,-11.234980583190918,-25.881040573120117,3.504004955291748,-2.6075944900512695,-16.728534698486328,4.150965690612793,-4.56245231628418,-12.928487777709961,8.547704696655273,0.2789314091205597,-9.05007266998291,6.717167854309082,-2.401132106781006,-13.458478927612305,-2.7684712409973145,-5.644248962402344,-8.201075553894043,-0.4014747738838196,-5.215568542480469,-5.79228401184082
6_yweweler_24.wav,0.4008285403251648,0.01018030196428299,1342.9925537801394,1187.7868877366768,2710.247247869318,0.06365411931818182,-523.3474731445312,180.28485107421875,-64.90142059326172,36.666748046875,47.8921012878418,-48.08796691894531,-10.471192359924316,5.160765647888184,-30.82379722595215,-7.505319595336914,-8.985828399658203,-24.304834365844727,3.0868592262268066,0.8291396498680115,-9.029474258422852,7.797734260559082,0.01804824359714985,-3.870854139328003,6.7882399559021,-5.961440563201904,-4.401633262634277,5.077376365661621,-11.595179557800293,-8.6003999710083,3.3531854152679443,-10.644699096679688,-7.863196849822998,3.576566457748413,-6.619671821594238,-5.553366661071777
4_jackson_33.wav,0.3706291615962982,0.09591297060251236,826.755167617916,672.5513196317042,1318.0586965460527,0.062037417763157895,-304.6647033691406,241.8558349609375,-35.917598724365234,-17.522066116333008,6.546725749969482,-41.88648223876953,-25.040903091430664,-8.171820640563965,-5.366427898406982,10.943863868713379,-14.66098690032959,-26.300622940063477,6.922537326812744,-1.1550137996673584,-16.77324867248535,0.9832687377929688,-8.2870454788208,-18.44585609436035,-1.9088239669799805,-10.641263008117676,-21.566246032714844,-8.169421195983887,-8.658092498779297,-9.614567756652832,0.35042357444763184,-5.658999919891357,-9.135946273803711,-3.263645648956299,-7.9623260498046875,-4.344117641448975
9_theo_5.wav,0.2648857831954956,0.005592762026935816,893.4878451749315,910.0947640470637,1841.0888671875,0.03701171875,-576.1873779296875,213.6215362548828,-69.32323455810547,19.25330352783203,43.83888626098633,-37.925758361816406,-4.0512495040893555,9.473714828491211,-16.226421356201172,12.497108459472656,6.26820182800293,-18.152917861938477,-0.08549537509679794,-3.5035414695739746,-12.298006057739258,-5.318414688110352,-20.641475677490234,-16.094684600830078,2.2492048740386963,-14.192331314086914,-13.32860279083252,5.170500755310059,-4.817679405212402,-5.486972332000732,2.318098783493042,-8.425153732299805,-5.336219787597656,1.8778272867202759,-5.047705173492432,-1.0124096870422363
0_jackson_22.wav,0.2612907588481903,0.09894190728664398,741.1581613277186,762.7064434392487,1415.80810546875,0.03632061298076923,-317.6951599121094,197.6342010498047,-13.446122169494629,6.923415660858154,17.527935028076172,-31.486860275268555,-18.793354034423828,-13.864686965942383,-23.736825942993164,-2.5646512508392334,-9.934743881225586,-22.196123123168945,-1.7320276498794556,-7.6811933517456055,-16.73520278930664,3.0149221420288086,-1.2615361213684082,-8.714710235595703,5.909710884094238,-4.672944068908691,-17.353374481201172,-3.3830370903015137,-6.190982341766357,-16.006494522094727,-6.767157554626465,-6.175414085388184,-9.975841522216797,-3.3703274726867676,-4.803023338317871,-8.724844932556152
9_yweweler_43.wav,0.3866013288497925,0.006965345703065395,932.1037862176696,864.1250001400361,1838.09814453125,0.05319552951388889,-547.2437744140625,240.60208129882812,-68.93515014648438,12.64716625213623,32.99993896484375,-41.54624557495117,11.305068016052246,13.276155471801758,-34.26625061035156,2.6433663368225098,6.821520805358887,-18.5505428314209,3.846698760986328,-1.515951156616211,-14.54900074005127,2.431231737136841,-8.637027740478516,-13.017830848693848,3.8146421909332275,-9.884124755859375,-12.269268035888672,3.155548572540283,-6.701887130737305,-4.341814041137695,5.122831344604492,-9.331605911254883,-5.593329906463623,5.430350303649902,-6.368641376495361,-4.891123294830322
0_nicolas_49.wav,0.3377057909965515,0.039548639208078384,834.1311652007705,1055.964808336598,2220.91064453125,0.036322699652777776,-382.34808349609375,193.23858642578125,-41.0889778137207,55.64289855957031,49.5960693359375,-31.6712646484375,16.520896911621094,3.954531669616699,-36.59037399291992,4.140238285064697,-10.117701530456543,-34.24855041503906,3.295760154724121,-3.87506365776062,-15.20863151550293,11.496747970581055,-0.46074506640434265,-7.456936359405518,9.995062828063965,-5.533023834228516,-8.275986671447754,6.908347129821777,-5.7038726806640625,-6.699854850769043,1.4610470533370972,-7.849701881408691,-1.3658028841018677,4.388959884643555,-5.031191825866699,3.0400452613830566
8_jackson_17.wav,0.3461892902851105,0.06072326377034187,1095.159247062333,1107.5271097140346,2467.9443359375,0.053656684027777776,-351.9144287109375,167.51593017578125,-27.920602798461914,55.029296875,31.384822845458984,-73.68335723876953,-28.20497703552246,6.298694133758545,-23.42795181274414,-14.653021812438965,-19.116933822631836,-26.461597442626953,-2.6331188678741455,-7.14885950088501,-10.28757095336914,7.305719375610352,-5.391027927398682,-10.377978324890137,3.0509560108184814,-8.364568710327148,-9.434558868408203,-2.348104476928711,-18.364212036132812,-13.473573684692383,0.0820876955986023,-15.112823486328125,-14.650567054748535,-1.6668106317520142,-9.324047088623047,-7.88460111618042
2_jackson_6.wav,0.21576745808124542,0.05719948559999466,933.7509371829209,847.2579080820966,1634.47265625,0.058896019345238096,-372.3980712890625,180.224609375,-22.853378295898438,21.07082748413086,30.834306716918945,-32.68584442138672,-20.89927101135254,-5.431735992431641,-16.68218421936035,-10.742547988891602,-23.035751342773438,-27.46811866760254,-7.166689395904541,-13.107444763183594,-12.528112411499023,5.2334303855896,-8.116548538208008,-11.13120174407959,6.557793140411377,-6.7773895263671875,-13.839849472045898,1.5590769052505493,-5.810065269470215,-11.399847984313965,-2.3155109882354736,-8.51002311706543,-10.216450691223145,-5.8287529945373535,-14.419962882995605,-10.03915023803711
6_yweweler_20.wav,0.27562078833580017,0.013809476979076862,1151.322259971709,1016.165762678012,2434.5977783203125,0.0367431640625,-468.76495361328125,217.90011596679688,-81.27446746826172,39.90319061279297,56.253238677978516,-54.847816467285156,-18.80530548095703,-8.014410018920898,-37.69872283935547,-6.570668697357178,-21.541851043701172,-34.12519073486328,5.587298393249512,-5.834273815155029,-13.807859420776367,11.654648780822754,-5.432579040527344,-5.9688615798950195,11.887829780578613,-14.495962142944336,-14.005685806274414,6.489286422729492,-14.942158699035645,-15.604522705078125,0.8816994428634644,-11.393609046936035,-6.988958358764648,2.477344036102295,-8.378753662109375,-1.8181437253952026
2_yweweler_32.wav,0.3643242418766022,0.010518981143832207,965.7047708282098,865.8753266426759,1871.8505859375,0.05510602678571429,-533.8368530273438,195.84506225585938,-38.819332122802734,13.16566276550293,25.927444458007812,-32.686092376708984,5.472659587860107,11.278305053710938,-30.60347557067871,-14.642084121704102,-8.291374206542969,-17.71087074279785,1.9304274320602417,-3.074533462524414,-12.358275413513184,3.5546298027038574,-4.9005818367004395,-9.237528800964355,8.246789932250977,-3.712275266647339,-12.912971496582031,1.699671745300293,-6.259556293487549,-13.159257888793945,-0.8381348848342896,-5.558541774749756,-10.034407615661621,-1.32974374294281,-4.556690692901611,-5.858792781829834
3_jackson_7.wav,0.24112823605537415,0.07132161408662796,857.528662595214,968.2667948544839,1903.2415216619318,0.03748668323863636,-355.4759521484375,172.32786560058594,-22.833322525024414,38.44757080078125,47.2945671081543,-34.60507583618164,-29.329700469970703,-13.302877426147461,-19.620019912719727,-1.5663695335388184,-16.90996742248535,-35.21955108642578,-7.180108547210693,-3.034342050552368,-14.846765518188477,-1.1920273303985596,-2.4114232063293457,-7.027110576629639,2.745048999786377,-6.683292865753174,-11.304940223693848,-0.25537440180778503,-9.885024070739746,-14.542584419250488,-2.3392109870910645,-8.303707122802734,-13.165237426757812,-4.121799945831299,-6.619640827178955,-8.270549774169922
6_jackson_7.wav,0.3665297329425812,0.06798774749040604,1526.6983301301545,1122.588473602354,2740.484619140625,0.13371930803571427,-356.79168701171875,117.82762908935547,-33.73426055908203,16.597814559936523,19.381275177001953,-30.50447654724121,-12.616286277770996,-14.247161865234375,-22.893510818481445,4.617695331573486,-5.1127824783325195,-17.036100387573242,4.591305732727051,-1.0121079683303833,-8.368439674377441,-1.326914668083191,-15.63773250579834,-11.048559188842773,4.3144707679748535,-15.62386417388916,-18.855770111083984,-1.6451832056045532,-11.672196388244629,-12.506245613098145,1.2968164682388306,-5.279409885406494,-5.335642337799072,3.2082362174987793,-2.097745180130005,-1.7372639179229736
1_jackson_49.wav,0.2754462957382202,0.0711088478565216,742.7612126935702,889.4425258180556,1303.7375710227273,0.030606356534090908,-356.2226867675781,206.86720275878906,-21.53052520751953,21.97672462463379,17.991065979003906,-32.52317810058594,6.385778427124023,-7.317438125610352,-37.20326232910156,4.502847671508789,2.547828435897827,-19.733217239379883,1.725124716758728,-7.7501325607299805,-22.89847183227539,-6.241641044616699,-11.085115432739258,-13.607061386108398,-2.384699821472168,-14.346077919006348,-13.82421588897705,-4.086341381072998,-18.114408493041992,-12.708404541015625,2.7952840328216553,-10.971013069152832,-13.240042686462402,-1.4274897575378418,-7.425372123718262,-6.863430500030518
6_nicolas_36.wav,0.4073091447353363,0.04520183801651001,928.9543130179278,1109.6559003749737,2260.986328125,0.0440673828125,-362.81939697265625,200.7947998046875,-40.77278137207031,63.38821029663086,46.30488586425781,-44.067787170410156,5.499830722808838,-1.6138088703155518,-44.872684478759766,-5.04293155670166,-8.894692420959473,-28.297874450683594,3.776498556137085,-4.235853672027588,-15.589784622192383,8.935003280639648,-0.23333758115768433,-7.5542449951171875,6.3276286125183105,-3.979644775390625,-3.8338565826416016,4.308117389678955,-8.500325202941895,-3.0585694313049316,4.546880722045898,-6.7951765060424805,1.3422797918319702,4.3566083908081055,-10.920154571533203,-1.476111888885498
6_lucas_31.wav,0.6129099726676941,0.024548396468162537,1509.437016345032,1071.6321894895673,2733.9742726293102,0.1258081896551724,-406.3636779785156,156.99801635742188,-62.162471771240234,28.170833587646484,47.25383758544922,-31.8372745513916,1.5525994300842285,15.252364158630371,-17.762866973876953,8.005736351013184,13.533419609069824,-8.010168075561523,4.863232135772705,2.6330277919769287,-3.8843977451324463,11.342146873474121,2.1509196758270264,-4.744693279266357,8.889669418334961,-0.7468876838684082,-7.239070892333984,3.913952589035034,-1.4889893531799316,-2.784862995147705,4.029278755187988,-3.9081499576568604,-2.804020643234253,4.040197372436523,-3.2151780128479004,-1.8845930099487305
3_jackson_35.wav,0.25502339005470276,0.08673294633626938,955.6213372678976,1064.6207647355623,2251.155952785326,0.03715183423913043,-324.9870300292969,176.32569885253906,-44.073246002197266,50.03066635131836,52.729705810546875,-34.86787033081055,-10.8183012008667,-10.787517547607422,-32.0588264465332,-1.3354289531707764,-16.146387100219727,-33.57600021362305,-4.303782939910889,-10.202338218688965,-12.50788402557373,9.271333694458008,-6.740435600280762,-9.949941635131836,6.538072109222412,-10.776811599731445,-11.889845848083496,-0.24464227259159088,-19.70856285095215,-18.0670108795166,-1.7467402219772339,-13.061285018920898,-12.188275337219238,-3.153674364089966,-11.542588233947754,-7.698694705963135
1_lucas_43.wav,0.5101809501647949,0.01964971236884594,1219.5286417347377,1072.270879983964,2496.4623235887098,0.08409463205645161,-541.4258422851562,121.77738952636719,-12.92028522491455,18.855188369750977,27.963193893432617,-17.728713989257812,-1.1913708448410034,14.947601318359375,-8.946126937866211,-5.264278411865234,8.356526374816895,0.1106879934668541,-2.8942790031433105,0.8274345397949219,1.7023112773895264,0.14784809947013855,-5.508389949798584,-2.365208864212036,3.449387788772583,-4.161401271820068,-6.066250801086426,-0.5244443416595459,-5.2051239013671875,-4.94899320602417,-0.006362576503306627,-6.925398826599121,-7.303102970123291,0.8972985744476318,-2.28082275390625,-3.4568123817443848
0_jackson_23.wav,0.23262852430343628,0.10019409656524658,771.261503016151,815.9747571653323,1573.1661283052886,0.038668118990384616,-318.72088623046875,195.83079528808594,-18.32693099975586,10.62059497833252,21.868709564208984,-30.984642028808594,-17.932262420654297,-16.525514602661133,-29.048799514770508,-3.734469413757324,-9.490052223205566,-22.363319396972656,0.937633752822876,-3.5341382026672363,-14.63038158416748,2.3035836219787598,-3.9698007106781006,-10.288796424865723,6.644636154174805,-4.102518081665039,-17.373802185058594,-3.3889997005462646,-6.964510440826416,-16.873811721801758,-6.405458927154541,-4.629079818725586,-8.346917152404785,-2.8582780361175537,-4.26497745513916,-6.956436634063721
5_yweweler_29.wav,0.5635365843772888,0.008101929910480976,1151.302427731756,859.2260617042305,2028.22265625,0.09328497023809523,-529.839599609375,225.3847198486328,-75.24739837646484,2.412193775177002,30.770397186279297,-43.199806213378906,3.6495845317840576,18.477869033813477,-22.806869506835938,4.533684730529785,9.931633949279785,-13.949986457824707,3.6076862812042236,2.652820587158203,-8.787516593933105,3.201425075531006,-4.6525492668151855,-6.231542587280273,8.295863151550293,-3.8955438137054443,-5.620236396789551,6.957047462463379,-6.465874671936035,-7.3768768310546875,5.109790802001953,-6.104512691497803,-7.536879062652588,1.885801076889038,-5.495845317840576,-4.041207313537598
3_jackson_48.wav,0.2201743721961975,0.0941813513636589,944.8482303085185,1053.6542138791117,2151.447860054348,0.033861243206521736,-316.2705993652344,176.52125549316406,-41.79190444946289,44.24760818481445,47.913448333740234,-33.39033508300781,-9.954109191894531,-11.962896347045898,-33.991477966308594,-2.150974750518799,-15.869521141052246,-36.29020309448242,-5.886609077453613,-6.348697662353516,-11.7938814163208,6.439638137817383,-5.382101058959961,-9.813544273376465,2.037214517593384,-12.042196273803711,-10.017630577087402,-0.14948704838752747,-19.662273406982422,-17.06169891357422,-1.961694359779358,-14.747018814086914,-12.70657730102539,-1.4481570720672607,-11.31483268737793,-9.873006820678711
3_lucas_7.wav,0.49386516213417053,0.013581939041614532,1515.7595615644245,1138.1358136065273,2899.2380242598683,0.13027686403508773,-563.2202758789062,92.00418853759766,-20.541149139404297,21.111757278442383,31.379064559936523,-12.583662986755371,-0.6691240668296814,7.771854877471924,-11.209638595581055,-0.3560043275356293,7.048254013061523,-4.150707721710205,0.19403693079948425,1.4643796682357788,-4.0583720207214355,2.2412710189819336,2.184765338897705,-2.3796887397766113,1.7059694528579712,-0.37377968430519104,-3.2867348194122314,0.8147358298301697,-1.9143444299697876,-3.678907632827759,0.771116316318512,-1.8131046295166016,-2.807283878326416,1.8958631753921509,-0.24446487426757812,-1.5318126678466797
1_yweweler_32.wav,0.3658347725868225,0.016817493364214897,937.4808547353045,867.7870920421656,1859.930419921875,0.047810872395833336,-491.66357421875,213.64625549316406,-52.78818130493164,5.244428634643555,16.702993392944336,-48.29365158081055,7.297138690948486,17.956064224243164,-37.9047966003418,-10.42945384979248,10.438956260681152,-15.016254425048828,-3.159686326980591,2.3044660091400146,-13.039458274841309,-4.511716842651367,-4.8625664710998535,-12.485221862792969,-3.4382734298706055,-5.913518905639648,-8.8313627243042,-1.2229981422424316,-9.138096809387207,-13.07150936126709,-4.519927978515625,-8.307683944702148,-7.46775484085083,1.8087064027786255,-2.06180477142334,-3.5194127559661865
5_jackson_40.wav,0.3693648874759674,0.06697383522987366,937.0187816429366,775.1835429907558,1703.515625,0.058295355902777776,-293.785400390625,238.22244262695312,-61.00907897949219,-4.218228816986084,28.862674713134766,-40.6560173034668,-26.420303344726562,-13.167495727539062,-13.843807220458984,17.98434066772461,5.7523298263549805,-15.26764965057373,-5.317131996154785,-13.83716869354248,-6.023836135864258,4.951723098754883,-23.437341690063477,-14.845457077026367,10.198870658874512,-16.963808059692383,-18.77973175048828,5.001880645751953,-13.338785171508789,-17.16851806640625,0.7305400371551514,-10.979995727539062,-13.735483169555664,-2.840078353881836,-8.604022026062012,-4.052804470062256
1_lucas_21.wav,0.4682679772377014,0.03152528032660484,1126.9614885723145,975.9690093193111,2244.4775390625,0.07511393229166667,-482.1548767089844,133.2175750732422,-6.619246959686279,25.640888214111328,24.10270881652832,-25.059476852416992,0.24920377135276794,12.920811653137207,-17.217676162719727,-8.257503509521484,7.559251308441162,-1.3679364919662476,-3.188109874725342,-5.436079978942871,-6.58473014831543,1.8761374950408936,-2.642357110977173,-7.5336174964904785,1.2485573291778564,-1.068386435508728,-7.806952476501465,-3.2552332878112793,-2.91727352142334,-5.995029926300049,-5.089386940002441,-6.189279556274414,-4.6276702880859375,-2.0025508403778076,-5.257163047790527,-4.762208461761475
3_theo_45.wav,0.40439555048942566,0.005973005201667547,1242.0903233772724,1002.3815290416943,2416.025390625,0.08922526041666666,-554.1685180664062,190.89613342285156,-62.87156295776367,34.751708984375,48.174129486083984,-38.44512176513672,-5.1731858253479,-3.332716226577759,-33.42850875854492,-2.320101022720337,-9.561185836791992,-23.912445068359375,1.9801346063613892,-7.398537635803223,-9.398730278015137,9.356342315673828,-10.174038887023926,-8.407000541687012,10.369614601135254,-12.002120018005371,-12.873784065246582,4.1463236808776855,-9.732789039611816,-5.55368709564209,4.258072853088379,-11.772459030151367,-6.125467777252197,2.7988455295562744,-8.977239608764648,-2.0182974338531494
5_theo_13.wav,0.4350327253341675,0.0047113182954490185,1091.7202738206486,862.3325666746877,1914.3017578125,0.06774088541666666,-547.524658203125,248.7696990966797,-88.12320709228516,-5.855131149291992,24.260028839111328,-44.77395248413086,-0.8760718107223511,4.6673359870910645,-22.35507583618164,15.586923599243164,11.21287727355957,-11.143442153930664,1.529513955116272,-14.0037841796875,-11.702335357666016,9.445377349853516,-17.605411529541016,-18.529497146606445,7.495820999145508,-13.914217948913574,-15.455273628234863,9.213892936706543,-4.948012351989746,-8.33232593536377,4.63227653503418,-7.191348552703857,-4.8937859535217285,4.49489688873291,-6.715190410614014,-5.077389717102051
7_lucas_19.wav,0.5034628510475159,0.04857749119400978,1282.3692810859143,978.2134915840536,2500.4150390625,0.0958891369047619,-374.8973693847656,175.5647735595703,-54.59883117675781,18.598989486694336,44.889068603515625,-30.94793701171875,-7.117994785308838,8.418157577514648,-28.443288803100586,-8.873867988586426,12.316381454467773,-2.18349027633667,-2.6886606216430664,-5.313284873962402,-4.851074695587158,7.616187572479248,-4.947073936462402,-14.2409029006958,0.860083281993866,-2.1321113109588623,-10.248942375183105,-3.952463150024414,-7.333292007446289,-8.077235221862793,-0.32640376687049866,-4.723008155822754,-5.654271602630615,0.6284201741218567,-3.485927104949951,-5.00001859664917
2_lucas_17.wav,0.444333553314209,0.035013988614082336,1196.822452742344,942.2576555340557,2285.7963230298915,0.0771484375,-435.3676452636719,158.357421875,-38.780555725097656,20.25051498413086,50.70842361450195,-16.762928009033203,-12.98997974395752,0.9538390040397644,-18.029407501220703,-2.70979642868042,3.300356388092041,-13.628381729125977,-4.524623870849609,-0.9296741485595703,-9.119479179382324,0.6932782530784607,0.2294234186410904,-7.523901462554932,3.0550458431243896,4.1991167068481445,-5.56149435043335,-4.298495292663574,-5.8862080574035645,-7.136857509613037,0.8544495701789856,-1.2824276685714722,-6.83239221572876,-0.8738024234771729,0.14304937422275543,-4.8174262046813965
3_nicolas_16.wav,0.30376461148262024,0.038804199546575546,883.503177966501,1076.2569668317735,2204.7607421875,0.03553602430555555,-374.61138916015625,198.58895874023438,-49.15772247314453,52.14421081542969,54.58346939086914,-27.95989227294922,8.388309478759766,-3.1264827251434326,-35.277435302734375,2.5614476203918457,-12.30216121673584,-29.382511138916016,7.860867023468018,-3.1644952297210693,-14.056441307067871,10.406726837158203,-4.849420547485352,-10.401812553405762,9.667250633239746,-5.476578712463379,-9.180418014526367,6.346245288848877,-2.5977907180786133,-0.8506503701210022,5.239834308624268,-7.280361652374268,-0.8735767006874084,5.970952987670898,-6.541614055633545,-3.2296833992004395
7_lucas_34.wav,0.4585665166378021,0.040216635912656784,1191.0114722007743,940.228680633158,2295.08056640625,0.07887776692708333,-403.201171875,163.54273986816406,-37.90510940551758,17.252363204956055,42.68598556518555,-21.466032028198242,-6.146216869354248,8.773636817932129,-21.677465438842773,-6.65241003036499,15.774665832519531,3.929730176925659,-2.407843828201294,-4.3342390060424805,-1.5093616247177124,7.355074405670166,-3.2303125858306885,-9.384467124938965,3.3935022354125977,-0.4967416226863861,-9.298236846923828,-3.2251510620117188,-3.6898486614227295,-5.449039936065674,-0.9129893183708191,-3.9758403301239014,-3.7313289642333984,1.7735013961791992,-2.280653238296509,-3.7279064655303955
9_jackson_35.wav,0.3748501241207123,0.06810373812913895,824.5524297998041,883.6293220356337,1656.9428542564656,0.03609913793103448,-335.3486633300781,212.48329162597656,-41.324066162109375,18.3875732421875,29.845746994018555,-35.046932220458984,2.0012049674987793,2.523566484451294,-33.47279739379883,-2.6306910514831543,3.8218705654144287,-16.58806037902832,-5.5771870613098145,-10.293100357055664,-16.652423858642578,-6.1815948486328125,-13.498613357543945,-11.23096752166748,-3.0590689182281494,-16.462539672851562,-12.204751968383789,-3.3635411262512207,-14.572607040405273,-6.258701801300049,-1.2983940839767456,-19.379257202148438,-10.9912109375,2.2456061840057373,-8.897414207458496,-5.801825046539307
5_jackson_23.wav,0.35062310099601746,0.07084393501281738,983.9966101817859,859.5438857732092,1844.677734375,0.06561957465277778,-290.06561279296875,235.92034912109375,-60.58598327636719,0.08813730627298355,18.799598693847656,-48.360504150390625,-11.759856224060059,-1.8705973625183105,-21.153873443603516,13.367024421691895,11.044065475463867,-10.911425590515137,-5.7604241371154785,-16.326650619506836,-7.379990577697754,5.447906970977783,-22.554615020751953,-14.47620964050293,9.681955337524414,-15.468616485595703,-13.138296127319336,9.436878204345703,-12.66518783569336,-16.614675521850586,0.3567352294921875,-12.66544246673584,-11.976509094238281,0.7739529013633728,-9.352911949157715,-7.135772705078125
9_yweweler_35.wav,0.33394500613212585,0.008024930953979492,850.3682220065905,827.8339464751405,1499.78759765625,0.04619140625,-547.4798583984375,211.59896850585938,-52.037506103515625,9.2779541015625,19.881315231323242,-39.640052795410156,9.320009231567383,6.401394844055176,-33.64140319824219,5.2468061447143555,6.350558280944824,-20.178388595581055,4.8542914390563965,0.681092381477356,-18.287202835083008,-1.7300512790679932,-7.455441951751709,-15.42164134979248,-0.2784399688243866,-8.413820266723633,-12.84937858581543,-0.8367593884468079,-8.804533004760742,-8.206221580505371,-0.004205965902656317,-12.673809051513672,-9.33968734741211,3.3218886852264404,-6.252893447875977,-4.824078559875488
0_theo_5.wav,0.31957951188087463,0.005472492892295122,905.436957574336,909.1295001187827,1964.306640625,0.035074869791666664,-573.4673461914062,209.69007873535156,-53.564308166503906,28.004009246826172,47.670799255371094,-27.852006912231445,-4.837251663208008,-11.756034851074219,-31.49777603149414,7.254321575164795,-7.819400310516357,-27.275691986083984,5.527552604675293,-2.6990911960601807,-11.207050323486328,12.226716041564941,-1.7849472761154175,-9.959763526916504,3.075194835662842,-12.28873348236084,-10.737997055053711,3.8456475734710693,-11.775033950805664,-9.042240142822266,4.968921661376953,-8.282366752624512,-7.41466760635376,3.1357157230377197,-4.166486740112305,-3.650834083557129
7_theo_36.wav,0.5688205361366272,0.0014888618607074022,1427.031036969098,1098.2824676133043,2823.796258223684,0.12528268914473684,-650.6439819335938,142.84364318847656,-44.360748291015625,16.827531814575195,25.512067794799805,-25.674636840820312,9.924125671386719,9.42371654510498,-18.703903198242188,8.092655181884766,3.678741455078125,-14.843303680419922,6.716516971588135,2.993894338607788,-7.451240539550781,7.589343070983887,-1.0515038967132568,-8.551682472229004,4.201582908630371,-2.5572938919067383,-5.307384490966797,2.7894980907440186,-6.713177680969238,-5.770772933959961,3.8403680324554443,-3.187072515487671,-0.11368167400360107,7.453666687011719,-0.6138150691986084,-0.6348574757575989
4_george_8.wav,0.35663774609565735,0.08653078973293304,1108.8818082851851,849.13427311435,1940.472881610577,0.07312950721153846,-340.24615478515625,133.72695922851562,-48.29668426513672,-8.61174201965332,9.304387092590332,-34.52110290527344,-10.453980445861816,-10.295833587646484,-46.068077087402344,-23.226512908935547,-7.875310897827148,-27.220436096191406,-12.302732467651367,1.3016002178192139,-12.105536460876465,-7.10217809677124,-0.3666060268878937,-10.078533172607422,-10.94622802734375,-9.368861198425293,-11.429727554321289,-8.218708992004395,-8.78053092956543,-8.396498680114746,-1.5774239301681519,-2.332475423812866,-5.023526668548584,-1.5229339599609375,-0.46504485607147217,0.6780316829681396
1_lucas_10.wav,0.5035075545310974,0.05664525181055069,1012.1148419205582,887.4562909620787,2024.12109375,0.06258616727941177,-412.8450622558594,159.5124053955078,-15.657340049743652,9.327136039733887,17.54417610168457,-35.49252700805664,-10.566357612609863,15.663450241088867,-16.643657684326172,-18.281604766845703,5.738656044006348,4.7561492919921875,-2.1104772090911865,-4.47415018081665,-4.867370128631592,-3.8312764167785645,-11.108566284179688,-11.170768737792969,-0.38726744055747986,-4.633412837982178,-11.213366508483887,-3.1398069858551025,-2.0327603816986084,-7.892346382141113,-6.649576663970947,-7.106165885925293,-8.631270408630371,-5.871786117553711,-5.282057285308838,-3.702902317047119
6_lucas_34.wav,0.4880897104740143,0.030000798404216766,1579.2223637505836,1030.556132984106,2767.5059925426135,0.1429110440340909,-384.1814270019531,165.3858642578125,-68.67420196533203,32.097904205322266,51.226139068603516,-38.189395904541016,-3.2044105529785156,13.4826078414917,-21.131498336791992,5.519623279571533,10.91250991821289,-12.04315185546875,2.6488547325134277,3.9959943294525146,-1.8208107948303223,9.134888648986816,-1.5486849546432495,-4.0835795402526855,8.622459411621094,-4.338406085968018,-6.280296325683594,6.642103672027588,-4.551046371459961,-6.456970691680908,4.6830291748046875,-2.10575795173645,-2.1600515842437744,4.512633800506592,-0.8366504907608032,0.3120281994342804
8_theo_39.wav,0.3386976718902588,0.00447539659217,1597.2086151462765,1052.346868462336,2884.981105638587,0.12909731657608695,-544.0526733398438,182.53500366210938,-85.93960571289062,35.852535247802734,39.533363342285156,-63.5279541015625,-9.762140274047852,6.559920787811279,-24.2498779296875,6.762402534484863,-8.081777572631836,-21.84610939025879,12.652985572814941,-4.285497188568115,-13.831799507141113,11.314706802368164,-5.389121055603027,-7.072589874267578,8.442315101623535,-13.500184059143066,-8.479942321777344,8.960485458374023,-10.181012153625488,-4.787248134613037,8.78610897064209,-5.936409950256348,-1.086385726928711,2.1593616008758545,-12.20576286315918,-1.3472596406936646
3_jackson_44.wav,0.22003509104251862,0.09665437787771225,949.0357753893635,1008.125236218385,2164.5355224609375,0.038981119791666664,-315.8717041015625,179.8165740966797,-47.29122543334961,41.11155700683594,49.919925689697266,-30.987436294555664,-8.941851615905762,-15.921138763427734,-36.7608528137207,-0.9938992857933044,-17.620010375976562,-37.33025360107422,-3.8642256259918213,-10.638089179992676,-17.374107360839844,8.453715324401855,-5.5210957527160645,-13.1367769241333,4.902549743652344,-10.024772644042969,-12.55138874053955,2.493955612182617,-15.771060943603516,-18.460161209106445,-0.6723849177360535,-10.967513084411621,-13.23630428314209,-1.2561835050582886,-8.980233192443848,-10.859764099121094
5_lucas_16.wav,0.5131574869155884,0.04864848405122757,1471.521167433767,916.8640600628585,2470.1068584735576,0.11574143629807693,-367.361328125,175.51904296875,-71.84046173095703,13.315287590026855,47.21625518798828,-36.02915954589844,-9.816570281982422,14.875252723693848,-17.87220001220703,2.1467409133911133,14.625455856323242,-7.4217095375061035,1.4876288175582886,2.9219701290130615,-8.57859992980957,2.9580438137054443,-1.3613123893737793,-11.215127944946289,4.336179256439209,2.507171630859375,-11.097768783569336,-3.0640482902526855,-0.05799773707985878,-4.451834678649902,-0.6913933157920837,-3.6092138290405273,-5.474144458770752,-0.10625459253787994,-3.721402883529663,-5.357462406158447
7_theo_24.wav,0.2965250015258789,0.006124187260866165,1092.9717297126497,917.9993171919322,2065.8416748046875,0.077392578125,-562.8512573242188,205.0252685546875,-65.09868621826172,25.924896240234375,38.15446853637695,-45.08918380737305,-0.5834092497825623,7.810164928436279,-26.34148597717285,4.526345729827881,0.10943666845560074,-19.652420043945312,4.227113246917725,0.6114480495452881,-5.318912982940674,4.308406352996826,-15.43444538116455,-12.912894248962402,5.002209186553955,-14.255196571350098,-13.071505546569824,4.916621685028076,-6.992786407470703,-3.6587936878204346,6.554592132568359,-7.642078399658203,-4.600961208343506,3.6714603900909424,-5.95046854019165,-2.105685234069824
9_nicolas_17.wav,0.35097604990005493,0.037406906485557556,1045.7858566288442,1050.5316054657787,2193.695068359375,0.05400390625,-371.0983581542969,221.6991729736328,-73.77552795410156,25.46535301208496,39.17607879638672,-34.464256286621094,13.124811172485352,0.24265260994434357,-36.992897033691406,13.180839538574219,5.58396577835083,-23.552494049072266,7.390496253967285,-0.5685939788818359,-13.713284492492676,10.07752799987793,-2.3024356365203857,-9.200689315795898,8.806156158447266,-5.8505635261535645,-8.039851188659668,6.937130928039551,-7.718160152435303,-7.016435146331787,7.598198890686035,-2.4667322635650635,-2.4079079627990723,3.5023913383483887,-5.0708746910095215,-0.1734420508146286
0_yweweler_48.wav,0.2721528112888336,0.011931851506233215,818.3880577050555,769.1992718318112,1511.7575252757354,0.039349724264705885,-499.4300231933594,226.25477600097656,-46.625205993652344,2.189478635787964,22.23590850830078,-40.557037353515625,-1.4874324798583984,10.315336227416992,-29.36456298828125,-8.512596130371094,-4.274243354797363,-26.322933197021484,-3.181764841079712,4.261164665222168,-12.398646354675293,-1.7855397462844849,1.2899279594421387,-5.96967887878418,0.268337607383728,-4.095836162567139,-8.658673286437988,-2.70371413230896,-7.259511470794678,-7.390642166137695,-1.917345643043518,-8.248169898986816,-6.311370372772217,-0.1743868887424469,-7.056770324707031,-6.107662200927734
9_yweweler_5.wav,0.3740781247615814,0.008557744324207306,971.9917804555913,870.7553556946224,1788.6016845703125,0.0572509765625,-542.626953125,229.93020629882812,-65.10391235351562,-1.7627339363098145,19.53650665283203,-35.80683898925781,15.39603328704834,4.6837992668151855,-41.13016891479492,8.93482780456543,13.888009071350098,-24.574670791625977,-0.032926321029663086,3.919517993927002,-18.036685943603516,-4.590248107910156,-6.247448921203613,-13.764299392700195,0.9398945569992065,-5.776247024536133,-13.222373962402344,-2.5545554161071777,-7.325226783752441,-7.4591169357299805,0.43126052618026733,-8.65740966796875,-7.361145496368408,0.8316795825958252,-8.241539001464844,-6.998898506164551
0_george_9.wav,0.2556553781032562,0.04148394986987114,1109.4953981198678,976.0569875192257,2179.16015625,0.053828125,-391.63787841796875,161.42660522460938,-68.9672622680664,18.799882888793945,34.7393684387207,-39.184329986572266,-9.956413269042969,-17.757709503173828,-48.35810089111328,-9.0469970703125,-18.71487045288086,-44.244285583496094,-5.6891608238220215,-4.069485664367676,-25.698436737060547,-6.406817436218262,-5.713059902191162,-14.88188362121582,-6.0242133140563965,-14.971538543701172,-15.820028305053711,-3.9043211936950684,-16.157079696655273,-16.71269989013672,-2.16791033744812,-10.21860408782959,-12.617583274841309,-3.9971694946289062,-8.032648086547852,-4.842890739440918
7_george_20.wav,0.3323134779930115,0.03629150614142418,1498.698430513238,1080.1903021516832,2860.147705078125,0.0968505859375,-371.4525146484375,181.68846130371094,-109.07547760009766,11.94365119934082,33.35420608520508,-50.442100524902344,-10.489527702331543,-27.46746826171875,-53.53966522216797,9.406000137329102,-9.499144554138184,-44.91986083984375,1.3502168655395508,-4.060556411743164,-29.236255645751953,-7.077714443206787,-16.036090850830078,-23.296710968017578,-3.39506459236145,-13.475735664367676,-14.595309257507324,-4.562849998474121,-20.553897857666016,-11.73481559753418,3.278891086578369,-16.07639503479004,-11.668878555297852,4.729661464691162,-8.001314163208008,-7.021193504333496
7_yweweler_44.wav,0.34281158447265625,0.006658246275037527,1104.8255770392304,990.493267294855,2365.960693359375,0.061328125,-551.8991088867188,194.17379760742188,-58.92359161376953,24.72336196899414,42.04069900512695,-33.860595703125,3.440486192703247,4.95749568939209,-31.39815330505371,6.77550745010376,9.207328796386719,-21.310033798217773,-1.6167923212051392,3.070909261703491,-6.633309364318848,3.16788387298584,-6.538309574127197,-7.701505184173584,7.330514430999756,-5.457537651062012,-9.026627540588379,1.9515116214752197,-8.799842834472656,-6.139415264129639,3.9811015129089355,-9.582778930664062,-7.021109104156494,5.300718784332275,-3.6925506591796875,-2.838679790496826
8_george_49.wav,0.23339946568012238,0.050318002700805664,1484.3144993538726,1138.6591045723073,2910.5712890625,0.061604817708333336,-377.4609069824219,135.3704833984375,-75.0904541015625,35.711177825927734,35.40724563598633,-58.39302062988281,-18.07294464111328,-15.41183090209961,-45.98709487915039,-6.177427291870117,-20.40228843688965,-44.02185821533203,2.2714319229125977,-5.864908695220947,-37.190879821777344,-6.3368096351623535,0.1413063406944275,-18.186847686767578,-7.230876445770264,-4.230955123901367,-5.821691036224365,-3.81707501411438,-14.83552360534668,-6.468423366546631,4.418385982513428,-11.909151077270508,-7.322444438934326,9.215991973876953,-1.4334425926208496,-3.6969892978668213
2_yweweler_37.wav,0.27165260910987854,0.007460909895598888,869.5581376856213,783.6482796679,1607.3902803308824,0.05612362132352941,-553.6348876953125,198.58511352539062,-34.2037239074707,18.88243293762207,27.9073486328125,-34.4221305847168,1.9859031438827515,8.360706329345703,-29.063743591308594,-13.898765563964844,-16.248294830322266,-27.93901252746582,-2.0288803577423096,-2.8437819480895996,-10.627488136291504,6.249692440032959,-3.8674371242523193,-10.315327644348145,8.85853099822998,0.3347261846065521,-9.558743476867676,1.9460622072219849,-6.7210893630981445,-16.01154327392578,-6.351293563842773,-6.241342067718506,-7.288610935211182,-2.98464035987854,-6.8200225830078125,-6.289606094360352
2_lucas_19.wav,0.38915395736694336,0.07033886760473251,944.4157764419222,842.7561198012485,1899.6322631835938,0.049774169921875,-346.4991760253906,178.8422393798828,-36.13583755493164,22.47395896911621,56.92239761352539,-9.750215530395508,-9.366870880126953,-2.9942116737365723,-23.715213775634766,-6.7389326095581055,-2.2639095783233643,-14.477860450744629,-1.2465583086013794,-6.190977096557617,-16.34544563293457,3.7112555503845215,2.9980711936950684,-12.131593704223633,-0.832023024559021,2.331857919692993,-6.645339012145996,-2.332526683807373,-4.8294219970703125,-10.012789726257324,-3.617663860321045,-7.268747329711914,-12.532352447509766,-3.7304134368896484,-3.2318339347839355,-9.242019653320312
1_george_31.wav,0.26590844988822937,0.03604205697774887,1086.854772056793,957.6047902769034,2225.994873046875,0.054718017578125,-384.21759033203125,188.62112426757812,-73.00171661376953,-11.887125015258789,3.9941279888153076,-40.21533966064453,-2.218212127685547,-16.34769630432129,-37.08119583129883,0.17359262704849243,-20.93303680419922,-33.32937240600586,6.499540328979492,-14.710002899169922,-32.96548080444336,0.4390990734100342,-9.016534805297852,-23.998323440551758,-5.826877593994141,-9.717803955078125,-11.288516998291016,-4.048256874084473,-15.869731903076172,-9.16132926940918,0.11975204944610596,-14.471879959106445,-7.539019584655762,2.116321563720703,-12.181991577148438,-8.176703453063965
9_theo_44.wav,0.30412226915359497,0.004732565488666296,961.9049312488281,925.9102106514749,1984.28466796875,0.0431884765625,-567.0534057617188,224.74658203125,-70.93045043945312,14.471331596374512,35.253150939941406,-45.29689025878906,-1.9236818552017212,12.647482872009277,-20.312969207763672,5.867745399475098,-0.043591201305389404,-22.676448822021484,0.34019023180007935,-1.4160337448120117,-10.799796104431152,-0.6136642694473267,-14.092939376831055,-14.579446792602539,-1.3711378574371338,-14.575660705566406,-8.069070816040039,7.220222473144531,-9.02656364440918,-8.291940689086914,2.1791110038757324,-9.410880088806152,-4.806384086608887,2.135472059249878,-9.669645309448242,-4.689352989196777
4_jackson_26.wav,0.2419864535331726,0.10043919086456299,636.1268870533329,578.2556110777966,995.6273129111842,0.039704975328947366,-344.841552734375,217.5404815673828,17.273862838745117,-25.302444458007812,-16.4947566986084,-22.50627326965332,-18.574905395507812,-18.021711349487305,-7.666042327880859,1.341694951057434,-21.65178871154785,-23.27117919921875,2.4911792278289795,-4.599035739898682,-12.147239685058594,4.0931243896484375,-3.4340639114379883,-15.870795249938965,-5.874466419219971,-6.3049750328063965,-11.139301300048828,-5.710302829742432,-10.897404670715332,-15.499185562133789,-9.235140800476074,-9.593000411987305,-8.176321983337402,-2.4055817127227783,-6.043205738067627,-5.950530529022217
9_lucas_12.wav,0.5036885738372803,0.01843848079442978,1210.7108853753284,1114.3497452157092,2686.81640625,0.0821109693877551,-550.8017578125,108.58184051513672,-12.90527629852295,22.652435302734375,31.387693405151367,-10.248804092407227,3.481029510498047,10.783397674560547,-11.073723793029785,-2.9069766998291016,7.384362697601318,0.7435808777809143,-0.354291170835495,-5.077289581298828,-6.0169453620910645,0.30738428235054016,-6.666721820831299,-8.469457626342773,0.5727329850196838,-5.720948696136475,-10.014034271240234,-1.332252025604248,-4.123300552368164,-9.178277969360352,-4.630183696746826,-4.848001003265381,-5.769299507141113,-3.628248929977417,-5.464469909667969,-3.511000394821167
4_theo_14.wav,0.32150357961654663,0.006074166856706142,716.8082759412142,626.7206985630409,1090.118408203125,0.0446533203125,-568.5914306640625,239.0479736328125,-23.588285446166992,4.534281253814697,5.191119194030762,-42.586509704589844,-2.468465805053711,-4.784326076507568,-26.177745819091797,7.558603763580322,-2.730074882507324,-22.187908172607422,3.20270037651062,-3.546294689178467,-11.476770401000977,8.039138793945312,-5.192753791809082,-12.742487907409668,3.4383277893066406,-8.788566589355469,-15.362019538879395,-2.9947669506073,-9.425260543823242,-8.419103622436523,1.901066541671753,-3.7900757789611816,-2.67022442817688,-0.3175317347049713,-8.535259246826172,-4.542361736297607
0_jackson_5.wav,0.2875811755657196,0.10500559210777283,703.3000515917757,722.6451363622649,1228.25390625,0.038828125,-313.9659118652344,206.4172821044922,-16.539077758789062,4.110538482666016,18.49292755126953,-30.299907684326172,-18.999305725097656,-16.98572540283203,-29.1416072845459,-6.295987129211426,-9.785747528076172,-19.906692504882812,-0.4474256932735443,-7.152598857879639,-14.615756034851074,4.053896903991699,-4.356134414672852,-11.491934776306152,6.543756484985352,-4.938670635223389,-20.255826950073242,-5.611692905426025,-7.0539021492004395,-16.656047821044922,-6.575225830078125,-6.035315036773682,-12.514690399169922,-7.9069623947143555,-8.430150985717773,-10.655168533325195
7_theo_7.wav,0.46359139680862427,0.0030062866862863302,1438.1589174810506,1109.5012157789513,2688.205078125,0.117421875,-610.9500122070312,177.02523803710938,-60.565399169921875,23.072572708129883,29.939722061157227,-35.329471588134766,6.001764297485352,1.2368229627609253,-25.889568328857422,15.053289413452148,6.862320423126221,-18.461973190307617,5.774600982666016,1.0852389335632324,-5.182964324951172,11.203539848327637,-6.635833263397217,-12.185285568237305,4.125970363616943,-10.568116188049316,-11.026711463928223,5.042978286743164,-5.5054850578308105,-3.584775447845459,6.085864067077637,-5.986761569976807,-1.528348445892334,8.741922378540039,-1.9906859397888184,-3.0676512718200684
1_nicolas_24.wav,0.3327168822288513,0.03899255022406578,1002.9982446465281,1076.6322768577738,2242.529296875,0.04582868303571429,-363.7429504394531,214.21615600585938,-55.85982894897461,34.759273529052734,33.763633728027344,-38.03049087524414,11.853877067565918,-0.638092577457428,-32.264305114746094,15.397845268249512,0.6425909399986267,-25.03171730041504,9.3656587600708,-1.1560660600662231,-13.000226974487305,10.888489723205566,-4.498629093170166,-10.236126899719238,8.496606826782227,-8.525898933410645,-11.67384147644043,5.427500247955322,-4.750573635101318,-3.4164366722106934,6.610228538513184,-3.8624889850616455,-0.8664347529411316,4.553018569946289,-5.334585666656494,-1.54966139793396
8_george_47.wav,0.25646287202835083,0.05122605711221695,1624.7147751775788,1125.0273890176475,3031.875,0.086474609375,-365.43023681640625,142.13644409179688,-85.70580291748047,30.812917709350586,35.58467102050781,-58.011390686035156,-15.370439529418945,-14.619527816772461,-45.64216995239258,-3.7868778705596924,-21.764934539794922,-46.421756744384766,3.5240626335144043,-5.231078147888184,-35.558143615722656,-2.102795362472534,0.9915412068367004,-19.029903411865234,-7.300199031829834,-8.353338241577148,-10.481715202331543,-2.879938840866089,-12.602248191833496,-6.5774993896484375,3.805673599243164,-11.427812576293945,-6.282121658325195,6.716147422790527,-7.311985015869141,-5.5404438972473145
4_theo_35.wav,0.3202366530895233,0.005753256846219301,951.4392401455048,716.2911780045499,1489.1555786132812,0.066497802734375,-568.95849609375,229.61654663085938,-44.27605056762695,1.1622120141983032,10.201784133911133,-41.00778579711914,4.74904203414917,3.199069023132324,-23.366071701049805,9.797752380371094,-3.015406847000122,-22.244422912597656,8.723159790039062,1.215632438659668,-9.578999519348145,11.426139831542969,-3.574814796447754,-14.14315414428711,1.8124654293060303,-12.119479179382324,-16.890233993530273,1.1451956033706665,-5.973548412322998,-8.716846466064453,0.44921955466270447,-6.576028347015381,-3.1066031455993652,4.378731727600098,-4.143575191497803,-1.088243842124939
0_lucas_25.wav,0.4899299442768097,0.042313817888498306,1037.4662386040952,880.8663933095255,1967.389385516827,0.07427509014423077,-379.9861145019531,198.48817443847656,-36.434730529785156,17.34903335571289,42.671321868896484,-25.261606216430664,-6.843968391418457,8.986762046813965,-18.10108757019043,-4.960119247436523,-0.609772801399231,-12.597362518310547,4.764322280883789,4.3405938148498535,-8.679887771606445,2.993582248687744,1.0339192152023315,-8.015959739685059,1.171906590461731,-2.18697452545166,-7.428576946258545,2.2608232498168945,-1.8652012348175049,-6.95335054397583,2.992239236831665,1.1633938550949097,-5.730703353881836,-1.0652625560760498,-0.4253341257572174,-3.3504867553710938
9_george_25.wav,0.3211403787136078,0.04144856706261635,1457.2017082958998,1043.727391133989,2803.41796875,0.09349423363095238,-377.0480651855469,167.34613037109375,-104.04866790771484,12.726883888244629,37.04729461669922,-46.8983039855957,-8.720590591430664,-16.151023864746094,-43.03789520263672,7.138148784637451,-10.908025741577148,-41.545928955078125,-1.5294207334518433,-9.618180274963379,-28.654495239257812,-3.8582563400268555,-15.81157112121582,-25.00504493713379,-3.4849202632904053,-12.744495391845703,-17.463205337524414,-8.109336853027344,-17.76326560974121,-8.023005485534668,-0.10568977892398834,-19.67409324645996,-9.983394622802734,3.796705722808838,-12.942171096801758,-8.325465202331543
6_jackson_16.wav,0.5193085670471191,0.03982651233673096,1376.699562273271,1044.8670654305515,2603.8352966308594,0.1081390380859375,-376.63433837890625,122.22334289550781,-38.270450592041016,14.499785423278809,26.25263214111328,-35.228485107421875,-22.957866668701172,-5.014773845672607,-13.522907257080078,-1.149444580078125,-3.7866692543029785,-11.40522289276123,1.613884687423706,-1.1741032600402832,-8.449920654296875,-5.9766011238098145,-11.496114730834961,-5.916812896728516,0.24839049577713013,-13.2527494430542,-11.10281753540039,-3.0769457817077637,-14.345619201660156,-10.158729553222656,0.6828137636184692,-8.512456893920898,-7.108474254608154,0.48762673139572144,-7.382415771484375,-5.747345924377441
6_yweweler_38.wav,0.3821011185646057,0.00395930465310812,1696.3289729816963,1098.6633173319426,2930.7822779605262,0.1332493832236842,-602.0584106445312,134.38687133789062,-67.53011322021484,28.20933723449707,40.349945068359375,-35.381439208984375,0.9558705687522888,5.625892162322998,-24.7517032623291,5.91826057434082,-2.340219497680664,-24.5358829498291,8.13161849975586,7.102065086364746,-11.175726890563965,6.374121189117432,3.230757236480713,-3.8901419639587402,8.712847709655762,-0.8577252626419067,-3.8894741535186768,8.759384155273438,-3.17569899559021,-7.589317798614502,3.258350372314453,-5.380975246429443,-8.000222206115723,0.3026179373264313,-4.087505340576172,-2.485779285430908
2_theo_13.wav,0.38920465111732483,0.005832599475979805,1290.9227417090538,958.9569558031567,2306.744384765625,0.09505208333333333,-555.9771118164062,188.64894104003906,-60.343841552734375,42.78470230102539,45.127227783203125,-41.936492919921875,1.0982952117919922,-2.5579850673675537,-34.74232482910156,1.4397987127304077,-11.967350959777832,-25.43721580505371,9.15332317352295,-7.109796524047852,-14.310378074645996,13.365939140319824,-5.3721137046813965,-11.270642280578613,6.233121871948242,-12.993698120117188,-11.106945991516113,5.4361443519592285,-12.141793251037598,-8.271459579467773,4.05839204788208,-12.752826690673828,-8.622956275939941,2.021084785461426,-8.659339904785156,-3.2373106479644775
1_theo_43.wav,0.33927038311958313,0.004770301748067141,806.9866089253136,744.5600237131157,1339.24560546875,0.045464409722222224,-584.0983276367188,223.08908081054688,-35.413639068603516,8.406401634216309,16.773862838745117,-39.713661193847656,1.148120641708374,6.76352071762085,-23.805747985839844,4.5395355224609375,3.9256749153137207,-19.464624404907227,-2.333608388900757,-1.8152921199798584,-9.032305717468262,2.6723554134368896,-9.051657676696777,-16.84908103942871,-5.168951988220215,-12.753232955932617,-11.95179557800293,1.469360589981079,-7.76698637008667,-8.706439971923828,1.85988187789917,-7.119253158569336,-7.80828857421875,3.0447802543640137,-1.6521345376968384,-4.081514835357666
9_yweweler_16.wav,0.3326510488986969,0.006338850595057011,959.3603737341643,892.5223774793527,1902.2884971217106,0.04815995065789474,-555.5570678710938,231.6123046875,-65.18938446044922,8.05751895904541,24.617734909057617,-42.86619567871094,10.51642894744873,10.713976860046387,-34.563232421875,1.7005655765533447,4.321775913238525,-19.92719268798828,1.997459053993225,-4.946506977081299,-18.446380615234375,-1.491111397743225,-11.256619453430176,-14.2140474319458,2.7425150871276855,-10.019661903381348,-11.055870056152344,4.3512492179870605,-6.540714263916016,-6.353987216949463,1.6930967569351196,-11.1443452835083,-6.381105422973633,2.8374626636505127,-8.84643268585205,-4.215282440185547
3_lucas_36.wav,0.5273185968399048,0.022295013070106506,1435.2623354352313,1094.0345973934104,2758.941650390625,0.1114990234375,-508.1787109375,111.2853775024414,-28.28873062133789,32.650970458984375,43.2452278137207,-20.316844940185547,-4.248419761657715,11.315711975097656,-12.07160758972168,-1.1758743524551392,4.938836097717285,-8.505415916442871,0.34814801812171936,2.067312479019165,-5.756737232208252,2.8798141479492188,1.2582244873046875,-5.574925422668457,2.488877773284912,0.577323317527771,-6.029660701751709,-0.7643123865127563,-1.8491075038909912,-4.572000980377197,-0.3180409371852875,-2.6808838844299316,-3.4288833141326904,0.5974757075309753,-3.625976085662842,-4.850380897521973
9_george_8.wav,0.2924829125404358,0.04829016700387001,1171.3196241666922,987.6243899522142,2320.20263671875,0.064208984375,-383.7776184082031,182.4825439453125,-90.7107925415039,6.800373077392578,31.40067481994629,-43.56795883178711,-10.20514965057373,-21.73240089416504,-48.22220993041992,2.895602226257324,-10.815112113952637,-41.725223541259766,-3.4294674396514893,-7.024341583251953,-27.267471313476562,-6.525274753570557,-13.445055961608887,-21.51617431640625,-6.161260604858398,-13.334885597229004,-11.967616081237793,-4.869958877563477,-20.716657638549805,-11.182652473449707,2.686785936355591,-15.308892250061035,-9.866249084472656,5.640893459320068,-6.762823104858398,-6.576145172119141
4_jackson_7.wav,0.256955087184906,0.07820319384336472,645.1159514314836,539.5521728387806,1073.0712890625,0.03697374131944445,-358.9987487792969,218.8689422607422,20.47682762145996,-23.998741149902344,-17.42906379699707,-24.27680206298828,-17.807147979736328,-16.669891357421875,-9.343090057373047,-2.636143684387207,-21.93267822265625,-16.61525535583496,8.075191497802734,-6.977869510650635,-16.374155044555664,2.6024534702301025,-4.407668590545654,-14.729300498962402,-4.277899742126465,-10.39809513092041,-16.21295928955078,-4.330540657043457,-6.020962238311768,-11.132364273071289,-7.688939571380615,-12.063100814819336,-8.876462936401367,0.09095922857522964,-7.278217792510986,-8.729415893554688
2_george_45.wav,0.25941815972328186,0.0441104955971241,842.6894595266862,864.462678768389,1516.552734375,0.03728376116071429,-389.9466247558594,180.1806182861328,-41.869422912597656,2.0741310119628906,3.397602081298828,-48.58876419067383,-9.475534439086914,-14.577359199523926,-47.96973419189453,-16.852375030517578,-19.400388717651367,-41.14607620239258,-16.553640365600586,-15.195755004882812,-25.094499588012695,-5.917918682098389,-6.690204620361328,-12.960159301757812,-2.0056915283203125,-6.988654613494873,-10.966486930847168,-5.021141529083252,-9.879966735839844,-7.1610798835754395,-2.0394399166107178,-8.916170120239258,-5.283802032470703,-0.9191058874130249,-7.141072750091553,-3.8471317291259766
3_theo_44.wav,0.2722460925579071,0.009435761719942093,956.1279862077554,938.0787020062924,2174.853515625,0.04296875,-538.9326171875,194.88780212402344,-55.27094268798828,39.669456481933594,50.921932220458984,-42.851314544677734,-15.538251876831055,-4.6086835861206055,-26.531723022460938,-3.3583908081054688,-20.165172576904297,-34.164310455322266,-2.417625904083252,-9.145931243896484,-14.819780349731445,5.294676780700684,-6.008418083190918,-5.654661655426025,6.4809889793396,-12.77511215209961,-11.491412162780762,0.23760327696800232,-13.642728805541992,-5.288463592529297,3.478896379470825,-16.336389541625977,-12.053168296813965,-0.4793635904788971,-8.548518180847168,-1.2640199661254883
2_theo_10.wav,0.35640501976013184,0.008276371285319328,1438.6675362083822,995.2861342136332,2515.7958984375,0.09309895833333333,-514.83935546875,197.457275390625,-82.44676971435547,48.02740478515625,52.63782501220703,-51.95930099487305,-0.5009773969650269,-0.6303749084472656,-37.99739074707031,0.7861523032188416,-18.120447158813477,-34.41725540161133,7.702000141143799,-11.029256820678711,-19.49856948852539,15.645329475402832,-5.887165546417236,-15.63034725189209,5.974997520446777,-14.899003982543945,-13.980215072631836,8.20623779296875,-9.44975757598877,-7.444169044494629,8.939484596252441,-5.769167900085449,-4.494314193725586,2.3536903858184814,-10.672977447509766,-4.77754020690918
3_yweweler_15.wav,0.2921055853366852,0.009949712082743645,1258.5326321305579,1059.0054190481626,2558.536044034091,0.04367897727272727,-512.338623046875,189.1991729736328,-67.96443939208984,37.50536346435547,57.75515365600586,-42.109317779541016,-7.720779895782471,10.690119743347168,-28.973649978637695,-6.810633659362793,-5.038523197174072,-24.17206573486328,0.8039304614067078,-2.804744005203247,-17.418720245361328,5.032890796661377,1.204470157623291,-11.450718879699707,3.805372476577759,1.3537769317626953,-4.237277030944824,4.150325298309326,-3.946633815765381,-5.402039051055908,2.3247060775756836,-8.835443496704102,-9.025517463684082,2.1932172775268555,-4.937863349914551,-7.0519609451293945
9_lucas_44.wav,0.4724480211734772,0.053883835673332214,944.0228368492678,868.1332109910112,2118.487189797794,0.03133616727941176,-334.9947204589844,231.71359252929688,-64.87318420410156,13.125158309936523,49.223445892333984,-37.01688003540039,-12.91847038269043,12.48691463470459,-22.185823440551758,-6.487257957458496,9.681894302368164,-4.80647087097168,-1.0529171228408813,-3.764288902282715,-7.5355448722839355,1.7768608331680298,-8.375191688537598,-10.457021713256836,4.2876787185668945,-5.53739070892334,-11.086324691772461,0.9451141357421875,-5.149742126464844,-8.425217628479004,-1.239395022392273,-8.449893951416016,-8.959235191345215,-2.278757333755493,-9.241422653198242,-8.26932144165039
2_lucas_27.wav,0.4306383728981018,0.040188662707805634,1097.9807827975233,918.9262699933821,2053.857421875,0.07210286458333333,-403.2377624511719,187.51983642578125,-42.673927307128906,18.94523048400879,52.64563751220703,-18.87563705444336,-8.096504211425781,6.780691146850586,-21.984209060668945,-7.229006767272949,2.6995606422424316,-14.493743896484375,-4.287607669830322,-1.789643406867981,-12.437840461730957,1.3943908214569092,2.8229267597198486,-9.601923942565918,0.7611817121505737,4.240718364715576,-7.254015922546387,-5.178019046783447,-4.065734386444092,-8.367691040039062,-2.9047741889953613,-1.5971839427947998,-6.4679999351501465,-4.500612735748291,-3.451352119445801,-5.882262229919434
9_nicolas_27.wav,0.36367759108543396,0.037230897694826126,1053.6647344646376,1044.9616815817212,2231.91650390625,0.0568115234375,-359.3313903808594,213.54818725585938,-64.34452056884766,19.999530792236328,32.5593376159668,-32.21055603027344,16.28696632385254,4.860869407653809,-36.32774353027344,9.153318405151367,8.535330772399902,-19.801729202270508,3.7058842182159424,-2.7164673805236816,-13.414645195007324,10.069989204406738,0.25854480266571045,-9.865724563598633,3.65325927734375,-7.395215034484863,-8.718400955200195,4.69070291519165,-5.822062969207764,-4.734672546386719,4.709985256195068,-5.0521931648254395,-0.42542535066604614,6.432120323181152,-5.010743141174316,-1.9897501468658447
9_george_11.wav,0.277251273393631,0.038578517735004425,1212.2133710579758,991.9841536799155,2296.51611328125,0.0588134765625,-391.72637939453125,188.29611206054688,-102.8072280883789,5.356560707092285,35.69797897338867,-52.542816162109375,-18.219261169433594,-12.819432258605957,-40.42927169799805,1.9915554523468018,-7.3749589920043945,-36.599281311035156,-3.7067794799804688,-9.68797492980957,-30.40475845336914,-6.8008222579956055,-11.074324607849121,-21.88075828552246,-5.94287633895874,-10.863492965698242,-10.968574523925781,-1.5696213245391846,-17.580108642578125,-14.226797103881836,1.718682050704956,-13.120986938476562,-13.617912292480469,0.00545049924403429,-10.361767768859863,-9.862444877624512
8_theo_25.wav,0.46391287446022034,0.006681048311293125,1417.107056833704,1136.312911374254,2829.9598106971152,0.0918719951923077,-532.7964477539062,181.44654846191406,-61.445125579833984,52.453487396240234,37.51980972290039,-60.95407485961914,-4.041989326477051,6.791819095611572,-37.14356994628906,-10.300077438354492,-8.00487232208252,-17.552255630493164,5.871883869171143,-5.904172420501709,-7.75137996673584,13.467103958129883,-5.3836798667907715,-10.028467178344727,3.845442533493042,-13.712545394897461,-11.945663452148438,1.9370478391647339,-9.928024291992188,-3.511523962020874,3.9616153240203857,-10.838293075561523,-4.444729804992676,1.3421396017074585,-8.645783424377441,1.3665580749511719
2_nicolas_41.wav,0.2647125720977783,0.03859458863735199,1156.6428159623265,1074.4972442026726,2271.7529296875,0.056121826171875,-381.10205078125,188.16758728027344,-58.909420013427734,41.0072021484375,37.257774353027344,-36.703102111816406,19.613378524780273,4.237833023071289,-36.476341247558594,8.798895835876465,-5.30615758895874,-29.843189239501953,6.868152618408203,-2.71231746673584,-14.365814208984375,11.998581886291504,-1.0477080345153809,-7.025526523590088,10.465867042541504,-7.234271049499512,-9.107841491699219,8.555764198303223,-4.852287292480469,-5.338030815124512,6.662136077880859,-3.4145543575286865,-2.5280745029449463,1.0302609205245972,-7.48738431930542,0.23675096035003662
9_jackson_7.wav,0.2951073944568634,0.07526560872793198,829.6212516795581,874.6271025549041,1610.0555419921875,0.04229736328125,-322.0353698730469,231.536865234375,-52.33357620239258,15.85607624053955,24.947511672973633,-50.61503982543945,-6.123091220855713,3.1865241527557373,-30.16741943359375,0.41532325744628906,-3.2795636653900146,-26.78375816345215,-3.6480369567871094,-5.121768474578857,-16.88385772705078,-4.719427108764648,-10.375277519226074,-9.50139045715332,-0.6800829768180847,-14.07103443145752,-8.50513744354248,0.7750477194786072,-17.48065757751465,-11.935820579528809,1.2367658615112305,-14.13720703125,-12.785996437072754,-2.9282662868499756,-11.143463134765625,-5.898349761962891
5_theo_18.wav,0.40912118554115295,0.00470406748354435,1108.4240337132612,834.6275978720603,1932.60498046875,0.072052001953125,-554.5344848632812,253.13580322265625,-97.50284576416016,-5.571761608123779,28.464067459106445,-46.34278106689453,2.3639650344848633,5.36651611328125,-25.162155151367188,17.675439834594727,10.784027099609375,-14.670494079589844,1.8444410562515259,-14.549369812011719,-13.52402114868164,8.43643569946289,-20.036312103271484,-17.808120727539062,11.33688735961914,-11.979278564453125,-12.62507438659668,9.754528999328613,-10.741277694702148,-11.670461654663086,5.903350830078125,-6.641909599304199,-3.8362269401550293,4.552539348602295,-8.614968299865723,-2.8128559589385986
4_george_41.wav,0.38765570521354675,0.061023812741041183,1153.7542496941098,896.6552039456258,2063.5986328125,0.0759006076388889,-341.5973205566406,183.55101013183594,-78.82685089111328,-14.16141128540039,5.553715229034424,-52.0954704284668,-10.792972564697266,-14.833478927612305,-50.00791931152344,-13.059152603149414,-16.9642333984375,-38.845149993896484,-2.2554736137390137,-3.228879690170288,-24.678462982177734,-0.9152999520301819,-0.9382790327072144,-18.890913009643555,-10.422966957092285,-13.657711029052734,-17.407169342041016,-5.129583358764648,-7.585441589355469,-6.677502632141113,0.7827845811843872,-9.766728401184082,-10.32429027557373,0.5741869807243347,-3.5322318077087402,-3.1382603645324707
5_george_49.wav,0.2926027774810791,0.057783178985118866,1329.0911718551097,966.048462729901,2583.048148777174,0.07799762228260869,-359.51171875,169.77862548828125,-99.7080078125,-6.038275241851807,22.038606643676758,-48.988258361816406,-9.707541465759277,-14.300395011901855,-48.09000778198242,-1.6050602197647095,-7.178117275238037,-38.5112419128418,-4.207245349884033,-8.49506950378418,-33.548583984375,-7.429816722869873,-4.450214385986328,-16.492996215820312,-2.4864773750305176,-9.541914939880371,-15.96734619140625,-2.3241257667541504,-10.026188850402832,-11.38310432434082,2.4060535430908203,-7.20123815536499,-10.513583183288574,1.3977805376052856,-4.741084575653076,-7.499974727630615
3_george_38.wav,0.2699044942855835,0.037115707993507385,1483.6938948073844,1138.956739429051,2900.3568209134614,0.0751201923076923,-396.49761962890625,154.89259338378906,-90.39354705810547,43.98103713989258,55.96225357055664,-50.82338333129883,-19.363807678222656,-15.000874519348145,-43.43404769897461,-4.4945268630981445,-19.63498306274414,-42.255332946777344,0.8625881671905518,-7.3333916664123535,-28.52791404724121,1.0344078540802002,-5.088753700256348,-18.88605499267578,-1.5991129875183105,-11.609018325805664,-15.896397590637207,-0.21138106286525726,-13.641501426696777,-16.02568817138672,-0.3475980758666992,-10.07974910736084,-9.076804161071777,5.305452346801758,-3.689603328704834,-7.131015300750732
4_yweweler_45.wav,0.3949534595012665,0.007475494872778654,849.8543675875791,734.6977425309517,1417.0504056490386,0.05547626201923077,-576.7047119140625,209.19772338867188,-20.011009216308594,5.5207061767578125,0.23464056849479675,-53.10511779785156,-3.3171849250793457,15.384659767150879,-18.189525604248047,-1.585699200630188,0.6165913939476013,-18.166988372802734,0.16084766387939453,5.7726922035217285,-4.050419807434082,4.605739593505859,1.780015230178833,-1.5375453233718872,6.951808452606201,-1.9445265531539917,-6.0008134841918945,2.2068943977355957,-7.185555458068848,-11.319250106811523,-2.9271812438964844,-6.713101387023926,-4.791218280792236,3.4158341884613037,-2.460855484008789,-5.013991832733154
4_theo_24.wav,0.3329792320728302,0.08522914350032806,886.4716861812833,578.7707283335158,1260.7177734375,0.07003348214285714,-362.9300842285156,157.65614318847656,-8.147272109985352,-28.82598304748535,-21.932619094848633,-33.54499816894531,-15.630387306213379,-10.62742805480957,-17.713518142700195,-5.801246643066406,-9.676423072814941,-16.99346160888672,-1.593153476715088,-0.7654061913490295,-6.638896942138672,4.323023319244385,-1.183949589729309,-15.00153923034668,-8.259153366088867,-7.1738152503967285,-13.803289413452148,-6.103964805603027,-1.5989980697631836,-6.050168037414551,-4.886939525604248,-3.8834056854248047,-2.5148911476135254,4.167623996734619,7.887911796569824,9.853926658630371
8_lucas_16.wav,0.5531558394432068,0.10057350993156433,1182.424918370253,1014.745896760809,2488.0637428977275,0.07151100852272728,-294.2646179199219,200.93328857421875,-57.569541931152344,40.509056091308594,58.11717224121094,-55.317562103271484,-29.431798934936523,12.279013633728027,-18.802112579345703,-10.406588554382324,1.602418065071106,-11.27597713470459,-0.18531392514705658,1.4541256427764893,-8.923575401306152,-2.2047955989837646,-3.670668125152588,-6.740243434906006,-3.3768203258514404,-10.822746276855469,-5.953549385070801,3.18284010887146,-10.617359161376953,-10.35012435913086,3.3072926998138428,-6.843714714050293,-11.829839706420898,-0.821180522441864,-2.971353769302368,-4.596241474151611
7_theo_48.wav,0.35991448163986206,0.0028243032284080982,1224.5530741128111,1040.6218640295965,2320.5615234375,0.07578125,-600.7125244140625,212.5712890625,-72.22327423095703,24.836973190307617,37.7918815612793,-41.51313018798828,1.5814738273620605,1.8143693208694458,-27.288768768310547,13.472884178161621,4.206422328948975,-19.756345748901367,8.24882984161377,4.105448246002197,-3.359722852706909,7.052756309509277,-15.604776382446289,-14.780017852783203,2.9223403930664062,-18.59355354309082,-15.235586166381836,5.8496928215026855,-8.081847190856934,-4.512566089630127,5.898006916046143,-12.777774810791016,-8.697582244873047,4.965317726135254,-5.133425712585449,-2.454760789871216
6_lucas_10.wav,0.5220721364021301,0.027255602180957794,1381.6682424214423,1045.5156737088691,2644.1975911458335,0.09843388310185185,-404.9966735839844,154.24118041992188,-53.94596481323242,30.566205978393555,52.46547317504883,-25.943782806396484,-2.4173812866210938,13.138720512390137,-13.54503059387207,8.376303672790527,10.951401710510254,-10.575178146362305,3.945580005645752,7.622959136962891,-0.2657022476196289,6.5473246574401855,-3.4104721546173096,-6.277370452880859,9.719258308410645,1.7594799995422363,-5.903896331787109,4.677270889282227,1.232049584388733,-1.6022752523422241,3.658412218093872,-2.8027760982513428,-2.785177230834961,3.6835086345672607,-1.471455454826355,-1.7731918096542358
6_nicolas_33.wav,0.4311912953853607,0.05079217627644539,1309.347030590529,1167.4003038472679,2897.75390625,0.06169782366071429,-341.64666748046875,186.6393280029297,-66.79285430908203,47.85809326171875,48.97145462036133,-50.75944900512695,0.8923190832138062,5.777497291564941,-39.57898712158203,-1.559075117111206,-3.108140230178833,-26.361753463745117,6.570324420928955,1.4398490190505981,-14.501172065734863,8.543233871459961,0.6769638657569885,-8.446793556213379,7.533112049102783,-2.6209871768951416,-7.742295742034912,3.1411335468292236,-3.7281932830810547,-0.5053386092185974,5.0604248046875,-5.384974956512451,1.6671091318130493,5.819286823272705,-6.995766639709473,-0.45363849401474
2_jackson_45.wav,0.28212234377861023,0.06436953693628311,1059.6637789652264,875.3269290706969,1857.7956627155172,0.07064924568965517,-361.057861328125,151.4408721923828,-36.50230407714844,34.298133850097656,46.51034927368164,-22.16797637939453,-7.502599239349365,-9.40732479095459,-32.65396499633789,-11.716041564941406,-17.582317352294922,-26.725048065185547,-3.763956069946289,-14.790983200073242,-23.023136138916016,1.9270225763320923,-4.083115100860596,-10.419900894165039,8.816191673278809,-1.4307255744934082,-13.190289497375488,0.5273445248603821,-5.643362045288086,-16.32795524597168,-8.852916717529297,-9.461389541625977,-8.993885040283203,-1.3788502216339111,-4.748178958892822,-5.491683483123779
8_yweweler_22.wav,0.35600706934928894,0.006605218164622784,1627.1368222610536,1154.2280703813626,2944.9821920955883,0.09820197610294118,-538.8487548828125,171.81085205078125,-74.20469665527344,44.67274856567383,43.2454833984375,-58.877838134765625,-0.6978527307510376,13.05527400970459,-33.36406707763672,-2.360517740249634,-5.045316219329834,-24.446378707885742,7.824995994567871,-2.115107774734497,-18.43720054626465,7.839908599853516,0.6417136192321777,-10.177322387695312,3.5033397674560547,-4.54319429397583,-2.27709698677063,6.8421125411987305,-8.794486045837402,-2.119913339614868,7.394754886627197,-11.408040046691895,-4.518285274505615,6.680920600891113,-9.444011688232422,-4.344313621520996
7_lucas_39.wav,0.4263133704662323,0.044998738914728165,1134.1033054935363,988.2133876356136,2301.519416360294,0.07528147977941177,-376.2854919433594,165.5830841064453,-31.24237060546875,29.84576988220215,50.207847595214844,-25.281190872192383,-13.098576545715332,8.036856651306152,-23.868793487548828,-12.111307144165039,14.81140422821045,-0.9668583869934082,-13.072999954223633,-4.39380407333374,2.8466854095458984,0.4607532322406769,-10.62423038482666,-8.475902557373047,4.008166790008545,-1.8465149402618408,-9.82473373413086,-4.846596717834473,-5.5026397705078125,-5.501101970672607,-0.25115054845809937,-5.396358013153076,-9.602825164794922,-4.514225006103516,-4.021334648132324,-3.9278945922851562
8_nicolas_35.wav,0.4246520698070526,0.037248581647872925,1147.2481997731184,1117.2830824342468,2571.3177849264707,0.04822495404411765,-366.1019287109375,209.765380859375,-69.81841278076172,33.67361831665039,39.48389434814453,-49.112205505371094,0.9735568761825562,6.213893890380859,-27.02435874938965,10.901715278625488,2.1192092895507812,-18.166250228881836,11.603690147399902,-1.1010018587112427,-13.107048034667969,9.604222297668457,-3.8502542972564697,-6.729060173034668,10.684123039245605,-7.79753303527832,-8.051090240478516,8.549235343933105,-7.135914325714111,-5.1209397315979,8.437122344970703,-3.970165491104126,-0.06353185325860977,8.666787147521973,-3.0520284175872803,0.777424156665802
0_yweweler_10.wav,0.2657943665981293,0.021167177706956863,932.6063513911475,779.02345232967,1561.1572265625,0.04406020220588235,-449.28179931640625,202.65245056152344,-49.790077209472656,-5.838693141937256,13.176102638244629,-46.680973052978516,-11.274147033691406,2.976473569869995,-32.039554595947266,-9.913911819458008,-1.102687954902649,-22.70789909362793,-4.381186485290527,2.9838695526123047,-13.342227935791016,-4.237375736236572,-0.25776827335357666,-6.740197658538818,0.49006861448287964,-4.0469441413879395,-12.187859535217285,-6.753314971923828,-11.16775131225586,-12.996744155883789,-2.348074197769165,-5.461414813995361,-9.094446182250977,-0.34219107031822205,-0.5573309063911438,-2.3646240234375
6_lucas_8.wav,0.5329698324203491,0.020026547834277153,1771.126486027133,995.5749279023945,2871.66796875,0.16125,-413.4799499511719,150.90853881835938,-74.89928436279297,27.083906173706055,45.3940544128418,-41.15214538574219,-3.789191484451294,11.157217979431152,-24.858840942382812,2.0533037185668945,5.499433517456055,-16.662837982177734,3.365330696105957,2.7477049827575684,-8.610644340515137,7.070652484893799,0.7947169542312622,-5.600179672241211,8.37476634979248,-1.2931994199752808,-8.082071304321289,2.9979074001312256,-3.6495609283447266,-5.931446552276611,1.773127555847168,-4.776318073272705,-3.118533134460449,3.4198763370513916,-3.7128100395202637,-1.8773525953292847
1_lucas_28.wav,0.4515223205089569,0.06758121401071548,1011.1200979642439,847.2838314422152,1899.9462890625,0.055403645833333334,-386.35858154296875,174.44761657714844,-25.532848358154297,3.4842169284820557,17.317401885986328,-36.33060073852539,-10.467501640319824,11.90011215209961,-19.876955032348633,-15.07713794708252,5.415661811828613,1.488069772720337,-1.1306086778640747,-9.059399604797363,-13.563719749450684,-1.9555370807647705,-6.217848777770996,-13.439620018005371,-1.7805769443511963,-4.592299938201904,-15.550634384155273,-7.823590278625488,-4.441887855529785,-9.622220039367676,-7.761899948120117,-8.130677223205566,-7.558572769165039,-3.279927968978882,-7.655354022979736,-8.90084457397461
0_lucas_45.wav,0.416273832321167,0.060611333698034286,825.9983641676027,783.7305931253964,1712.40234375,0.032552083333333336,-344.600830078125,218.09323120117188,-36.82173538208008,1.612889051437378,39.42355728149414,-14.363444328308105,-8.331856727600098,-0.6947417259216309,-17.663461685180664,2.49862003326416,4.520978927612305,-14.14415454864502,-0.0935986191034317,4.598008632659912,-6.525899887084961,1.5762988328933716,1.7260284423828125,-4.190846920013428,2.742940902709961,-3.3335869312286377,-9.806190490722656,-0.06557074189186096,-4.96655797958374,-12.665560722351074,-1.3220868110656738,-0.4257201552391052,-9.468299865722656,-5.194540500640869,-2.095064640045166,-5.170257568359375
9_yweweler_46.wav,0.4284762442111969,0.010672115720808506,1035.5051959637876,877.4503082361866,1929.1216681985295,0.060345818014705885,-509.0512390136719,241.7452392578125,-77.45408630371094,5.511737823486328,25.558147430419922,-44.379051208496094,16.181137084960938,13.4880952835083,-37.54400634765625,4.974092960357666,7.108774185180664,-22.201791763305664,4.0207839012146,-2.2499189376831055,-18.078977584838867,3.442807912826538,-6.4323039054870605,-13.428564071655273,6.018651008605957,-7.001164436340332,-13.329970359802246,1.64126718044281,-7.492168426513672,-6.39765739440918,3.4752156734466553,-10.46158504486084,-7.506702899932861,3.952024459838867,-8.011517524719238,-7.349442958831787
6_nicolas_32.wav,0.4437843859195709,0.032634202390909195,1213.8031537265565,1114.413550837899,2678.192138671875,0.062286376953125,-368.8007507324219,186.6719970703125,-59.4002685546875,43.572906494140625,42.03575897216797,-43.04149627685547,5.67579984664917,-0.08002644777297974,-36.477760314941406,4.62661075592041,-5.074576377868652,-23.858028411865234,12.119878768920898,1.966189980506897,-10.806405067443848,13.018080711364746,-0.8501431941986084,-8.801240921020508,8.29321002960205,-3.7829952239990234,-4.735572338104248,6.463476181030273,-6.360040664672852,-2.5043084621429443,5.131004333496094,-7.766356468200684,-0.07536450028419495,6.944272518157959,-5.922938346862793,-0.32616978883743286
9_jackson_36.wav,0.3912056088447571,0.05741168186068535,898.4245774187034,920.0082836803291,1899.005758351293,0.04345703125,-343.7722473144531,212.18984985351562,-55.529762268066406,17.804561614990234,36.817073822021484,-31.159624099731445,5.889572620391846,3.3762872219085693,-34.43675994873047,-1.1122428178787231,3.4285836219787598,-17.680463790893555,-3.9081473350524902,-10.938996315002441,-19.11374855041504,-6.093568801879883,-13.17142391204834,-10.896748542785645,-1.6390544176101685,-16.147384643554688,-11.92754077911377,-2.4571099281311035,-15.06296443939209,-6.950820446014404,-1.6474322080612183,-20.01155662536621,-10.19778060913086,2.8250327110290527,-11.242534637451172,-8.137157440185547
5_jackson_9.wav,0.3072071969509125,0.05419363081455231,975.0878898627105,906.8825204616849,1813.5263671875,0.0573046875,-355.1397399902344,189.95201110839844,-41.974464416503906,-2.2271547317504883,13.119162559509277,-39.35166931152344,-13.203071594238281,-7.052516937255859,-28.07012367248535,-2.8930678367614746,0.698520839214325,-13.325675964355469,-4.1382880210876465,-13.870572090148926,-18.473865509033203,-1.8783448934555054,-9.657731056213379,-10.622446060180664,4.742414951324463,-6.685451507568359,-9.88387393951416,5.532548904418945,-2.882368803024292,-9.571601867675781,-1.5284522771835327,-7.0021443367004395,-8.878931045532227,-2.678757905960083,-6.410033702850342,-5.5615315437316895
6_theo_26.wav,0.33494195342063904,0.004574761260300875,1866.0081621974873,1118.791006684296,3073.581414473684,0.17459909539473684,-559.5707397460938,155.4327392578125,-76.20441436767578,38.27387619018555,36.86406326293945,-47.06340408325195,5.423007488250732,1.967551350593567,-27.92315101623535,12.433637619018555,-6.831844329833984,-23.0966739654541,17.056917190551758,2.085944652557373,-7.795502662658691,16.887874603271484,-3.869826078414917,-7.090086460113525,11.349953651428223,-12.821480751037598,-12.538588523864746,7.698980331420898,-8.098716735839844,-6.267515659332275,5.21505069732666,-7.368605613708496,-1.6548579931259155,2.792090654373169,-9.985374450683594,-1.6158099174499512
9_yweweler_41.wav,0.38690435886383057,0.0068970974534749985,938.5929963693619,859.5116672944343,1867.1553762335527,0.05497018914473684,-552.890380859375,237.86114501953125,-65.6604995727539,8.711854934692383,30.595462799072266,-38.78321838378906,11.48132038116455,13.633729934692383,-33.076107025146484,0.7832733988761902,6.728448390960693,-16.948163986206055,2.1981523036956787,-2.501589298248291,-14.213507652282715,0.7079965472221375,-7.744701862335205,-9.219893455505371,4.1698994636535645,-10.671463012695312,-10.138809204101562,5.664729118347168,-5.62977409362793,-5.493368625640869,2.093360185623169,-10.347704887390137,-4.648146152496338,4.335332870483398,-8.62915325164795,-5.417712211608887
3_theo_10.wav,0.32006195187568665,0.00624326104298234,1034.4405744793823,998.049690891908,2194.2333984375,0.0482421875,-569.2998046875,204.79190063476562,-60.354644775390625,42.331031799316406,59.16425323486328,-32.099082946777344,-8.663893699645996,-5.9081549644470215,-27.294174194335938,-0.3661208152770996,-17.565567016601562,-28.543766021728516,4.473317623138428,-6.8358917236328125,-8.89460563659668,15.220561027526855,-6.763608455657959,-13.471853256225586,4.983546257019043,-13.188305854797363,-13.314702033996582,4.928488254547119,-9.654708862304688,-9.400407791137695,3.077070713043213,-8.661774635314941,-5.848455429077148,2.8913440704345703,-7.121947288513184,-5.266634941101074
6_george_42.wav,0.32312530279159546,0.03844205662608147,1884.5166022367002,1202.2776196403959,3183.92333984375,0.13981119791666666,-374.25982666015625,130.9100799560547,-93.31328582763672,31.539955139160156,40.995689392089844,-44.54457473754883,-8.271894454956055,-22.76277732849121,-50.97159194946289,-4.823002338409424,-28.716508865356445,-51.68837356567383,1.4195401668548584,-8.079333305358887,-34.60197448730469,-3.9432590007781982,-5.061637878417969,-15.392460823059082,-0.5476528406143188,-11.083721160888672,-11.592778205871582,2.1937828063964844,-10.677611351013184,-5.654599666595459,6.404233932495117,-11.642180442810059,-7.615667343139648,6.15873384475708,-9.617738723754883,-8.027938842773438
2_george_40.wav,0.2949923574924469,0.04299955442547798,791.0991818981875,799.3056961441304,1334.3408203125,0.03714192708333333,-407.0743408203125,179.38839721679688,-32.37771987915039,7.082928657531738,6.200834274291992,-47.429893493652344,-11.220338821411133,-13.079156875610352,-46.71800994873047,-21.149860382080078,-24.49522590637207,-45.23379135131836,-20.317554473876953,-17.85396385192871,-26.54685401916504,-4.109429359436035,-4.578901290893555,-14.535590171813965,-2.301434278488159,-6.614341735839844,-13.216958045959473,-3.884751319885254,-8.772734642028809,-12.413846015930176,-4.849793910980225,-8.200915336608887,-7.196105480194092,-0.35271185636520386,-4.586009502410889,-3.481349229812622
0_jackson_18.wav,0.33356475830078125,0.08151200413703918,661.8862176732317,720.7071279276,1250.4108297413793,0.03529094827586207,-339.2991638183594,199.4557647705078,-4.147031307220459,12.337213516235352,24.217914581298828,-25.277732849121094,-23.227783203125,-21.037391662597656,-25.962541580200195,-6.434756278991699,-14.22105884552002,-22.16126251220703,-0.5938726663589478,-5.193735599517822,-14.58607292175293,-1.078965187072754,-6.504195213317871,-11.750687599182129,-1.036097526550293,-9.547021865844727,-13.486507415771484,-1.3463276624679565,-8.704723358154297,-15.218957901000977,-6.941189765930176,-9.592613220214844,-9.92470645904541,-3.9464728832244873,-9.291418075561523,-8.609477996826172
7_nicolas_29.wav,0.39357393980026245,0.038278672844171524,1207.3043789425474,1102.8913277299464,2447.818531709559,0.06433823529411764,-347.79168701171875,200.9792938232422,-65.84075164794922,30.84326934814453,34.74150848388672,-42.0621452331543,3.074733018875122,-9.282022476196289,-37.19451904296875,17.456039428710938,4.54977560043335,-25.63257598876953,11.08372688293457,6.4533257484436035,-9.52610969543457,9.661598205566406,-3.7329185009002686,-9.95731258392334,7.245479583740234,-7.79749059677124,-10.722272872924805,4.125561237335205,-6.207696914672852,-2.9065728187561035,8.006714820861816,-3.476902484893799,-0.791820764541626,4.863339424133301,-5.091075897216797,0.2624790668487549
9_lucas_11.wav,0.44820910692214966,0.049294885247945786,1025.6641707816036,916.506242408358,2216.304931640625,0.0556396484375,-381.69775390625,201.13662719726562,-50.74817657470703,13.370527267456055,45.294132232666016,-32.90324783325195,-10.843249320983887,15.155860900878906,-23.27781105041504,-13.974576950073242,12.680109977722168,2.5042123794555664,-4.695772171020508,-6.160672187805176,-4.227112770080566,1.6044899225234985,-9.218769073486328,-12.089035034179688,0.8865853548049927,-5.210020542144775,-12.733671188354492,-4.272332668304443,-4.3688645362854,-7.392672538757324,-5.272375106811523,-8.443130493164062,-7.474870204925537,-4.349948406219482,-7.438692569732666,-4.328982353210449
2_jackson_31.wav,0.2317141890525818,0.08202168345451355,1007.7902350392056,899.1685705145849,1780.5908203125,0.058872767857142856,-338.96624755859375,158.05014038085938,-27.4517879486084,21.28900146484375,37.097930908203125,-25.793439865112305,-23.787105560302734,-11.464109420776367,-21.707693099975586,-14.64698600769043,-19.631202697753906,-22.803848266601562,-9.785329818725586,-16.623178482055664,-14.691461563110352,2.5055320262908936,-6.519891738891602,-7.265412330627441,7.213023662567139,-6.446763515472412,-12.158076286315918,3.6275241374969482,-3.7321903705596924,-11.758851051330566,-3.3496761322021484,-7.5910468101501465,-10.957319259643555,-7.081363677978516,-11.911463737487793,-8.038283348083496
7_theo_11.wav,0.3290794789791107,0.0060828616842627525,1353.0228718666633,969.2083260909279,2421.3520250822367,0.10724198190789473,-541.0901489257812,167.6930694580078,-55.71628952026367,17.294330596923828,29.081884384155273,-39.936710357666016,-6.057643890380859,0.5183967351913452,-24.12602996826172,8.122185707092285,4.142923355102539,-19.332063674926758,3.689194440841675,7.7183427810668945,-1.1357301473617554,2.82435941696167,-13.591897964477539,-13.703503608703613,1.890610933303833,-12.831268310546875,-13.727588653564453,2.4658169746398926,-6.531386852264404,-5.624894618988037,3.0693047046661377,-10.462550163269043,-9.003373146057129,2.451582193374634,-5.396106243133545,-5.538023471832275
7_yweweler_49.wav,0.34641653299331665,0.006858622655272484,978.2654457304933,946.9830300556575,2151.884765625,0.04137369791666667,-541.1473999023438,208.96383666992188,-57.65657424926758,20.81989860534668,39.29340362548828,-33.13386917114258,5.792764663696289,2.79550838470459,-37.246585845947266,4.513033866882324,9.983389854431152,-22.636852264404297,-4.073094367980957,2.2588648796081543,-6.02577543258667,3.6980905532836914,-8.147957801818848,-11.016618728637695,5.627355575561523,-4.748275279998779,-6.969726085662842,4.753256320953369,-7.63464879989624,-7.291452407836914,3.4089293479919434,-10.06767749786377,-9.524627685546875,3.2015268802642822,-4.29455041885376,-4.153027534484863
0_yweweler_43.wav,0.2771405875682831,0.013156164437532425,776.8800753669478,742.1772588947631,1472.1533203125,0.03323567708333333,-505.6206970214844,217.94810485839844,-35.51747512817383,7.216701030731201,25.207368850708008,-38.603271484375,-7.6461615562438965,8.234818458557129,-26.272438049316406,-12.519617080688477,-7.928620338439941,-23.839136123657227,-3.978459596633911,1.9608184099197388,-9.436761856079102,1.3307806253433228,-0.02317986451089382,-8.169071197509766,0.4962760806083679,-3.7944133281707764,-10.517300605773926,-3.341831684112549,-6.278378009796143,-8.232300758361816,-1.9329125881195068,-6.379127025604248,-7.210150718688965,-2.2647323608398438,-7.371288776397705,-6.674256324768066
9_lucas_16.wav,0.4158065617084503,0.054546087980270386,945.0995998110457,882.0374834349865,2134.0537623355262,0.049958881578947366,-355.2782897949219,217.9467010498047,-51.160552978515625,14.88031005859375,44.764678955078125,-34.83639907836914,-6.604601860046387,17.983097076416016,-23.933446884155273,-14.220222473144531,9.748208999633789,1.4607447385787964,-1.1359593868255615,-7.0250563621521,-9.230135917663574,-2.619163990020752,-12.933884620666504,-10.328218460083008,6.1337385177612305,-6.451267242431641,-15.244709014892578,-1.964432954788208,-5.63320255279541,-12.898099899291992,-7.1264119148254395,-7.350103855133057,-7.349165439605713,-6.431168079376221,-11.009522438049316,-5.58653450012207
5_jackson_25.wav,0.41516247391700745,0.057844679802656174,813.2485374832776,795.8055328253104,1384.70458984375,0.047417534722222224,-339.89166259765625,234.77239990234375,-40.74117660522461,-0.18162451684474945,7.82112455368042,-45.72467803955078,-12.714856147766113,-14.260587692260742,-29.54352569580078,8.0405855178833,-0.6693680882453918,-18.455636978149414,0.7610125541687012,-10.891114234924316,-10.163518905639648,11.488964080810547,-10.645785331726074,-15.24010181427002,5.2825541496276855,-13.536556243896484,-16.16688346862793,4.412019729614258,-10.117629051208496,-15.688700675964355,-2.8953235149383545,-12.233851432800293,-11.757460594177246,-1.0968079566955566,-7.369294166564941,-6.182292938232422
6_theo_17.wav,0.3593685030937195,0.0019383273320272565,1895.2608010260237,1126.0900153775583,3132.666954627404,0.17596905048076922,-626.8667602539062,171.75567626953125,-88.35670471191406,39.01412582397461,39.07565689086914,-48.12495803833008,11.598607063293457,4.598536491394043,-28.875608444213867,16.412076950073242,-3.2374212741851807,-22.286800384521484,15.494568824768066,-1.4797117710113525,-8.56363582611084,14.938211441040039,-9.470396995544434,-8.860017776489258,11.65753173828125,-12.711922645568848,-9.372479438781738,8.067480087280273,-11.94462776184082,-8.35745906829834,2.6250178813934326,-9.75146770477295,-0.6574429273605347,2.7582688331604004,-9.685888290405273,2.128028154373169
1_lucas_5.wav,0.47475293278694153,0.04439568147063255,948.7103226408774,915.8974422479429,1954.4970703125,0.04381510416666667,-429.919921875,190.95521545410156,-23.411027908325195,0.8739089369773865,22.674509048461914,-30.20217514038086,-4.711971759796143,24.91099739074707,-11.81872844696045,-16.430755615234375,8.958089828491211,4.613345623016357,-3.2623658180236816,-1.4367082118988037,-3.3877809047698975,-4.841334342956543,-8.050664901733398,-6.148031234741211,2.19629168510437,-3.7815964221954346,-12.262895584106445,-4.619235515594482,-1.295007348060608,-6.67860221862793,-5.801682949066162,-5.395346641540527,-7.442770957946777,-5.315613746643066,-4.049234390258789,-3.830059051513672
5_george_35.wav,0.31115031242370605,0.06220399588346481,1203.950057591662,942.0505548357609,2255.3466796875,0.06496465773809523,-337.0272216796875,183.5323028564453,-100.37683868408203,-2.1084277629852295,24.01757049560547,-57.54402160644531,-19.23813819885254,-16.30019760131836,-47.75139236450195,-8.77427864074707,-13.856103897094727,-32.01668167114258,2.249584197998047,-11.803996086120605,-33.695823669433594,-6.510695457458496,-11.73409366607666,-21.490358352661133,-2.310157060623169,-13.270333290100098,-20.123552322387695,-3.2156171798706055,-11.419270515441895,-12.874309539794922,0.9949219226837158,-8.54914379119873,-10.326423645019531,-0.057551831007003784,-6.689494609832764,-6.063170909881592
4_george_9.wav,0.293460488319397,0.07814859598875046,984.6793470479106,828.442139112458,1682.281494140625,0.056111653645833336,-361.5484313964844,148.1221466064453,-44.35493087768555,-7.415258884429932,8.86865234375,-35.26438522338867,-12.186564445495605,-14.738680839538574,-46.40483093261719,-19.68440055847168,-10.023577690124512,-32.22240447998047,-14.180630683898926,-1.1181650161743164,-14.714488983154297,-7.109706878662109,-1.1397255659103394,-12.84573745727539,-13.330546379089355,-10.586945533752441,-11.891600608825684,-9.222386360168457,-10.427774429321289,-9.592506408691406,-2.980504274368286,-4.292080402374268,-6.765068531036377,-1.8658965826034546,1.178836703300476,0.5952269434928894
9_george_9.wav,0.3105691373348236,0.042642075568437576,1122.1611551365027,947.9881489205528,2130.382770040761,0.05753226902173913,-381.6079406738281,187.57655334472656,-88.22340393066406,5.133061408996582,32.71366500854492,-43.94853973388672,-14.67345905303955,-21.225845336914062,-46.54316329956055,-1.2924511432647705,-14.382049560546875,-41.87122344970703,-3.8791682720184326,-7.483019828796387,-26.181255340576172,-4.139322757720947,-12.27924919128418,-21.59368896484375,-5.257510185241699,-16.668685913085938,-19.560829162597656,-5.162376880645752,-15.921133041381836,-10.598100662231445,3.6119325160980225,-14.30317497253418,-13.953930854797363,3.323319911956787,-5.827433109283447,-7.7108154296875
3_theo_19.wav,0.30361419916152954,0.003929479978978634,931.3387197257383,964.9188847490062,2123.173828125,0.040869140625,-607.3004760742188,215.802490234375,-56.04710006713867,44.85612106323242,58.8869743347168,-32.081695556640625,-2.2134556770324707,0.30867233872413635,-27.70473289489746,2.9019570350646973,-7.773097991943359,-23.807634353637695,4.957932949066162,-5.056745529174805,-13.965156555175781,4.5358710289001465,-8.375,-7.231106758117676,8.195399284362793,-11.597975730895996,-10.442173957824707,5.479857921600342,-10.219465255737305,-7.649633884429932,4.616853713989258,-9.299237251281738,-7.223097801208496,-0.1378389298915863,-10.197748184204102,-2.070629119873047
2_george_44.wav,0.2901797890663147,0.052277274429798126,876.0113689854213,866.8750650054474,1488.09814453125,0.04279436383928571,-372.4946594238281,177.3581085205078,-38.42778396606445,5.65175199508667,3.6523020267486572,-51.624229431152344,-6.759276866912842,-5.788721561431885,-47.76619338989258,-23.653440475463867,-24.283071517944336,-48.081520080566406,-20.564250946044922,-12.093865394592285,-26.27256202697754,-8.428108215332031,-2.2513363361358643,-10.98253345489502,-5.018833160400391,-9.593855857849121,-14.030013084411621,-5.318472385406494,-9.149285316467285,-11.413689613342285,-4.078561305999756,-7.6963934898376465,-8.014608383178711,-1.7610634565353394,-5.152232646942139,-4.83376932144165
6_george_12.wav,0.3852282166481018,0.023855531588196754,1574.323885418978,1124.9324410650281,2936.97509765625,0.1055908203125,-447.6798400878906,121.36091613769531,-71.30201721191406,24.213623046875,37.915489196777344,-37.11231231689453,-14.71696662902832,-16.93876838684082,-37.78855514526367,-5.466982364654541,-19.856496810913086,-39.33274459838867,-3.6399307250976562,-8.7761812210083,-26.88630485534668,-3.3626956939697266,-4.664679527282715,-12.826924324035645,1.0429962873458862,-8.307010650634766,-12.253662109375,1.6719199419021606,-9.205243110656738,-11.885917663574219,3.0098299980163574,-4.992494106292725,-8.57334041595459,2.534822702407837,-2.4860727787017822,-5.345150947570801
2_george_25.wav,0.25226202607154846,0.04870126023888588,919.3348260719065,889.1861701360609,1799.560546875,0.04237583705357143,-372.1203918457031,172.28817749023438,-46.08173370361328,8.726316452026367,10.693360328674316,-49.695072174072266,-7.378802299499512,-6.373565196990967,-46.2330436706543,-17.65334701538086,-15.582487106323242,-40.767086029052734,-17.675617218017578,-11.444007873535156,-23.91045570373535,-7.084229469299316,-4.798027038574219,-14.285316467285156,-5.81900691986084,-7.348915100097656,-13.013188362121582,-8.284956932067871,-8.863031387329102,-7.987785339355469,-7.418715000152588,-11.516532897949219,-3.494018793106079,1.6727317571640015,-5.894886493682861,-5.119593620300293
0_lucas_44.wav,0.4254692494869232,0.04711109399795532,1209.3332294105653,898.2061710278059,2177.881622314453,0.090362548828125,-416.160400390625,161.2455596923828,-36.82685852050781,8.468481063842773,34.458274841308594,-17.877206802368164,-3.7862062454223633,4.292812347412109,-19.669279098510742,-3.1773111820220947,2.538926362991333,-13.598111152648926,0.9629707336425781,8.602750778198242,-4.870920181274414,-4.522817611694336,-2.6696879863739014,-2.2189433574676514,1.8054429292678833,-6.126225471496582,-7.9388580322265625,1.0869132280349731,-4.634442329406738,-7.827979564666748,0.9781991243362427,-2.7081098556518555,-7.179207801818848,-1.542508840560913,-3.331444025039673,-4.9603271484375
5_lucas_26.wav,0.5636453628540039,0.05015142261981964,1344.7069152897664,939.4551846048979,2296.598933293269,0.1106708233173077,-387.0470886230469,159.57989501953125,-47.49612045288086,4.294837951660156,35.918338775634766,-23.423837661743164,-8.660661697387695,11.25361442565918,-11.898977279663086,0.13819587230682373,12.69039535522461,-1.3886992931365967,-1.3239967823028564,-2.503575563430786,-4.935401439666748,4.950098991394043,-2.9422006607055664,-10.63397216796875,3.9395103454589844,1.5651952028274536,-10.358686447143555,-2.630568504333496,0.37218400835990906,-3.238598108291626,1.191150426864624,-0.6854692697525024,-2.0339720249176025,3.845806121826172,-1.0128254890441895,-5.587928771972656
9_lucas_27.wav,0.4446970522403717,0.05679648742079735,1060.843674842122,942.35111040101,2286.1083984375,0.04348958333333333,-335.9345397949219,216.42291259765625,-66.48518371582031,20.688743591308594,50.58391189575195,-41.435646057128906,-16.17957305908203,11.087212562561035,-22.120643615722656,-5.862517833709717,10.280050277709961,-1.9707103967666626,2.3715789318084717,-3.336688280105591,-7.903585910797119,2.3714611530303955,-8.7859468460083,-11.214247703552246,4.791273593902588,-5.256134986877441,-12.410429954528809,-0.5775089859962463,-5.589386463165283,-8.918011665344238,-1.070322871208191,-5.935689449310303,-8.740530014038086,-6.846673011779785,-11.05333137512207,-5.619436740875244
0_yweweler_17.wav,0.36293384432792664,0.00874895229935646,999.8050402017086,891.3518012490755,1840.49072265625,0.044840494791666664,-519.2399291992188,198.40603637695312,-46.88111114501953,8.80876636505127,26.70077896118164,-35.29556655883789,-2.2960920333862305,5.494322776794434,-26.2372989654541,-4.573332786560059,-6.946072578430176,-25.45893096923828,-0.017361322417855263,2.1790030002593994,-13.798502922058105,-2.7778079509735107,-2.4855284690856934,-4.70703649520874,3.9952480792999268,-5.5217413902282715,-7.593099117279053,3.384767532348633,-3.8246676921844482,-5.720153331756592,-0.2629775404930115,-8.954898834228516,-7.233335494995117,0.12205861508846283,-5.993720054626465,-3.48842453956604
7_yweweler_5.wav,0.36355602741241455,0.015108623541891575,1163.3350298771031,978.4347434363505,2378.90625,0.050525483630952384,-472.93634033203125,175.56570434570312,-60.27698516845703,10.278470039367676,32.63125228881836,-36.25618362426758,-7.5019001960754395,-1.905067801475525,-33.03189468383789,2.501228094100952,10.149272918701172,-20.780513763427734,-5.466831684112549,5.37623929977417,-5.866718292236328,-3.596285581588745,-9.749232292175293,-8.697848320007324,4.1180853843688965,-8.625167846679688,-14.2646484375,-1.1398394107818604,-7.047327518463135,-6.4970622062683105,3.6299731731414795,-8.551057815551758,-9.74277400970459,3.49275541305542,-4.4661431312561035,-6.893518447875977
0_nicolas_19.wav,0.27966228127479553,0.04762781038880348,880.1579792783584,1028.248772191828,2013.3544921875,0.0414794921875,-353.8829650878906,192.26199340820312,-36.96516799926758,40.977970123291016,34.0087890625,-36.845298767089844,6.986167907714844,-1.1648838520050049,-33.260337829589844,3.8798344135284424,-9.703621864318848,-30.80825424194336,5.34751033782959,1.2027146816253662,-9.564435958862305,12.593034744262695,0.517349898815155,-6.606200218200684,9.587868690490723,-3.33117413520813,-6.325127601623535,5.0981526374816895,-7.8317975997924805,-6.765702724456787,2.842799425125122,-6.652215003967285,-0.12337895482778549,7.643025875091553,-2.523988723754883,3.267371416091919
9_lucas_8.wav,0.45752277970314026,0.04553910717368126,1025.681591997528,887.8582041360311,2060.336026278409,0.07464044744318182,-408.1976623535156,183.57948303222656,-37.64877700805664,9.768723487854004,41.173397064208984,-26.94426918029785,-16.482999801635742,9.635651588439941,-16.869186401367188,-11.371842384338379,9.696274757385254,-1.1604152917861938,-9.837126731872559,-5.942395210266113,-0.8872175812721252,-1.5086807012557983,-13.532516479492188,-11.938055992126465,1.0018324851989746,-6.9074387550354,-14.038885116577148,-4.376738548278809,-5.296504974365234,-9.572711944580078,-4.736459732055664,-6.35002326965332,-7.623842239379883,-3.930630683898926,-7.192359924316406,-6.84904146194458
7_yweweler_17.wav,0.3655855655670166,0.006213252432644367,1049.7899455081476,964.2126049077156,2318.9603365384614,0.04807692307692308,-531.1744995117188,211.99073791503906,-61.745338439941406,17.703245162963867,36.99142074584961,-38.3536262512207,-0.44039279222488403,-1.0660239458084106,-36.5700569152832,8.282319068908691,11.523036003112793,-23.37153434753418,-3.0380842685699463,4.040371417999268,-5.317481517791748,2.8661274909973145,-11.64169692993164,-13.014994621276855,6.90822696685791,-7.559772968292236,-12.645238876342773,3.9324607849121094,-7.340776443481445,-7.72786283493042,7.237557411193848,-6.588651180267334,-9.30543041229248,5.7545576095581055,-2.680818796157837,-6.9633402824401855
4_nicolas_40.wav,0.31612247228622437,0.03997845575213432,869.9876013288438,986.5331904932509,1828.7841796875,0.04530552455357143,-379.0419006347656,204.2831268310547,-34.49944305419922,51.72690963745117,34.06317138671875,-50.000457763671875,0.07073239237070084,-9.620999336242676,-43.151580810546875,5.304131507873535,-0.5467528104782104,-18.18801498413086,15.02812671661377,1.5220317840576172,-10.064035415649414,13.066719055175781,-2.812526226043701,-7.635578155517578,10.298395156860352,-5.941464900970459,-7.631450176239014,5.495823860168457,-7.244694232940674,-3.4989888668060303,5.0247483253479,-7.994521617889404,-2.8976633548736572,3.076500177383423,-5.591192722320557,2.8618483543395996
6_george_26.wav,0.29072993993759155,0.0371803343296051,1896.6926617971626,1171.9224987686616,3113.9404296875,0.1332736545138889,-382.5702819824219,129.4647674560547,-95.5814208984375,30.93796157836914,39.31562805175781,-49.82036590576172,-10.252382278442383,-16.00447654724121,-44.75542449951172,-3.063265323638916,-25.19573211669922,-49.756221771240234,-0.7292267084121704,-6.246342182159424,-29.95777130126953,-3.4629263877868652,-7.942076683044434,-18.11488151550293,-0.32429811358451843,-9.36025333404541,-13.215157508850098,0.18997007608413696,-9.809833526611328,-7.557616233825684,2.8872005939483643,-11.016347885131836,-8.095219612121582,3.0648422241210938,-8.08382797241211,-5.984213352203369
0_george_49.wav,0.260277658700943,0.05031169578433037,1294.2673187325581,1009.8102141288645,2362.7796519886365,0.072998046875,-377.7191467285156,157.89613342285156,-78.36885833740234,21.7994384765625,33.00492858886719,-47.24981689453125,-10.863394737243652,-18.437999725341797,-49.6135139465332,-4.455289840698242,-17.320531845092773,-46.68086242675781,-3.5802011489868164,-3.1339316368103027,-26.526268005371094,-2.347378969192505,-2.3796403408050537,-13.906447410583496,-1.0571752786636353,-9.460817337036133,-13.718561172485352,-2.194046974182129,-13.848204612731934,-13.546891212463379,0.525093674659729,-10.478280067443848,-11.161396980285645,1.6161854267120361,-5.546650409698486,-6.525896072387695
0_theo_44.wav,0.26865699887275696,0.005054292734712362,922.9718436748863,965.7539677377422,1999.1621537642045,0.04052734375,-570.8853149414062,203.72509765625,-51.06169128417969,23.503664016723633,40.04555892944336,-26.349658966064453,2.091618537902832,-4.658588409423828,-29.571752548217773,4.5960612297058105,-4.6975860595703125,-21.67622947692871,5.640759468078613,-3.210644483566284,-11.263690948486328,9.745950698852539,-4.149444103240967,-13.803786277770996,-2.6631276607513428,-14.684642791748047,-11.235513687133789,3.110675573348999,-10.66257095336914,-9.15682601928711,2.215306520462036,-9.366460800170898,-6.909744739532471,2.57265043258667,-5.759334564208984,-3.629115104675293
9_jackson_15.wav,0.2689224183559418,0.06393955647945404,753.7951644147363,827.3114375671163,1328.0188927283655,0.038405198317307696,-342.1584167480469,218.79315185546875,-28.07600212097168,13.87187671661377,19.386585235595703,-40.94023132324219,-5.430295467376709,0.4056762456893921,-29.138309478759766,-1.478873610496521,-2.0120432376861572,-25.57028579711914,-4.018784046173096,2.102372884750366,-11.74337100982666,-5.070476055145264,-4.264144420623779,-4.781501293182373,-1.2321929931640625,-10.572936058044434,-8.5179443359375,-4.2512688636779785,-16.908145904541016,-11.83350658416748,-2.6396641731262207,-14.588613510131836,-11.125207901000977,-0.04438595473766327,-8.571432113647461,-9.474458694458008
0_lucas_43.wav,0.41067346930503845,0.05331018939614296,995.8771382130233,858.0509259803337,1928.9443359375,0.05462890625,-364.32501220703125,207.1240234375,-47.5321044921875,9.277099609375,49.47230529785156,-17.05984115600586,-8.648050308227539,2.110065460205078,-22.383634567260742,-3.1021270751953125,3.495664596557617,-15.101007461547852,0.08051078766584396,6.074615478515625,-7.610767841339111,0.4184097349643707,2.9056737422943115,-4.3774333000183105,0.279181569814682,-4.180132865905762,-8.078660011291504,1.098027229309082,-4.384085655212402,-10.518572807312012,-0.5859528183937073,-3.034226179122925,-10.3109769821167,-3.0374486446380615,-1.9171115159988403,-6.855863094329834
8_george_15.wav,0.2795063257217407,0.061275992542505264,1342.7266986555605,1137.253294807787,2780.9498506433824,0.06327550551470588,-360.0222473144531,140.27383422851562,-69.47325897216797,47.247318267822266,45.24591064453125,-65.17034912109375,-29.104740142822266,-13.666669845581055,-45.775997161865234,-13.668299674987793,-20.174118041992188,-39.989864349365234,0.5412777662277222,-5.979205131530762,-34.6884880065918,-5.567755699157715,1.7618712186813354,-18.152698516845703,-12.243674278259277,-9.87021255493164,-7.960480690002441,-2.8451638221740723,-15.94485855102539,-12.351595878601074,0.20299078524112701,-14.234557151794434,-14.883169174194336,0.4803825914859772,-5.014439105987549,-4.72834587097168
6_yweweler_43.wav,0.3719099462032318,0.010038962587714195,1272.7487520787424,1053.7176397930148,2629.2041015625,0.068896484375,-532.5731201171875,166.70777893066406,-55.36418914794922,38.894195556640625,49.62334442138672,-43.80452346801758,-12.587542533874512,7.013315677642822,-25.65615463256836,-10.4486083984375,-12.3392333984375,-22.186992645263672,5.613093376159668,1.328176498413086,-13.120256423950195,2.9982223510742188,0.683435320854187,-3.383164882659912,4.995709419250488,-5.547961711883545,-4.618086338043213,4.114830017089844,-10.143987655639648,-7.418679237365723,5.01336145401001,-7.628087520599365,-8.101625442504883,2.004420757293701,-6.285367012023926,-7.277146816253662
6_yweweler_26.wav,0.3326888382434845,0.006071524228900671,1192.4057975426867,1073.0806133166282,2475.1220703125,0.05018446180555555,-559.6197509765625,186.1645050048828,-55.958675384521484,43.61174011230469,54.438140869140625,-42.61073684692383,-7.639172077178955,11.01449966430664,-22.601463317871094,-4.8239922523498535,-7.605784893035889,-17.97772216796875,5.582881450653076,-4.192763328552246,-11.712353706359863,8.144829750061035,-1.7962087392807007,-3.337695837020874,10.901236534118652,-3.709608793258667,-2.7358174324035645,7.659618854522705,-10.11141300201416,-6.011617660522461,5.782228469848633,-13.135953903198242,-12.046756744384766,1.3715763092041016,-7.217447280883789,-2.875396966934204
2_nicolas_38.wav,0.292121559381485,0.024515073746442795,1253.2855744435,1189.472131160252,2689.6316528320312,0.060791015625,-388.20831298828125,177.42984008789062,-65.97593688964844,36.610328674316406,40.511863708496094,-28.348087310791016,21.270565032958984,3.6075353622436523,-34.42619323730469,9.644787788391113,-4.506894588470459,-27.994260787963867,8.344290733337402,-0.7525427341461182,-13.468189239501953,11.498578071594238,-0.6237053871154785,-7.7862958908081055,7.863959312438965,-6.7622971534729,-5.942019462585449,9.967595100402832,-3.112678050994873,-1.5533772706985474,7.6302170753479,-5.981073379516602,-3.1792478561401367,3.251821994781494,-6.396496295928955,-0.12603551149368286
2_yweweler_48.wav,0.31694602966308594,0.01046387106180191,994.1069394797139,889.9350006913753,1887.2314453125,0.061732700892857144,-531.1609497070312,177.9674072265625,-36.976524353027344,17.05648422241211,29.668964385986328,-29.755346298217773,2.533522367477417,8.850433349609375,-27.06157875061035,-10.6211519241333,-9.731188774108887,-24.425338745117188,-3.17665696144104,-2.70428466796875,-11.48536205291748,3.3283088207244873,-4.121946811676025,-9.212292671203613,8.807456016540527,-0.03907305747270584,-8.763151168823242,4.958672523498535,-4.604449272155762,-15.528379440307617,-5.171062469482422,-8.446011543273926,-10.5752534866333,0.7132603526115417,-2.898526668548584,-6.276197910308838
6_jackson_45.wav,0.356224000453949,0.07232629507780075,1400.8426362064251,1078.378838202767,2456.0274564302886,0.12847430889423078,-367.1593017578125,125.43844604492188,-21.583974838256836,24.50827980041504,21.562833786010742,-34.71451950073242,-16.144651412963867,-9.263548851013184,-18.37965965270996,4.2936601638793945,-3.8167805671691895,-18.360353469848633,-0.07415156066417694,0.5495983958244324,-3.559089422225952,-0.2163797914981842,-15.28228759765625,-10.41964340209961,3.961641788482666,-15.775141716003418,-18.370412826538086,0.3936295211315155,-8.937467575073242,-11.334615707397461,1.597017765045166,-6.973757743835449,-9.329158782958984,1.1064057350158691,-3.7014822959899902,-5.299415111541748
8_george_26.wav,0.31642818450927734,0.04114203900098801,1661.4243696576534,1169.9834423462278,3040.48828125,0.0978515625,-395.18597412109375,151.80874633789062,-84.22917175292969,41.25493621826172,38.13536834716797,-62.95076370239258,-14.541613578796387,-13.285380363464355,-46.688907623291016,-1.9329869747161865,-17.10260581970215,-41.478538513183594,2.288273811340332,-12.180427551269531,-37.0580940246582,-1.2481938600540161,-5.403236389160156,-25.405132293701172,-7.491694450378418,-8.50496768951416,-13.041679382324219,-4.195456504821777,-11.852914810180664,-7.4267425537109375,2.373521566390991,-7.269575595855713,-2.3790981769561768,1.7360941171646118,-11.836271286010742,-4.514046669006348
2_nicolas_29.wav,0.27690282464027405,0.0407908633351326,957.03374954471,1172.4806336585916,2250.98876953125,0.03888811383928571,-370.79095458984375,175.18849182128906,-35.571571350097656,43.68053436279297,33.68495559692383,-27.24307632446289,21.077823638916016,6.927497863769531,-31.51679039001465,2.2795770168304443,-9.287989616394043,-26.802274703979492,4.7934770584106445,-4.576557636260986,-13.454358100891113,9.765451431274414,-4.028776168823242,-11.149422645568848,5.916916370391846,-5.6059417724609375,-5.203674793243408,10.508880615234375,-1.0163357257843018,-2.6079800128936768,5.240837574005127,-4.50689697265625,-0.491183340549469,6.413739204406738,-2.376329183578491,1.0543180704116821
5_george_37.wav,0.30599716305732727,0.05951152741909027,1249.075929141734,907.5157298282127,2237.4955610795455,0.070068359375,-352.4248352050781,174.62069702148438,-97.9649658203125,-9.593016624450684,27.077287673950195,-47.03657531738281,-21.098386764526367,-15.6348295211792,-39.72410202026367,-7.426996231079102,-14.380932807922363,-29.490175247192383,3.2800073623657227,-11.434059143066406,-32.630863189697266,-3.6576120853424072,-9.71943187713623,-24.935976028442383,-2.901686668395996,-7.3391618728637695,-19.072715759277344,-6.160148620605469,-11.610123634338379,-14.705044746398926,-1.3129305839538574,-7.986398696899414,-11.24644947052002,-2.160510301589966,-8.741841316223145,-8.289162635803223
7_jackson_24.wav,0.34176909923553467,0.07890651375055313,776.257405386933,773.7109386419771,1350.3585012335527,0.04957339638157895,-317.1479797363281,213.72021484375,-25.895864486694336,9.930272102355957,13.835171699523926,-47.36714553833008,-17.173768997192383,-8.904712677001953,-32.38800811767578,-0.9867638945579529,7.8309783935546875,-17.88203239440918,-14.242009162902832,-2.7676661014556885,4.0814995765686035,1.7617298364639282,-14.985198974609375,-8.134926795959473,1.5715174674987793,-13.739788055419922,-8.814445495605469,-0.8959316611289978,-18.8763484954834,-13.756457328796387,0.6814990639686584,-12.23112678527832,-13.550826072692871,-3.6186797618865967,-8.237003326416016,-6.708468437194824
0_yweweler_7.wav,0.3943684995174408,0.016320299357175827,1012.9255323793674,853.8877979065935,1879.7219669117646,0.05549172794117647,-471.55181884765625,211.8272705078125,-51.529361724853516,3.400789260864258,22.023052215576172,-47.438072204589844,-9.785411834716797,7.296615123748779,-31.19563865661621,-12.608442306518555,-6.300088405609131,-25.389028549194336,-2.481388807296753,4.810617923736572,-11.177685737609863,-1.8630743026733398,-0.2391645759344101,-4.621245861053467,3.764075756072998,-5.66135835647583,-12.855228424072266,-2.5595171451568604,-8.331832885742188,-12.251861572265625,-2.3630850315093994,-6.310822010040283,-8.0386381149292,-1.4499318599700928,-7.0702948570251465,-6.459512233734131
4_jackson_12.wav,0.36758989095687866,0.08187654614448547,731.7097295438,582.5638223807816,1172.36328125,0.054877387152777776,-328.89007568359375,249.17111206054688,-17.267486572265625,-13.588241577148438,-3.435532808303833,-46.611385345458984,-19.549560546875,-2.78061842918396,-9.117481231689453,6.518702030181885,-10.397321701049805,-22.589359283447266,3.7114782333374023,-0.6241481304168701,-10.239724159240723,2.410590171813965,-12.0564603805542,-18.891399383544922,-0.9909064173698425,-11.845012664794922,-19.310161590576172,-3.699110269546509,-10.396594047546387,-15.471773147583008,-3.761366844177246,-7.391572952270508,-5.79782247543335,1.924489140510559,-9.825573921203613,-8.306191444396973
5_george_17.wav,0.23784907162189484,0.07441381365060806,1172.625714558833,921.7129284560053,2128.7109375,0.05996558779761905,-329.1673278808594,166.1752166748047,-87.25142669677734,-7.602773189544678,22.394771575927734,-48.4710807800293,-22.05387306213379,-18.09004020690918,-43.415260314941406,-5.432548522949219,-5.456962585449219,-27.909133911132812,-0.49903398752212524,-8.50694465637207,-33.20777130126953,-10.63122272491455,-7.77620792388916,-18.85801124572754,-4.491672992706299,-8.485692024230957,-13.620530128479004,-1.7428027391433716,-13.665033340454102,-18.096704483032227,-0.06316202878952026,-8.237065315246582,-17.43276023864746,-4.425930023193359,-5.521262168884277,-9.5736083984375
1_nicolas_27.wav,0.3507719337940216,0.042186979204416275,934.2915978802096,1038.5089438403281,2056.4208984375,0.04469992897727273,-355.9318542480469,231.2148895263672,-62.66862487792969,35.05867004394531,34.18515396118164,-38.3730583190918,12.773763656616211,-4.355897426605225,-38.68406677246094,12.027403831481934,-3.127223014831543,-27.575183868408203,11.226761817932129,1.1739134788513184,-12.485370635986328,9.908981323242188,-6.582844257354736,-10.852578163146973,9.335851669311523,-6.259719371795654,-7.004898548126221,7.6865692138671875,-6.366775989532471,-4.289783954620361,5.23966121673584,-6.1905293464660645,-0.1953343003988266,5.622895240783691,-6.247711181640625,-1.7657872438430786
8_yweweler_20.wav,0.37573033571243286,0.013167756609618664,1557.496171297512,1094.4124374048079,2800.8544921875,0.08555385044642858,-486.31103515625,177.86448669433594,-80.51532745361328,40.83732223510742,47.470787048339844,-62.74526596069336,-11.251380920410156,9.25139331817627,-38.33241653442383,-10.802720069885254,-6.726993560791016,-25.176361083984375,4.653701305389404,-1.1894382238388062,-18.234813690185547,5.004687309265137,-0.7576488852500916,-11.991066932678223,2.8485982418060303,-4.437899589538574,-6.866870403289795,3.747400999069214,-9.243896484375,-8.57011890411377,2.2331626415252686,-10.925583839416504,-8.082938194274902,4.160749435424805,-5.44146203994751,-2.9811172485351562
5_theo_38.wav,0.4463261365890503,0.004246302414685488,1071.562474490964,837.6806523715219,1924.530029296875,0.0648193359375,-558.8501586914062,259.64678955078125,-99.02449798583984,-8.303837776184082,29.88374137878418,-44.50053024291992,1.3991178274154663,8.218195915222168,-21.420812606811523,18.35883140563965,12.322310447692871,-12.937409400939941,2.8848226070404053,-13.00118350982666,-13.809571266174316,9.17688274383545,-17.824907302856445,-20.940479278564453,7.924719333648682,-12.144499778747559,-18.298620223999023,4.6117987632751465,-7.709664821624756,-10.708816528320312,3.8357093334198,-6.368137836456299,-6.241394519805908,2.3994696140289307,-5.618841648101807,-1.770032286643982
4_yweweler_6.wav,0.37708544731140137,0.014871576800942421,946.8771762592958,718.9000571131467,1380.43212890625,0.063720703125,-485.6675720214844,218.0497589111328,-42.03348922729492,-17.1809024810791,-3.6813175678253174,-49.32982635498047,-5.112399578094482,7.566514492034912,-26.10915756225586,-3.089806079864502,4.438356876373291,-16.08653450012207,-0.2322828471660614,4.452272891998291,-9.620977401733398,-4.560831546783447,-5.3627424240112305,-5.265816688537598,3.7231483459472656,-7.630063533782959,-13.936235427856445,-4.1201629638671875,-8.72730827331543,-7.0338873863220215,4.593345642089844,-2.715646266937256,-5.4691243171691895,2.7309203147888184,-3.703824758529663,-6.426766395568848
8_yweweler_41.wav,0.32478049397468567,0.007673046551644802,1478.725257488932,1153.9473717906235,2868.9404296875,0.07412109375,-529.999267578125,186.50958251953125,-70.48643493652344,50.67526626586914,48.70768356323242,-62.29981231689453,-2.508574962615967,16.746423721313477,-35.99862289428711,-6.71408748626709,-2.8294918537139893,-24.26202392578125,7.363130569458008,3.6986351013183594,-15.128656387329102,7.693975925445557,4.598342418670654,-6.477377414703369,6.370543956756592,0.14443159103393555,-2.400287628173828,4.120863437652588,-8.729043006896973,-5.430095195770264,3.3006858825683594,-9.627864837646484,-3.722865581512451,4.820525646209717,-9.125380516052246,-4.642826557159424
5_lucas_34.wav,0.5087578296661377,0.04386300966143608,1245.4418343857762,900.2350802089559,2282.9681396484375,0.098876953125,-359.5399475097656,182.8469696044922,-55.157352447509766,16.70047950744629,46.5805778503418,-32.37815856933594,-11.405448913574219,11.937397956848145,-18.08876609802246,-2.1241390705108643,11.034045219421387,-7.287074565887451,-2.2267045974731445,1.0130521059036255,-4.1395111083984375,2.5856385231018066,-4.088054656982422,-7.425783634185791,3.9161806106567383,-5.105254650115967,-11.20208740234375,3.0868873596191406,0.4272892475128174,-7.8043646812438965,-2.2256886959075928,-3.0767757892608643,-3.965961456298828,0.09737986326217651,-3.9295451641082764,-3.834507942199707
1_jackson_44.wav,0.2682795822620392,0.07553587108850479,729.052710884312,834.8379833399457,1288.2652869591345,0.034799429086538464,-352.85595703125,212.24195861816406,-12.166438102722168,19.554126739501953,6.800771713256836,-32.22518539428711,15.282163619995117,-7.865805625915527,-42.74314498901367,3.0716729164123535,-0.4617743194103241,-22.543556213378906,4.0344767570495605,-5.590578079223633,-20.500349044799805,-1.327750325202942,-10.651206016540527,-16.602184295654297,-0.503074049949646,-10.051552772521973,-12.570988655090332,-3.70483660697937,-15.867494583129883,-11.490260124206543,-0.5259338021278381,-14.127931594848633,-10.545331954956055,1.2677860260009766,-10.400675773620605,-11.53919506072998
5_yweweler_43.wav,0.5164660215377808,0.006146891508251429,1094.2195678202481,946.2849872093346,2030.2734375,0.07593936011904762,-556.433349609375,197.03128051757812,-53.9809684753418,9.867430686950684,24.704484939575195,-34.96585464477539,13.36847972869873,18.69350242614746,-22.793880462646484,8.046564102172852,15.472262382507324,-8.903522491455078,5.062820911407471,2.6017000675201416,-7.071401119232178,5.750985145568848,-3.7872347831726074,-6.412606239318848,9.363364219665527,-4.142796993255615,-8.412446975708008,6.689012050628662,-5.004343509674072,-7.72662353515625,6.579598426818848,-3.645308017730713,-8.129487991333008,2.304868698120117,-2.896210193634033,-3.1894524097442627
8_yweweler_37.wav,0.29986846446990967,0.010903692804276943,1332.3508695210148,1151.2779966468165,2815.46630859375,0.06424386160714286,-502.6343688964844,190.792236328125,-71.69603729248047,51.15526580810547,46.64659881591797,-63.66339111328125,-4.695397853851318,8.191550254821777,-38.816131591796875,-4.00675106048584,-8.155660629272461,-28.098342895507812,8.742040634155273,-2.4233784675598145,-20.704463958740234,8.139618873596191,-1.0013757944107056,-13.058189392089844,5.732760906219482,-2.8510496616363525,-7.084064960479736,-0.06594938784837723,-15.339141845703125,-8.800739288330078,1.3115736246109009,-18.288593292236328,-11.185914993286133,4.064655780792236,-10.822029113769531,-8.502237319946289
6_george_19.wav,0.26052483916282654,0.04331113398075104,1290.3628616586448,1094.79110363916,2519.384765625,0.0513671875,-388.61395263671875,164.96517944335938,-86.31196594238281,41.868919372558594,61.1616325378418,-51.57427978515625,-26.54793930053711,-14.601465225219727,-43.91633224487305,-12.997751235961914,-24.325969696044922,-44.90910720825195,-3.4231467247009277,-11.246321678161621,-38.02361297607422,-5.904914855957031,-1.7911155223846436,-20.591243743896484,-5.409931182861328,-2.885387659072876,-7.62908935546875,-0.8646020889282227,-12.654970169067383,-12.939542770385742,1.130682349205017,-12.33676528930664,-17.017353057861328,-0.9231643676757812,-6.265918731689453,-10.562929153442383
4_jackson_45.wav,0.27318274974823,0.10317520052194595,737.1046813885217,679.1154995034825,1139.5597759046052,0.046849300986842105,-300.7818298339844,223.7316436767578,-11.187310218811035,-10.71859073638916,-9.173344612121582,-35.4185676574707,-0.41788122057914734,-4.754273891448975,-25.339126586914062,-6.573782920837402,-13.800429344177246,-14.604358673095703,5.990738391876221,-12.573758125305176,-13.380378723144531,12.652058601379395,-7.172054290771484,-17.843198776245117,0.537224292755127,-16.8346004486084,-26.455425262451172,-6.0776472091674805,-9.645454406738281,-13.352252960205078,-2.7826180458068848,-8.025155067443848,-6.824507713317871,-0.7178294658660889,-10.888587951660156,-8.491480827331543
0_lucas_36.wav,0.45621228218078613,0.03077801503241062,1363.4991460253143,849.2607181104149,2293.9194623161766,0.09903492647058823,-458.9267578125,169.9736785888672,-47.19169616699219,15.278422355651855,41.87312698364258,-23.191102981567383,-1.1804418563842773,10.896751403808594,-21.110315322875977,-1.2142937183380127,7.9585185050964355,-14.157657623291016,-0.0030977025162428617,9.266538619995117,-5.429342746734619,-0.5301448106765747,3.7445483207702637,-2.8627490997314453,-1.6585441827774048,-4.12608003616333,-4.261263370513916,1.0081157684326172,-5.635669708251953,-6.489789962768555,2.304697036743164,-2.591054916381836,-5.579723358154297,1.3269670009613037,-1.1318068504333496,-2.6519362926483154
4_lucas_46.wav,0.5284569263458252,0.04910852387547493,1004.6967486090432,799.8406249020426,1717.27294921875,0.0724346454326923,-400.69158935546875,181.01023864746094,-14.262798309326172,11.264436721801758,12.828042984008789,-44.403018951416016,-10.390238761901855,17.389013290405273,-11.762788772583008,-4.130002498626709,9.868860244750977,-4.5351972579956055,-3.630812406539917,0.4191816449165344,-2.6749606132507324,2.297945976257324,-2.2801902294158936,-6.605835914611816,1.1561304330825806,-4.41227912902832,-9.09928035736084,0.8658992052078247,-2.710334300994873,-8.554638862609863,-0.6406638026237488,-2.4040181636810303,-6.454440593719482,-0.49966681003570557,-2.8243772983551025,-5.156093120574951
5_theo_7.wav,0.5005922317504883,0.005119473673403263,1283.5801380287312,919.2862593335775,2196.38671875,0.09219898897058823,-540.0267944335938,233.5128631591797,-93.8102798461914,-2.1918489933013916,23.41648292541504,-48.657630920410156,-3.0513548851013184,3.2479398250579834,-21.644058227539062,16.65866470336914,9.492792129516602,-11.54566764831543,4.703990936279297,-10.372552871704102,-7.81266975402832,13.805915832519531,-14.57474136352539,-16.654390335083008,7.910451412200928,-16.263835906982422,-18.083826065063477,8.357723236083984,-6.413947105407715,-10.432646751403809,4.542740821838379,-6.640905857086182,-5.839024066925049,2.8009679317474365,-8.342158317565918,-4.983485221862793
3_theo_21.wav,0.31111183762550354,0.007541163358837366,1159.1727486257803,1086.9252025892326,2548.5443115234375,0.052388509114583336,-560.6798706054688,185.14434814453125,-67.28935241699219,54.641204833984375,57.673648834228516,-47.70823287963867,-1.100225806236267,11.291232109069824,-29.039566040039062,-4.246145725250244,-10.446982383728027,-23.677490234375,1.8827346563339233,-10.974743843078613,-10.867080688476562,15.588353157043457,-5.133662700653076,-8.940540313720703,12.002944946289062,-7.673745632171631,-10.861577033996582,3.642977714538574,-12.468605041503906,-9.0369234085083,3.207155227661133,-12.689116477966309,-9.481513023376465,0.6025612354278564,-8.414090156555176,-0.9982466101646423
7_lucas_20.wav,0.4808153510093689,0.04258660599589348,1276.2257079720096,943.25236522148,2435.698908025568,0.09521484375,-389.3860168457031,156.35841369628906,-48.349185943603516,14.478812217712402,41.614776611328125,-27.09905242919922,-10.079014778137207,7.334695816040039,-26.72441291809082,-14.618877410888672,9.395868301391602,0.005618572235107422,-4.801295757293701,-6.293632507324219,-4.923521518707275,2.5121381282806396,-6.655399799346924,-10.913360595703125,1.5351921319961548,-2.1907854080200195,-9.751209259033203,-3.904991388320923,-4.76338005065918,-6.344132900238037,-2.600778579711914,-6.3277812004089355,-6.5014142990112305,-1.6767768859863281,-4.785521030426025,-5.187078475952148
8_george_22.wav,0.3581737279891968,0.036312345415353775,1799.6010311829493,1182.8570528765038,3173.211115056818,0.11561168323863637,-396.84228515625,141.22085571289062,-88.02888488769531,38.17247772216797,37.06756591796875,-61.394840240478516,-11.485321998596191,-11.689519882202148,-46.54922103881836,-2.176990509033203,-18.749595642089844,-42.12306594848633,5.048173427581787,-10.859272003173828,-38.44517517089844,-0.2590218782424927,-3.265261650085449,-24.960424423217773,-5.674566745758057,-5.740665912628174,-13.422698974609375,-6.766912937164307,-13.342835426330566,-7.653407573699951,0.6992537975311279,-11.612903594970703,-5.337548732757568,2.9005014896392822,-10.18698501586914,-4.479360103607178
2_yweweler_26.wav,0.3390459716320038,0.011175652034580708,1059.9224542886293,910.4643849243787,2017.96875,0.068359375,-523.9029541015625,193.12124633789062,-52.781471252441406,23.77010726928711,36.45102310180664,-41.614501953125,-1.4886277914047241,7.918869972229004,-36.85944366455078,-14.071832656860352,-5.881457328796387,-22.57375144958496,-3.253030776977539,-7.434887409210205,-18.043424606323242,3.679551601409912,0.5962656736373901,-6.873764991760254,7.1770100593566895,-3.1853463649749756,-9.779504776000977,4.133842945098877,-6.110225677490234,-13.426939964294434,-2.771460771560669,-10.585564613342285,-13.379648208618164,-0.8016619682312012,-4.220885276794434,-7.822868347167969
9_theo_23.wav,0.27504095435142517,0.012714345939457417,1092.0792189791457,908.7434398169062,2039.5688264266305,0.060228430706521736,-491.2528381347656,224.8174285888672,-93.35160827636719,9.81120491027832,37.952003479003906,-49.844425201416016,-8.943197250366211,2.197552442550659,-23.479249954223633,9.55036449432373,-3.885368585586548,-24.057483673095703,1.8879845142364502,-9.723358154296875,-11.577123641967773,10.258066177368164,-12.58691692352295,-15.449398040771484,3.3817522525787354,-15.77363395690918,-10.61181354522705,6.775335788726807,-14.016692161560059,-9.666706085205078,5.421433448791504,-11.967865943908691,-9.618842124938965,-1.654232144355774,-13.80803394317627,-5.736148357391357
9_nicolas_47.wav,0.3853655755519867,0.03951353579759598,1036.3757223473797,1001.3413528015909,2230.3865131578946,0.05538137335526316,-363.5906677246094,228.21717834472656,-74.4295883178711,24.753015518188477,44.7588996887207,-32.757110595703125,12.339394569396973,1.129565954208374,-34.13191604614258,14.729787826538086,4.615701198577881,-23.346147537231445,6.927943229675293,-4.580916404724121,-17.047611236572266,8.528560638427734,-3.9549930095672607,-10.216031074523926,6.778893947601318,-9.036296844482422,-9.17920207977295,6.374813079833984,-8.65627384185791,-5.347491264343262,8.114137649536133,-6.2203874588012695,-2.903559684753418,7.14833402633667,-5.251041889190674,-2.6449360847473145
9_george_19.wav,0.27416127920150757,0.03900764137506485,1058.100551923976,935.3191311074215,2050.8382161458335,0.04456018518518518,-407.0654296875,190.27438354492188,-86.74762725830078,4.94602108001709,32.87940216064453,-44.54121780395508,-13.821971893310547,-15.979483604431152,-41.371829986572266,3.3212742805480957,-8.168643951416016,-39.30305480957031,-4.272838592529297,-7.965774059295654,-33.645076751708984,-13.313337326049805,-11.287034034729004,-20.29800796508789,-8.491071701049805,-10.68532943725586,-9.099637985229492,-3.130666971206665,-16.245248794555664,-11.290242195129395,-0.8405200839042664,-13.661303520202637,-8.87709903717041,1.1701631546020508,-10.942809104919434,-7.497874736785889
0_lucas_48.wav,0.42252957820892334,0.03010222129523754,1232.6015726142882,897.3193927276137,2217.267400568182,0.09228515625,-450.28790283203125,171.13864135742188,-44.160762786865234,3.8120126724243164,37.15701675415039,-16.992517471313477,-5.604422569274902,1.443520188331604,-22.798763275146484,-1.028101921081543,8.006304740905762,-14.845789909362793,-5.476330757141113,5.429765224456787,-4.227015495300293,-2.0315515995025635,0.3109257221221924,-1.1342179775238037,1.9245970249176025,-6.162447452545166,-9.16413402557373,1.2736610174179077,-2.9378676414489746,-8.954086303710938,-1.2299031019210815,-2.6609954833984375,-7.125868320465088,-1.3238312005996704,-1.2730610370635986,-4.04636287689209
0_nicolas_33.wav,0.26883652806282043,0.03175654634833336,957.2052383407117,1129.8720612911093,2382.110595703125,0.043182373046875,-393.7860107421875,205.16342163085938,-56.269798278808594,50.434940338134766,45.829368591308594,-36.197914123535156,14.193913459777832,0.010265529155731201,-35.142555236816406,12.88047981262207,-3.1865129470825195,-26.899240493774414,11.473047256469727,0.3397134840488434,-12.072725296020508,11.8754301071167,-3.7264256477355957,-6.936196804046631,12.528770446777344,-3.8032619953155518,-4.653931617736816,6.118483066558838,-11.722576141357422,-8.088619232177734,3.171656847000122,-8.905738830566406,-3.557023763656616,2.8158063888549805,-4.695104598999023,4.474793434143066
6_george_49.wav,0.2903378903865814,0.02652624435722828,1901.6029692379543,1134.3632215048224,3180.1141036184213,0.14851459703947367,-403.3018493652344,139.3447723388672,-96.42835998535156,24.352415084838867,35.14785385131836,-49.32727813720703,-5.623007297515869,-16.4768123626709,-47.65791320800781,1.7524516582489014,-20.353181838989258,-50.03919982910156,1.0424494743347168,-5.586012363433838,-34.219696044921875,-5.861618518829346,-5.456727027893066,-14.671710014343262,-0.6491319537162781,-12.005196571350098,-10.876636505126953,4.0815110206604,-12.99321174621582,-10.174485206604004,8.380393981933594,-6.649068355560303,-8.816835403442383,4.101369857788086,-5.862616539001465,-6.499320030212402
8_yweweler_43.wav,0.4062480330467224,0.007297673262655735,1440.48775554274,1213.6882223850675,2901.59912109375,0.073486328125,-555.8675537109375,170.6122283935547,-51.211456298828125,51.01197814941406,43.67220687866211,-55.497947692871094,-1.007869005203247,16.72084617614746,-32.294700622558594,-6.961657524108887,-2.351897716522217,-22.223939895629883,6.7717413902282715,3.671616792678833,-17.143226623535156,4.788764476776123,6.363964080810547,-7.640440940856934,1.6562227010726929,0.4185776710510254,-2.8887293338775635,0.9531267285346985,-6.94281005859375,-2.4959306716918945,4.163547515869141,-8.067760467529297,-4.212206840515137,3.221691131591797,-10.22110366821289,-9.59512996673584
8_lucas_23.wav,0.5404255390167236,0.03342719376087189,1230.9797473777564,1048.9875183712372,2551.2359619140625,0.08453369140625,-443.0084228515625,157.10302734375,-34.19920349121094,43.91398620605469,52.71622085571289,-36.947994232177734,-13.489758491516113,14.304706573486328,-14.246246337890625,-4.132461071014404,2.5694234371185303,-11.064679145812988,3.0866851806640625,6.665666103363037,-4.649857044219971,0.057375479489564896,-1.4250620603561401,-2.301720380783081,3.371007204055786,-6.6181640625,-6.6300225257873535,4.128411769866943,-6.7291717529296875,-9.60117244720459,3.95011043548584,-0.9746594429016113,-5.691070556640625,1.4049707651138306,-3.27104115486145,-5.976890563964844
7_lucas_21.wav,0.4555947780609131,0.03890988975763321,1314.0396601824953,956.6851691859933,2395.154747596154,0.08154296875,-403.97381591796875,159.75852966308594,-42.63764953613281,18.237668991088867,42.149452209472656,-26.475749969482422,-6.746084213256836,12.930233001708984,-19.905912399291992,-7.9819841384887695,13.249358177185059,1.4154363870620728,-2.2512929439544678,-2.5427982807159424,-2.454923391342163,4.313060283660889,-4.365020751953125,-8.647859573364258,3.6502480506896973,-0.5861233472824097,-8.770018577575684,-2.65238356590271,-3.5980749130249023,-5.66884708404541,-1.5406537055969238,-5.101955890655518,-5.333984375,0.053320325911045074,-3.057431697845459,-3.531095027923584
3_theo_17.wav,0.30337920784950256,0.005796942859888077,934.7325679824025,952.0031776921587,2101.8798828125,0.042805989583333336,-582.9967041015625,204.01107788085938,-57.01689147949219,41.0400505065918,58.60978317260742,-33.48215103149414,-9.692427635192871,-5.819278240203857,-28.795881271362305,-0.8846588134765625,-16.33782196044922,-30.30695915222168,0.5513781309127808,-9.640756607055664,-12.496116638183594,11.604804039001465,-6.956661224365234,-12.467658042907715,3.559448719024658,-13.378491401672363,-10.26144027709961,4.366703510284424,-13.24484634399414,-7.006472110748291,6.733920097351074,-12.23311710357666,-10.144315719604492,2.2023026943206787,-7.5477728843688965,-4.272375106811523
3_jackson_17.wav,0.22048403322696686,0.0981433168053627,735.9841392454845,858.8748764859613,1438.956298828125,0.03427734375,-318.59344482421875,201.08193969726562,-25.09052085876465,32.455604553222656,31.685165405273438,-37.435760498046875,-13.650354385375977,-14.091878890991211,-30.14581298828125,2.0477499961853027,-13.74583911895752,-37.459293365478516,-6.819657325744629,-2.294332504272461,-10.817255973815918,2.695316791534424,-2.775468349456787,-3.451178789138794,3.031676769256592,-13.3200101852417,-9.162931442260742,2.5456383228302,-16.767526626586914,-15.93383502960205,-0.9071441888809204,-12.758467674255371,-12.056574821472168,-0.04940340667963028,-7.708868980407715,-8.292681694030762
6_lucas_17.wav,0.4942241609096527,0.025540653616189957,1823.934809482031,994.7225852907982,2864.7442157451924,0.16107647235576922,-417.43072509765625,140.42347717285156,-76.92400360107422,27.624990463256836,47.737770080566406,-41.13121032714844,-4.898543357849121,13.075983047485352,-26.469221115112305,-1.7494062185287476,7.040091514587402,-16.91621971130371,-0.22291018068790436,3.911083698272705,-7.984880447387695,3.4735751152038574,-1.1328959465026855,-7.626259803771973,5.482463359832764,-1.5213770866394043,-8.574980735778809,2.0471787452697754,-2.813319206237793,-5.446461200714111,3.4119718074798584,-2.7859976291656494,-5.286957263946533,2.2575299739837646,-1.444891095161438,-2.945223331451416
0_nicolas_48.wav,0.2676493227481842,0.04274698346853256,888.464768465435,1064.0731041098538,2063.419189453125,0.0400146484375,-376.1927185058594,206.18966674804688,-51.91321563720703,44.135250091552734,38.71516036987305,-37.541866302490234,14.17712688446045,4.411046504974365,-30.75136947631836,10.26824951171875,-7.993660926818848,-32.36943435668945,6.186790466308594,-2.1183815002441406,-14.391626358032227,12.312423706054688,0.7628694176673889,-7.235594272613525,8.844698905944824,-4.987650394439697,-8.247537612915039,2.2724804878234863,-9.034250259399414,-3.7553563117980957,4.521105766296387,-8.737503051757812,-2.921062469482422,4.876773357391357,-3.295323610305786,2.9846601486206055
4_theo_44.wav,0.2600131630897522,0.005771303549408913,701.1942949085295,648.9949968012397,1068.585205078125,0.036539713541666664,-582.428466796875,236.0487518310547,-21.571664810180664,2.094465494155884,-1.8547143936157227,-48.57295227050781,2.21234130859375,6.536355495452881,-25.299711227416992,-2.2125394344329834,-9.782495498657227,-23.596818923950195,2.8775885105133057,-3.9073867797851562,-9.450404167175293,14.869523048400879,1.24022376537323,-14.566597938537598,-4.411129474639893,-16.112363815307617,-18.2586669921875,-0.6199619174003601,-8.359143257141113,-13.246771812438965,-1.9099807739257812,-3.09162974357605,-2.4238879680633545,-0.780144989490509,-6.689458847045898,-0.9135910868644714
7_yweweler_34.wav,0.36721640825271606,0.006549516227096319,971.790056237032,937.0268809232127,1928.836669921875,0.0612548828125,-563.12109375,193.1521759033203,-46.73816680908203,22.06157875061035,31.838943481445312,-36.48037338256836,0.44009914994239807,-1.575852632522583,-35.15250778198242,3.972581148147583,4.167078971862793,-25.62836265563965,-3.1543400287628174,1.443721055984497,-10.644865036010742,-1.0691299438476562,-10.382047653198242,-12.930795669555664,2.5215768814086914,-8.69337272644043,-12.684282302856445,-1.834143042564392,-12.47024154663086,-10.308921813964844,1.1393871307373047,-11.098997116088867,-8.309052467346191,5.538059234619141,-3.043246030807495,-2.9776206016540527
7_lucas_32.wav,0.5139100551605225,0.04364509508013725,1322.3695503543267,930.1644512417471,2308.2657523777175,0.10315472146739131,-373.38836669921875,156.26449584960938,-44.9116096496582,17.237136840820312,42.38597869873047,-25.016141891479492,-6.270841598510742,10.180025100708008,-24.33979034423828,-11.176068305969238,12.0469331741333,0.4413869380950928,-4.405545711517334,-3.38191556930542,0.16606780886650085,7.5503458976745605,-2.703234910964966,-8.105260848999023,2.6618752479553223,-1.6127276420593262,-7.903072834014893,-1.9830344915390015,-3.520037889480591,-4.0704851150512695,0.13835284113883972,-4.573366165161133,-5.253059387207031,-1.4442702531814575,-4.941339492797852,-2.9649338722229004
6_nicolas_17.wav,0.4625421464443207,0.036828622221946716,1198.37683855977,1121.7241445835268,2749.7900390625,0.077978515625,-353.48779296875,207.24658203125,-70.56639099121094,48.17637252807617,43.72605514526367,-53.28400421142578,2.6861655712127686,-1.504867672920227,-44.60265350341797,0.8011834025382996,-5.115782260894775,-26.48187828063965,11.335813522338867,1.2263476848602295,-17.6569766998291,7.795653343200684,1.0981104373931885,-9.84913444519043,2.6757216453552246,-2.952277660369873,-0.8695818185806274,3.9016060829162598,-8.919329643249512,-0.2842787802219391,6.140753746032715,-7.698384761810303,0.7975248098373413,5.238437652587891,-7.154249668121338,2.706127166748047
6_jackson_30.wav,0.3576756715774536,0.05173197761178017,1594.2942624045124,1152.2856206264466,2862.0703125,0.1449916294642857,-372.1241760253906,115.12359619140625,-36.02598190307617,13.723401069641113,22.43609046936035,-23.50215721130371,-9.584452629089355,-11.032501220703125,-17.7940731048584,2.5179226398468018,-10.139909744262695,-15.117993354797363,5.3957953453063965,-6.133237838745117,-9.771316528320312,0.7581512928009033,-16.30145835876465,-11.786182403564453,3.8279309272766113,-17.223331451416016,-17.023738861083984,2.115081548690796,-11.781473159790039,-13.973916053771973,0.7842704057693481,-7.229135990142822,-7.134677410125732,2.993868589401245,-2.886625051498413,-2.0471878051757812
5_jackson_29.wav,0.3222118020057678,0.04217350482940674,973.31777351523,847.8960931215084,1671.8994140625,0.06642950148809523,-365.0941467285156,230.35227966308594,-55.82572555541992,4.228593349456787,14.656288146972656,-48.17352294921875,-6.297887802124023,-5.409407615661621,-30.798404693603516,7.7244744300842285,2.6113483905792236,-21.150936126708984,-3.804354667663574,-10.069467544555664,-10.40223503112793,5.010954856872559,-14.18919563293457,-11.32625675201416,6.816182613372803,-16.537864685058594,-16.282638549804688,4.953343868255615,-12.584122657775879,-17.065698623657227,-2.9223392009735107,-12.4706392288208,-10.16303539276123,0.5561698079109192,-7.611940860748291,-5.506693363189697
5_jackson_8.wav,0.35598158836364746,0.0584498830139637,1002.1833238896929,828.0937384328746,1777.1621704101562,0.061309814453125,-303.71160888671875,218.6411590576172,-64.45184326171875,-8.083109855651855,10.209482192993164,-51.1379508972168,-10.168001174926758,-0.7160234451293945,-27.894939422607422,3.323941707611084,4.499118804931641,-13.243223190307617,1.5067472457885742,-12.03785228729248,-20.421192169189453,-0.5351383090019226,-11.730630874633789,-12.222949981689453,8.301849365234375,-8.671079635620117,-14.28534984588623,6.498629093170166,-4.048191547393799,-13.352354049682617,-3.667891025543213,-10.342147827148438,-11.163789749145508,-2.945646286010742,-8.13555908203125,-5.794275760650635
3_nicolas_13.wav,0.27622267603874207,0.041697341948747635,897.9409944018113,1108.765694278711,2159.3017578125,0.03759765625,-370.7626647949219,196.59913635253906,-48.5198860168457,50.81047439575195,48.037288665771484,-29.25201416015625,10.26579761505127,-4.351593971252441,-37.06118392944336,5.543464660644531,-6.9876556396484375,-29.372724533081055,3.809082508087158,-3.495907783508301,-12.341989517211914,12.67872428894043,0.44988149404525757,-7.046767234802246,7.803274154663086,-5.991769790649414,-6.788766384124756,5.4627814292907715,-6.373250961303711,-1.2806549072265625,7.579769611358643,-7.14618444442749,-3.160226583480835,4.01571798324585,-6.986237049102783,-2.744080066680908
3_george_40.wav,0.3465938866138458,0.03252502158284187,1635.2724984837873,1223.3818471602513,3097.79052734375,0.099853515625,-391.095947265625,161.92584228515625,-94.28742218017578,34.69820022583008,41.7869873046875,-56.50978088378906,-15.55848217010498,-23.015705108642578,-56.99497604370117,-8.628293991088867,-24.53192710876465,-49.980960845947266,-0.627040445804596,-7.63248872756958,-32.39942169189453,-4.168435573577881,-9.646778106689453,-20.783447265625,-2.7048139572143555,-10.846223831176758,-9.448211669921875,3.5949177742004395,-15.361201286315918,-12.407915115356445,4.50227165222168,-12.747236251831055,-10.775490760803223,6.684032917022705,-6.052862167358398,-7.705430030822754
0_yweweler_42.wav,0.35731184482574463,0.006648180540651083,900.7587784710503,838.5413487838529,1806.5224095394738,0.05877364309210526,-560.6165161132812,200.2581787109375,-33.90000534057617,6.080523490905762,24.753450393676758,-27.907316207885742,-0.08972916007041931,4.495941162109375,-27.226482391357422,-5.987277984619141,-3.102046251296997,-22.09078598022461,-1.4653444290161133,4.472930908203125,-8.580171585083008,0.6703619956970215,-0.2763015925884247,-5.679403781890869,4.182430267333984,-1.5566034317016602,-8.415688514709473,-0.053537607192993164,-2.7618179321289062,-4.244176387786865,2.784407377243042,-2.438633680343628,-4.373368740081787,0.339599072933197,-5.2672858238220215,-5.29206657409668
4_yweweler_39.wav,0.4178425073623657,0.0056940228678286076,1092.6432158054197,742.3798567535847,1672.5681470788043,0.08160665760869565,-592.8856811523438,197.31314086914062,-35.32325744628906,-1.831264615058899,-10.314440727233887,-54.21986389160156,9.304226875305176,13.50338077545166,-27.329425811767578,2.7668094635009766,2.368912935256958,-21.19720458984375,4.114637851715088,3.7718210220336914,-11.98942756652832,4.394549369812012,-0.766219437122345,-11.65051555633545,0.5865970849990845,-6.267564296722412,-13.306790351867676,-3.5965168476104736,-8.082494735717773,-6.212925910949707,4.399958610534668,-3.9363601207733154,-5.700181484222412,1.243391752243042,-5.575375556945801,-4.354098320007324
1_theo_27.wav,0.2862668037414551,0.05368909239768982,779.6513477413379,683.157374348691,1256.6162109375,0.04587518601190476,-403.1488037109375,179.61985778808594,-33.712337493896484,-9.591862678527832,-0.6881987452507019,-40.32469940185547,-2.2876174449920654,5.85030460357666,-28.185436248779297,-12.79615306854248,-2.9539127349853516,-16.27231216430664,-10.085365295410156,-10.561884880065918,-13.0288667678833,-4.405324459075928,-9.835973739624023,-9.655878067016602,-1.3978352546691895,-11.527202606201172,-11.398557662963867,0.88763427734375,-5.232027530670166,-7.515744209289551,-3.3774774074554443,-14.019397735595703,-16.688594818115234,-8.415441513061523,-7.1504740715026855,-1.1022557020187378
4_george_16.wav,0.311282753944397,0.08493470400571823,991.5922466615667,810.7176857283147,1732.9334605823863,0.057439630681818184,-342.68634033203125,147.92324829101562,-48.97494888305664,-10.093000411987305,11.541483879089355,-39.66230773925781,-22.985368728637695,-13.637677192687988,-38.4145393371582,-20.489295959472656,-9.730303764343262,-23.517333984375,-10.595948219299316,-4.003600120544434,-14.000321388244629,-6.426173686981201,-5.193240165710449,-15.64766788482666,-12.599102020263672,-8.618496894836426,-7.880174160003662,-4.746155261993408,-8.902446746826172,-10.51083755493164,-6.102804183959961,-8.703307151794434,-8.324146270751953,-1.8498733043670654,-0.18777798116207123,2.1050310134887695
9_lucas_22.wav,0.4377345144748688,0.03692778944969177,860.661449025651,867.7672095619218,1918.6083984375,0.040185546875,-410.20611572265625,217.622802734375,-42.53264617919922,20.992143630981445,51.58538055419922,-27.2902774810791,-6.063202857971191,14.600458145141602,-24.342763900756836,-12.176523208618164,10.86668586730957,0.7780855894088745,-1.8250887393951416,-8.597040176391602,-11.439238548278809,0.585703432559967,-7.39846658706665,-11.928201675415039,2.3702139854431152,-6.157282829284668,-16.08091163635254,-2.9109420776367188,-1.9474620819091797,-8.22210693359375,-4.471364498138428,-6.810277462005615,-7.5343523025512695,-3.1597020626068115,-7.953038215637207,-8.682291030883789
3_lucas_8.wav,0.4517587423324585,0.03037117049098015,1223.0145052005983,1018.697334624137,2497.437462439904,0.07825646033653846,-446.1811218261719,153.49122619628906,-40.06868362426758,27.60658073425293,48.32585906982422,-24.204254150390625,-4.910533428192139,11.770341873168945,-19.072935104370117,-1.4529876708984375,11.345064163208008,-10.092828750610352,-4.341832637786865,0.6921259760856628,-8.57979679107666,1.860600233078003,4.955228328704834,-4.8279948234558105,-1.2057477235794067,-1.7741703987121582,-7.066352367401123,-2.7366292476654053,-3.4629745483398438,-4.935991287231445,-0.2041223645210266,-2.9193379878997803,-4.63876485824585,-0.5713363289833069,-3.6453857421875,-5.749520301818848
2_nicolas_30.wav,0.2983928322792053,0.03957940638065338,1063.468323122387,1158.292587499652,2295.977783203125,0.048421223958333336,-367.8383483886719,180.9739990234375,-44.47096252441406,42.12107467651367,33.73215866088867,-26.77033042907715,22.468307495117188,5.922611236572266,-31.459304809570312,3.9625823497772217,-9.737626075744629,-28.92132568359375,4.405824661254883,-4.2734856605529785,-15.039345741271973,8.338126182556152,-1.58450186252594,-6.292085647583008,9.112580299377441,-4.626444339752197,-5.6452860832214355,7.765970230102539,-4.342036724090576,-2.52174973487854,6.833255767822266,-5.52626371383667,-3.0304276943206787,3.6780059337615967,-6.328981399536133,-3.4053800106048584
6_yweweler_14.wav,0.40318796038627625,0.0069450498558580875,1608.5604144057036,1148.5389869747978,2922.235107421875,0.0863037109375,-541.1058959960938,185.89111328125,-81.36651611328125,47.24609375,49.74993896484375,-63.21684265136719,-4.674810409545898,14.234928131103516,-34.067264556884766,-3.7199790477752686,-6.187801837921143,-26.38642692565918,8.56865406036377,0.34091272950172424,-16.93092155456543,9.529875755310059,1.0456217527389526,-9.6829195022583,7.421589374542236,-2.943553924560547,-4.448787212371826,7.409718036651611,-9.841368675231934,-7.5480780601501465,6.415091037750244,-11.363483428955078,-10.047167778015137,5.49884033203125,-5.441026210784912,-5.382890701293945
0_nicolas_27.wav,0.265933632850647,0.048160288482904434,869.5328648595965,1070.8514707961128,2009.586181640625,0.043701171875,-367.935546875,194.1225128173828,-37.54668426513672,48.83277893066406,35.85439682006836,-37.804527282714844,12.710148811340332,2.886749267578125,-34.257049560546875,4.053849697113037,-9.605850219726562,-31.56924819946289,4.828930854797363,-1.5717628002166748,-12.336780548095703,13.140092849731445,1.8804044723510742,-6.467493534088135,8.476306915283203,-4.689043045043945,-6.148698806762695,5.508875370025635,-7.500070095062256,-3.871997356414795,6.292629241943359,-5.757350444793701,-0.8924458622932434,5.125273704528809,-6.7817583084106445,-0.2590957581996918
3_theo_36.wav,0.2828494906425476,0.005770495627075434,919.0077579839932,985.1791586410507,2163.31787109375,0.032749720982142856,-574.1796875,204.3201141357422,-52.22522735595703,38.40690231323242,51.142845153808594,-33.52286148071289,-2.6959807872772217,4.132807731628418,-24.787389755249023,-1.173593521118164,-6.783221244812012,-20.795881271362305,-0.38190609216690063,-8.796224594116211,-10.674773216247559,8.747373580932617,-7.48436975479126,-13.216788291931152,1.7656837701797485,-10.053641319274902,-9.224343299865723,2.777142286300659,-9.865410804748535,-8.742234230041504,-0.4360986351966858,-9.37283992767334,-2.8183963298797607,3.4384372234344482,-7.3715925216674805,-2.9211761951446533
5_yweweler_37.wav,0.4760318994522095,0.005673016421496868,1407.6512362810704,924.0795662124547,2375.0144264914775,0.10897549715909091,-548.6478271484375,187.85821533203125,-81.26871490478516,3.610018730163574,29.337507247924805,-39.48263931274414,4.087077617645264,8.992008209228516,-26.999805450439453,8.612585067749023,9.98575210571289,-14.659415245056152,6.250692367553711,2.258762836456299,-8.253408432006836,7.80839204788208,-4.189271926879883,-7.696444511413574,9.794890403747559,-6.489300727844238,-10.849137306213379,7.422230243682861,-4.652971267700195,-8.331079483032227,5.972381591796875,-2.974565029144287,-4.714195728302002,3.972923994064331,-4.659868240356445,-4.037359714508057
3_theo_39.wav,0.2919321656227112,0.005086835008114576,889.9580152548497,956.5868083683267,2135.9281099759614,0.03391676682692308,-583.7025146484375,206.58287048339844,-49.93552017211914,37.553321838378906,54.63377380371094,-30.358243942260742,-8.399927139282227,0.9105346202850342,-20.814983367919922,-0.05785340815782547,-11.88040828704834,-23.669525146484375,2.7641866207122803,-7.690892696380615,-13.822980880737305,9.50067138671875,-3.710587978363037,-12.103095054626465,2.8012571334838867,-9.129636764526367,-10.821402549743652,2.66086483001709,-8.803943634033203,-9.391130447387695,0.5228884220123291,-7.9698686599731445,-5.179862976074219,-0.08085025101900101,-9.348713874816895,-3.482670783996582
0_george_6.wav,0.22404710948467255,0.08830742537975311,1016.1728208173541,906.8841882501249,1947.98583984375,0.04762486049107143,-354.0862731933594,141.79173278808594,-49.43644332885742,19.19102668762207,27.21712303161621,-38.61469650268555,-13.570565223693848,-18.4140567779541,-48.67476272583008,-17.087778091430664,-20.537500381469727,-42.81269073486328,-9.871576309204102,-2.332990884780884,-21.504018783569336,-7.091830253601074,-1.4595483541488647,-9.31005573272705,-4.651648044586182,-9.536666870117188,-10.22021484375,-2.510416030883789,-12.5995454788208,-13.784698486328125,-0.46044132113456726,-4.976616859436035,-9.516047477722168,-2.6309657096862793,-2.7402782440185547,-2.331265687942505
3_nicolas_42.wav,0.33927121758461,0.044675618410110474,1028.1054865354881,1127.3056550367658,2380.3977272727275,0.042436079545454544,-344.4515380859375,212.5432586669922,-67.07612609863281,39.73871994018555,40.69544982910156,-38.82591247558594,10.20001220703125,1.344017505645752,-33.79283905029297,11.436131477355957,1.6768726110458374,-22.959938049316406,6.4664835929870605,-3.287275791168213,-11.284152030944824,11.766101837158203,-4.975643634796143,-10.685851097106934,7.7206645011901855,-6.981278896331787,-8.65571403503418,3.6489877700805664,-9.0314359664917,-4.342073440551758,5.383191108703613,-8.55320930480957,-6.130647659301758,-0.7663727402687073,-8.740927696228027,-0.40916863083839417
3_george_10.wav,0.30919334292411804,0.031585317105054855,1290.035766294244,1082.6783550897449,2696.77734375,0.05701264880952381,-416.9474182128906,165.81797790527344,-84.94844818115234,33.53650665283203,44.1365852355957,-56.513484954833984,-16.26833724975586,-10.764766693115234,-44.180580139160156,-4.237248420715332,-17.3232364654541,-45.201690673828125,-3.566026210784912,-8.042259216308594,-32.35615539550781,-6.768696308135986,-8.923752784729004,-20.167654037475586,-4.766005516052246,-13.199868202209473,-15.041783332824707,-1.8484373092651367,-17.512069702148438,-16.709548950195312,2.2824559211730957,-9.668540000915527,-12.096202850341797,2.2462985515594482,-5.748073101043701,-7.559222221374512
0_theo_25.wav,0.35421431064605713,0.006517382804304361,860.5615175808676,846.7567365893816,1767.7734375,0.042689732142857144,-540.5433349609375,198.9856719970703,-40.454315185546875,12.660600662231445,37.32604217529297,-20.938806533813477,-8.833746910095215,-13.226539611816406,-27.302906036376953,2.640090227127075,-7.023922920227051,-21.222427368164062,4.773070812225342,-2.1999270915985107,-12.161839485168457,6.202495098114014,-3.4968745708465576,-12.250629425048828,-0.027904044836759567,-8.80162525177002,-12.10740852355957,-2.893317699432373,-11.200904846191406,-8.960752487182617,0.20417837798595428,-9.626564979553223,-9.50629997253418,-2.5077762603759766,-7.438236236572266,-3.636298418045044
8_nicolas_26.wav,0.4768619239330292,0.023584967479109764,1161.9555419818623,1109.981278293471,2605.517578125,0.04534505208333333,-385.0827941894531,216.4178009033203,-75.10255432128906,35.0697021484375,46.45024490356445,-46.19147872924805,5.767544746398926,13.854769706726074,-22.170103073120117,13.69405746459961,3.9601526260375977,-17.771038055419922,11.492183685302734,-1.7102124691009521,-13.849535942077637,7.288977146148682,-8.484790802001953,-10.010981559753418,9.705547332763672,-8.447127342224121,-8.08876895904541,8.474020004272461,-8.945586204528809,-8.03775691986084,5.644391059875488,-6.483808994293213,-3.8046035766601562,3.790450096130371,-5.555441856384277,-0.3498789370059967
2_lucas_25.wav,0.48292842507362366,0.03083762340247631,1418.753460691271,966.6309754425583,2466.2246704101562,0.1029205322265625,-472.3915100097656,128.05328369140625,-36.1824836730957,16.30805778503418,40.380733489990234,-13.495063781738281,-2.7494564056396484,7.451143264770508,-15.147297859191895,-1.59727144241333,7.214563369750977,-7.394615173339844,-2.5824472904205322,-1.1812810897827148,-7.178104400634766,2.4220356941223145,2.7527382373809814,-3.739867687225342,1.7827541828155518,-0.2553221583366394,-4.501138687133789,0.44945964217185974,-3.391519546508789,-6.223539352416992,0.9152907133102417,-2.1453466415405273,-6.4577202796936035,-0.24832755327224731,-0.7032197117805481,-3.8591909408569336
8_jackson_31.wav,0.3719582259654999,0.07421013712882996,1317.4436359356102,1203.7496185580117,2836.1495168585525,0.0698499177631579,-328.62841796875,170.87168884277344,-49.08237838745117,60.64784622192383,40.04782485961914,-68.11175537109375,-13.192770957946777,4.663392066955566,-38.1441535949707,-15.846141815185547,-15.406754493713379,-22.962234497070312,2.554858446121216,-14.26993465423584,-21.949758529663086,5.047355651855469,-10.252189636230469,-17.997434616088867,4.488011360168457,-3.8975565433502197,-8.57931137084961,-1.4667065143585205,-14.7753324508667,-10.120735168457031,-2.0291025638580322,-16.902467727661133,-9.206265449523926,-0.1149972602725029,-14.950685501098633,-7.902286529541016
9_theo_43.wav,0.2797601819038391,0.0066332584246993065,916.6843172062665,913.0920391044248,1732.705078125,0.03990885416666667,-546.523681640625,226.49005126953125,-73.95924377441406,10.061914443969727,33.94071578979492,-39.3150634765625,-0.19741877913475037,4.696924686431885,-22.62154197692871,10.43111515045166,-0.3402383029460907,-24.16870880126953,-1.2793151140213013,-8.71705150604248,-16.213964462280273,-3.5424888134002686,-22.201684951782227,-17.41403579711914,6.1853461265563965,-11.150678634643555,-11.29153823852539,3.792834520339966,-13.77328872680664,-10.70406723022461,4.302652359008789,-9.703329086303711,-6.0653204917907715,4.81125020980835,-8.013006210327148,-6.047641277313232
0_theo_27.wav,0.2756510376930237,0.003046066267415881,970.50379578461,937.4029062710272,1951.0954483695652,0.047193444293478264,-613.5603637695312,218.53668212890625,-61.72414779663086,28.389772415161133,50.782318115234375,-28.61467742919922,1.3927980661392212,-1.6905573606491089,-30.1351318359375,5.197895526885986,-4.776992321014404,-21.192739486694336,11.73224925994873,0.4245138466358185,-12.832262992858887,10.913987159729004,-1.6427994966506958,-11.972491264343262,2.2759454250335693,-9.70438003540039,-10.834936141967773,0.04596332833170891,-13.740050315856934,-7.979668140411377,7.045310020446777,-6.277312755584717,-7.319103717803955,0.33410826325416565,-7.263244152069092,-3.6114001274108887
2_theo_41.wav,0.32392534613609314,0.008889736607670784,1153.2023076050436,1021.0957074993298,2239.453125,0.06817157451923077,-536.3294677734375,186.63682556152344,-61.752647399902344,28.553958892822266,36.98680114746094,-37.40058135986328,4.060155868530273,2.3517072200775146,-29.96034812927246,-5.0199198722839355,-16.3603458404541,-20.68055534362793,9.432851791381836,-10.530141830444336,-15.576201438903809,11.678396224975586,-4.594753265380859,-5.135727405548096,13.708714485168457,-11.589611053466797,-18.095287322998047,0.09248403459787369,-11.993551254272461,-11.104585647583008,-0.4648556411266327,-13.114511489868164,-7.439478874206543,2.8824307918548584,-8.021188735961914,-3.1043663024902344
3_lucas_46.wav,0.443554550409317,0.0382242426276207,1153.0624292578084,1036.5804212516803,2446.246127424569,0.06980738146551724,-427.048828125,160.90338134765625,-37.568214416503906,39.36039352416992,54.47891616821289,-29.492639541625977,-7.711824417114258,15.069552421569824,-14.326416015625,-2.04555082321167,4.725320816040039,-10.934855461120605,-0.32548987865448,-0.4219159781932831,-8.694969177246094,4.0912017822265625,2.654001235961914,-4.730650424957275,2.1257128715515137,-1.8916560411453247,-3.551835536956787,1.9473011493682861,-8.595390319824219,-9.955047607421875,0.30100196599960327,-7.022144794464111,-8.095272064208984,2.6247849464416504,-2.6495673656463623,-5.925538539886475
7_theo_15.wav,0.3113578259944916,0.004064864479005337,1201.8210167886057,913.2608890245832,2059.3909954202586,0.08688038793103449,-595.427490234375,200.06072998046875,-64.48733520507812,27.46133804321289,34.90938949584961,-43.69367218017578,6.629288196563721,11.243249893188477,-25.012920379638672,9.014754295349121,-0.13364075124263763,-25.763521194458008,4.199573516845703,2.7658472061157227,-11.791186332702637,-0.5333803296089172,-10.989496231079102,-9.728302001953125,4.999077320098877,-11.343289375305176,-10.514171600341797,3.9088335037231445,-9.098230361938477,-6.004185199737549,3.681614875793457,-9.738397598266602,-4.351103782653809,3.842978000640869,-10.148601531982422,-6.763845443725586
8_george_33.wav,0.31060999631881714,0.040178053081035614,1573.759019999128,1113.4707284901192,2908.0078125,0.09526134672619048,-390.51995849609375,147.65423583984375,-81.67989349365234,28.38653564453125,32.748382568359375,-58.644775390625,-17.951831817626953,-13.075872421264648,-40.72642517089844,-5.111212730407715,-19.95980453491211,-35.76481628417969,6.357279300689697,-10.649571418762207,-33.50461196899414,1.4258257150650024,-6.035306453704834,-28.521249771118164,-10.279401779174805,-9.260390281677246,-14.177001953125,-5.16664981842041,-9.350174903869629,-3.630361318588257,2.914555311203003,-10.4200439453125,-4.721322059631348,3.774909257888794,-9.097577095031738,-4.639052391052246
1_lucas_12.wav,0.4804626405239105,0.0442725345492363,1064.1401895951158,895.2450410681063,2045.1416015625,0.06647600446428571,-446.0055847167969,156.1149444580078,-9.189393997192383,17.369327545166016,22.897201538085938,-32.061153411865234,-9.190762519836426,17.244842529296875,-10.713852882385254,-11.07963752746582,6.3680806159973145,0.3545345067977905,-3.428079605102539,-3.813783645629883,-6.927907943725586,-3.460427761077881,-4.380055904388428,-5.266149044036865,0.48562735319137573,-3.681034564971924,-8.36602783203125,-2.3035311698913574,-2.473670721054077,-5.885379314422607,-4.8141961097717285,-7.749817848205566,-6.569438457489014,-1.454653024673462,-5.8037495613098145,-6.004916191101074
6_yweweler_12.wav,0.31267043948173523,0.004286342300474644,1872.8566819923958,1106.7539005839326,3060.406494140625,0.159814453125,-618.5159912109375,138.36309814453125,-70.82919311523438,30.654937744140625,36.73347091674805,-39.55400085449219,-0.6255322694778442,-3.113874912261963,-25.209810256958008,13.115567207336426,-9.134719848632812,-30.409189224243164,12.610922813415527,5.187136173248291,-10.885095596313477,11.469417572021484,-3.1676478385925293,-8.898512840270996,12.563301086425781,-4.9107184410095215,-10.35189437866211,7.279982566833496,-8.065034866333008,-10.418776512145996,4.714431285858154,-6.794590950012207,-5.989146709442139,4.784174919128418,-5.640010833740234,-2.8919637203216553
0_lucas_39.wav,0.4905624985694885,0.02666017971932888,1044.086355097354,1004.6276631885219,2311.8585205078125,0.0425537109375,-491.54425048828125,138.143310546875,-25.902801513671875,13.576324462890625,34.00156784057617,-10.420367240905762,1.7006895542144775,6.816971778869629,-13.602765083312988,1.7069591283798218,6.382321834564209,-7.519040107727051,2.976566791534424,5.438082695007324,-4.063583850860596,2.628803253173828,3.190730571746826,-1.36957585811615,3.379517078399658,-0.6626337766647339,-3.516522169113159,3.247098445892334,-1.6144378185272217,-5.605842590332031,1.9122377634048462,0.29119640588760376,-3.828589677810669,-0.4500870108604431,-1.751424789428711,-2.3867366313934326
9_lucas_29.wav,0.4654821753501892,0.026194855570793152,970.2519092034969,960.0307986987292,2221.76513671875,0.05419921875,-454.78741455078125,196.84999084472656,-36.05425262451172,27.88960838317871,50.17227554321289,-29.942916870117188,-7.681788921356201,16.56036949157715,-20.61196517944336,-12.595576286315918,9.294293403625488,0.6226592063903809,-2.198099136352539,-4.04008150100708,-4.805752754211426,-1.948894739151001,-11.260042190551758,-6.251941204071045,7.976175785064697,-4.941327095031738,-12.751928329467773,-1.4285370111465454,-4.636751651763916,-8.620089530944824,-3.3311712741851807,-7.0660271644592285,-7.77985143661499,-3.770427703857422,-6.770676136016846,-4.359933376312256
6_theo_21.wav,0.38850364089012146,0.010403674095869064,1698.6274405178142,1047.0253455181412,2884.37255859375,0.155810546875,-488.51416015625,142.84584045410156,-63.571922302246094,26.117427825927734,27.840015411376953,-46.8718147277832,-7.458164215087891,-5.517463684082031,-29.174463272094727,7.114617347717285,-1.3322728872299194,-17.870494842529297,9.983511924743652,0.7778233289718628,-7.931923866271973,8.881260871887207,-6.552275657653809,-7.956116676330566,6.642495632171631,-12.633234024047852,-12.007436752319336,4.797018051147461,-8.033788681030273,-5.391983985900879,5.7332258224487305,-6.831703186035156,-5.1802978515625,0.11545829474925995,-8.158049583435059,0.02739962376654148
2_george_36.wav,0.2696578800678253,0.03586578741669655,858.0777356273487,883.5902783408299,1736.41357421875,0.03683810763888889,-413.9035339355469,181.3058624267578,-47.088680267333984,12.013204574584961,11.94006061553955,-52.258296966552734,-6.025725364685059,-2.352515459060669,-41.417484283447266,-15.35745620727539,-17.604726791381836,-38.16786575317383,-14.06153392791748,-17.233259201049805,-27.07041358947754,-2.63338565826416,-6.0066986083984375,-16.72052574157715,-4.738081932067871,-13.402569770812988,-20.676179885864258,-9.800620079040527,-12.09218978881836,-8.427471160888672,0.11575852334499359,-8.946992874145508,-8.050843238830566,-2.0868849754333496,-9.34904956817627,-4.82581901550293
3_lucas_40.wav,0.4817931652069092,0.052552271634340286,1238.6144864520509,958.174012217971,2344.778575067935,0.08600118885869565,-361.1064758300781,193.72645568847656,-62.81480407714844,23.03023338317871,53.2566032409668,-37.53178787231445,-11.371545791625977,15.06041431427002,-21.947551727294922,-7.9772491455078125,3.2283434867858887,-13.287188529968262,2.6974921226501465,4.9402384757995605,-10.933843612670898,0.1691984087228775,1.3081169128417969,-8.211263656616211,0.12173072248697281,-1.1036945581436157,-6.431967258453369,-1.2603331804275513,-7.23453426361084,-8.785999298095703,1.2900689840316772,-3.7214107513427734,-8.108525276184082,-1.1378458738327026,-4.057069301605225,-6.6006083488464355
7_nicolas_26.wav,0.35294872522354126,0.05046946182847023,1082.4410848844295,1056.717417836968,2364.0380859375,0.05918666294642857,-326.6806335449219,194.66761779785156,-52.051090240478516,28.587249755859375,34.45120620727539,-37.926631927490234,-0.7616071701049805,-6.281399250030518,-31.789697647094727,10.510612487792969,1.359866976737976,-21.18836784362793,10.411760330200195,5.120075225830078,-10.328062057495117,3.1311111450195312,-8.819829940795898,-9.150506019592285,6.4696784019470215,-11.234950065612793,-11.317728996276855,6.085273742675781,-6.778926849365234,-6.089794635772705,5.902321815490723,-5.695591449737549,-2.641998052597046,6.8174872398376465,-3.355771780014038,-1.0117356777191162
5_theo_20.wav,0.4301646947860718,0.006957793142646551,1165.019090483548,903.5387829393323,1954.13818359375,0.07477678571428571,-504.6792297363281,244.8140106201172,-91.03497314453125,-14.20116901397705,19.059656143188477,-43.0515251159668,-2.822946786880493,5.415347576141357,-23.764047622680664,7.1411542892456055,9.62123966217041,-10.895010948181152,-4.849792003631592,-14.908300399780273,-8.95603084564209,7.434638977050781,-16.340791702270508,-15.142412185668945,6.89115571975708,-12.555651664733887,-14.192118644714355,5.333606243133545,-8.532793998718262,-10.236903190612793,3.3041584491729736,-6.377699375152588,-7.071682453155518,-3.2334272861480713,-11.411711692810059,-1.5177803039550781
4_george_33.wav,0.3532174825668335,0.04906428977847099,1155.8168806618594,815.9897087388472,1889.8219058388158,0.08113178453947369,-358.1485290527344,168.5395050048828,-73.83970642089844,-12.16127872467041,9.327033042907715,-49.9901237487793,-16.79654884338379,-12.687891006469727,-42.882232666015625,-15.400228500366211,-17.034469604492188,-35.05421829223633,-8.107003211975098,-9.240686416625977,-21.403369903564453,2.1854372024536133,-0.5648890733718872,-17.06079864501953,-7.158123016357422,-10.487143516540527,-18.444089889526367,-8.707805633544922,-6.997649192810059,-5.975590229034424,-0.9072334170341492,-6.010900974273682,-4.788334369659424,-0.6904938220977783,-4.903357028961182,-0.24552437663078308
1_george_7.wav,0.33109843730926514,0.04491580277681351,1110.2610311703806,868.7834187156361,1989.9649784482758,0.07192887931034483,-393.7837829589844,148.45526123046875,-52.493717193603516,-10.31653881072998,5.878087043762207,-32.8001594543457,-7.155610084533691,-17.95124053955078,-38.41228103637695,-0.6135579943656921,-7.93662166595459,-34.288902282714844,-6.548291206359863,-4.55304479598999,-23.86313819885254,-8.46687126159668,-7.496558666229248,-18.897605895996094,-8.541048049926758,-7.915248394012451,-12.857860565185547,-8.422839164733887,-11.805461883544922,-8.28462028503418,-1.3414807319641113,-10.56506061553955,-8.495035171508789,2.383455991744995,-4.79542350769043,-7.524741172790527
2_jackson_28.wav,0.22671911120414734,0.05820731073617935,836.9571951968236,750.9991268383249,1359.5281427556818,0.055952592329545456,-375.0146484375,168.05528259277344,-12.198966026306152,25.3264102935791,37.332942962646484,-23.759977340698242,-24.71990966796875,-14.391282081604004,-18.911956787109375,-6.176299571990967,-14.616796493530273,-25.717893600463867,-13.944998741149902,-17.720233917236328,-14.512264251708984,4.3966755867004395,-7.027178764343262,-14.211804389953613,3.9863698482513428,-3.2257728576660156,-14.800475120544434,-2.5597169399261475,-4.716439247131348,-13.697443008422852,-8.58537483215332,-10.966340065002441,-12.710965156555176,-6.067430019378662,-9.126313209533691,-8.561379432678223
6_yweweler_6.wav,0.34545838832855225,0.00897089671343565,1318.4002067813185,1076.5805338424655,2642.303466796875,0.07914225260416667,-510.7425842285156,191.7937774658203,-68.81134033203125,32.183494567871094,44.020904541015625,-43.52339172363281,-3.694763422012329,-0.6458688378334045,-31.385583877563477,2.02813982963562,-11.334858894348145,-28.24224853515625,8.97899341583252,0.1787726879119873,-11.829724311828613,10.289372444152832,-3.2908623218536377,-3.7608797550201416,15.758133888244629,-6.930080890655518,-10.18428897857666,9.428810119628906,-8.09371280670166,-10.909202575683594,3.7137041091918945,-8.523394584655762,-6.717111110687256,3.058422803878784,-8.277458190917969,-3.016289710998535
2_nicolas_32.wav,0.29300156235694885,0.0360291451215744,888.3317426267919,1087.0308496824312,2111.4501953125,0.03309461805555555,-384.0549011230469,194.93856811523438,-43.35142517089844,48.264400482177734,40.64417266845703,-29.44200897216797,22.579608917236328,6.197375774383545,-35.551368713378906,2.266305923461914,-10.691023826599121,-30.629783630371094,3.214238166809082,-7.864653587341309,-17.13304328918457,9.999164581298828,-1.42054283618927,-7.017939567565918,8.99360466003418,-5.664304256439209,-5.965497016906738,8.219429969787598,-4.619821548461914,-3.1284666061401367,5.728516578674316,-5.667218208312988,-1.116197109222412,5.004446029663086,-5.189319610595703,-1.1668646335601807
2_jackson_33.wav,0.2952080965042114,0.055738016963005066,1247.246034122896,976.566448682433,2184.151944247159,0.08458362926136363,-357.79449462890625,193.88980102539062,-56.71176528930664,35.987770080566406,47.093074798583984,-41.186256408691406,-17.361820220947266,-13.562295913696289,-27.401525497436523,11.14373779296875,-11.01888370513916,-38.38492202758789,-2.5820438861846924,-10.229732513427734,-22.18348503112793,6.982809066772461,-8.344712257385254,-17.908634185791016,12.344237327575684,-3.8689627647399902,-19.437124252319336,5.742118835449219,-3.845515489578247,-18.21363067626953,-0.8811536431312561,-5.882760524749756,-14.013866424560547,-2.4044830799102783,-7.2473297119140625,-8.013197898864746
8_nicolas_47.wav,0.5122273564338684,0.048352621495723724,1229.5970299901119,1134.2447432119911,2626.45263671875,0.04649522569444445,-340.3229675292969,210.52871704101562,-78.94786071777344,31.77067756652832,42.91277313232422,-50.104400634765625,-1.8451309204101562,8.274337768554688,-26.05014419555664,8.067380905151367,1.0032119750976562,-18.549612045288086,10.486769676208496,-1.1362617015838623,-14.375208854675293,6.922277927398682,-6.242438793182373,-9.606728553771973,10.001914978027344,-6.113065719604492,-8.96919059753418,7.306142807006836,-5.611982345581055,-5.397733688354492,6.088632583618164,-4.885805606842041,-0.9099432826042175,7.277170181274414,-3.7472453117370605,-0.026950839906930923
1_nicolas_47.wav,0.35485774278640747,0.037054404616355896,953.546144705694,986.5140256792878,1882.1977095170455,0.044877485795454544,-356.6578369140625,235.30369567871094,-58.118629455566406,27.475461959838867,22.434207916259766,-46.943641662597656,14.44701862335205,1.8738045692443848,-33.73802185058594,15.814108848571777,0.7910728454589844,-24.844806671142578,8.536765098571777,-5.3670454025268555,-15.421486854553223,11.236388206481934,-5.391565799713135,-10.781220436096191,9.309571266174316,-6.454208850860596,-8.169597625732422,5.653397560119629,-7.7005228996276855,-3.7371435165405273,6.890302658081055,-5.979583263397217,-2.795283317565918,2.941107749938965,-5.02962589263916,2.622673273086548
7_george_45.wav,0.3255729675292969,0.051193855702877045,1565.12775363717,1084.541634722636,2871.09375,0.10050455729166667,-344.3775634765625,179.52255249023438,-110.57061767578125,9.803467750549316,31.52383041381836,-51.60729217529297,-16.696300506591797,-36.53263473510742,-57.77647018432617,10.875791549682617,-8.864063262939453,-46.33308792114258,1.5471255779266357,-4.325496196746826,-29.174522399902344,-1.9521660804748535,-10.542244911193848,-21.500778198242188,-0.9423566460609436,-11.760594367980957,-16.832916259765625,-5.66077995300293,-17.84665298461914,-9.431373596191406,3.001530885696411,-16.047927856445312,-7.42380428314209,9.994197845458984,-8.541773796081543,-9.807158470153809
5_jackson_42.wav,0.3233526945114136,0.09555990248918533,903.7593873330285,841.9201760999267,1545.7763671875,0.05417596726190476,-286.9104919433594,232.16256713867188,-54.92679214477539,3.7825088500976562,10.776331901550293,-49.867088317871094,-6.947123050689697,-15.575100898742676,-40.37793731689453,8.326146125793457,5.226426601409912,-18.667057037353516,-2.0965793132781982,-13.532506942749023,-15.594169616699219,-1.599760890007019,-20.73598861694336,-10.63257122039795,6.7921600341796875,-23.434099197387695,-19.336132049560547,4.183835506439209,-17.451570510864258,-17.853641510009766,1.4386464357376099,-8.086700439453125,-4.935585021972656,2.1968767642974854,-11.525819778442383,-8.553595542907715
1_yweweler_19.wav,0.36344113945961,0.011279384605586529,939.5127783397147,829.647111258732,1778.642578125,0.056868489583333334,-514.7401733398438,211.6228790283203,-43.68077850341797,6.670734882354736,14.684782981872559,-46.53268814086914,6.640622138977051,17.169273376464844,-32.48957824707031,-4.01563024520874,11.812067031860352,-17.92582130432129,-6.949242115020752,1.491515874862671,-10.72811508178711,-2.688133955001831,-4.148410797119141,-9.939441680908203,1.660667061805725,-1.9246655702590942,-8.635931968688965,-1.5577101707458496,-6.330415725708008,-8.897847175598145,-1.2124443054199219,-5.056707859039307,-4.562341213226318,2.483595132827759,-3.413037061691284,-5.188899517059326
2_nicolas_22.wav,0.3130199611186981,0.0240712221711874,1390.5288150125991,1181.017317667292,2868.9404296875,0.076171875,-391.9664306640625,182.07098388671875,-72.71951293945312,41.4008903503418,38.52280807495117,-36.18470001220703,23.008459091186523,6.785114765167236,-33.35639953613281,15.51102066040039,-1.471082329750061,-30.031360626220703,8.823038101196289,-2.0941319465637207,-15.818973541259766,13.45996379852295,-0.07197367399930954,-8.736964225769043,9.103215217590332,-7.709660053253174,-8.19977855682373,10.185121536254883,-3.9395792484283447,-2.8976359367370605,9.420391082763672,-3.5949716567993164,-1.7294156551361084,4.744295597076416,-5.8470072746276855,-0.7417377829551697
4_jackson_19.wav,0.3526952266693115,0.09373807907104492,617.6770962709369,452.1491569308414,970.3399658203125,0.0435791015625,-346.4170227050781,227.0587158203125,36.833396911621094,-30.631942749023438,-29.277019500732422,-25.596336364746094,-16.84459114074707,-10.931453704833984,-3.2670774459838867,-4.804122447967529,-23.15150260925293,-16.04791831970215,6.068132400512695,-1.6278482675552368,-6.198472499847412,7.693438529968262,2.247143268585205,-7.784823417663574,-5.423466682434082,-11.151836395263672,-12.738519668579102,-4.002756595611572,-7.185334205627441,-12.242435455322266,-9.324567794799805,-9.03505802154541,-4.506739616394043,-0.532314121723175,-8.163244247436523,-8.867412567138672
9_nicolas_12.wav,0.4287000596523285,0.028968555852770805,941.3772158740645,1018.5396399646473,2043.6967329545455,0.04905007102272727,-374.3384094238281,228.2746124267578,-60.285499572753906,29.438465118408203,39.108009338378906,-30.787691116333008,13.559252738952637,-0.4632633924484253,-36.89476013183594,9.89919662475586,4.3113932609558105,-20.596820831298828,5.620934009552002,-5.702191352844238,-15.675366401672363,8.437000274658203,-3.7550628185272217,-9.050951957702637,6.6340861320495605,-8.305217742919922,-8.678972244262695,3.408257484436035,-11.458820343017578,-7.516359329223633,3.913048505783081,-8.309470176696777,-2.489253520965576,6.113048076629639,-4.499879360198975,0.5800375938415527
9_george_14.wav,0.2556867003440857,0.03794446587562561,1233.7949025414055,1008.5238962452062,2332.2509765625,0.06089564732142857,-385.73870849609375,179.31251525878906,-92.82191467285156,8.805336952209473,35.27452087402344,-47.354759216308594,-16.321802139282227,-13.550081253051758,-40.362186431884766,0.3431321680545807,-6.911883354187012,-34.74951171875,-5.354081630706787,-10.030901908874512,-29.09689712524414,-8.544896125793457,-11.190119743347168,-19.475797653198242,-5.99734354019165,-10.140324592590332,-8.605417251586914,-1.900895118713379,-17.72557830810547,-12.692729949951172,1.461486577987671,-12.897974967956543,-10.676133155822754,2.974639892578125,-8.420675277709961,-8.948893547058105
5_nicolas_44.wav,0.4591228663921356,0.05438283085823059,949.1020243641979,833.7631051626321,1674.8794555664062,0.067352294921875,-334.8968505859375,240.35231018066406,-56.204811096191406,8.226933479309082,1.5717756748199463,-58.81407165527344,10.952858924865723,9.708301544189453,-27.395898818969727,11.480508804321289,-2.8911662101745605,-22.621614456176758,14.178237915039062,0.7366814613342285,-13.926534652709961,10.520944595336914,-5.390280723571777,-13.303254127502441,6.708817481994629,-5.7300262451171875,-7.189253807067871,5.507055759429932,-7.824950218200684,-4.122766494750977,5.8754119873046875,-6.540318965911865,-0.4031830430030823,7.197139739990234,-3.7733709812164307,1.4785375595092773
7_yweweler_39.wav,0.29826846718788147,0.007935239933431149,1181.605059215665,949.3973839577461,2161.0107421875,0.07075427827380952,-548.7774658203125,202.37921142578125,-68.00175476074219,18.597713470458984,35.539608001708984,-39.45664596557617,4.688050746917725,1.8831863403320312,-39.50286102294922,4.728532314300537,10.696589469909668,-20.240585327148438,-0.25521814823150635,1.1207222938537598,-8.8814058303833,6.480382919311523,-3.9591634273529053,-10.339017868041992,5.209153652191162,-5.391738414764404,-9.038788795471191,2.11472749710083,-9.568023681640625,-8.5150146484375,2.501342296600342,-9.20656681060791,-6.2555832862854,5.5854620933532715,-3.8493096828460693,-3.653670072555542
7_theo_13.wav,0.3058378994464874,0.004116802476346493,1160.863687099293,973.5315518983622,2156.6848754882812,0.08074951171875,-590.0472412109375,210.9688720703125,-62.069862365722656,26.709957122802734,36.449344635009766,-44.526119232177734,1.3806672096252441,6.007008075714111,-22.54652214050293,18.800884246826172,7.667961120605469,-24.36942481994629,0.8903024196624756,0.297707736492157,-7.3850226402282715,2.989138603210449,-18.08547592163086,-18.53478240966797,2.436037540435791,-13.107845306396484,-11.778331756591797,6.487013816833496,-6.379338264465332,-4.379668235778809,7.034837245941162,-7.979944229125977,-7.344991207122803,2.2235512733459473,-7.12648344039917,-6.184201240539551
4_jackson_29.wav,0.23699703812599182,0.08379288017749786,570.8503398595639,485.2543861200431,951.9942434210526,0.03253495065789474,-366.89202880859375,216.66159057617188,32.66571044921875,-20.345388412475586,-12.069741249084473,-18.283016204833984,-21.400617599487305,-16.072851181030273,-4.132627964019775,-2.420464277267456,-18.648244857788086,-16.249706268310547,-2.789478302001953,-11.365954399108887,-12.611560821533203,1.118596076965332,-2.5588905811309814,-7.959092617034912,-3.776216983795166,-9.509361267089844,-13.306744575500488,-9.609559059143066,-12.870626449584961,-12.55215835571289,-7.731001853942871,-8.189827919006348,-3.779536247253418,-2.1930432319641113,-10.495207786560059,-7.269802093505859
9_jackson_38.wav,0.37324777245521545,0.06823527067899704,924.0643325255879,934.5920152412498,1930.1917766702586,0.04845770474137931,-331.6856689453125,221.92422485351562,-63.30564880371094,19.415897369384766,37.878543853759766,-36.34254455566406,6.172225475311279,3.1611437797546387,-38.64492416381836,-1.7864205837249756,2.486614942550659,-21.93140983581543,-5.891948223114014,-9.934894561767578,-18.19210433959961,-5.872957229614258,-11.937787055969238,-10.222208976745605,-5.0153961181640625,-18.015932083129883,-8.849700927734375,-3.124403238296509,-19.286779403686523,-6.558043956756592,0.15360473096370697,-20.632877349853516,-10.675030708312988,2.4479897022247314,-11.279664039611816,-8.26455020904541
8_lucas_6.wav,0.5038067698478699,0.04931369796395302,1508.6545833297446,1061.9174096436816,2729.616827713816,0.11811266447368421,-372.97528076171875,167.779052734375,-62.620758056640625,42.56222915649414,56.903533935546875,-46.99958038330078,-13.833181381225586,14.497642517089844,-20.162012100219727,-2.446207046508789,1.9822202920913696,-16.17827796936035,3.929124593734741,4.5683465003967285,-9.358511924743652,1.1831254959106445,-3.670419454574585,-7.301663875579834,4.874902248382568,-5.064357280731201,-7.949936866760254,4.177173614501953,-7.59932279586792,-10.866113662719727,3.5468897819519043,-3.8643486499786377,-9.79708194732666,-0.917156994342804,-3.6848831176757812,-5.3352370262146
0_george_37.wav,0.22298237681388855,0.04155249148607254,1138.810739782712,991.0410534115433,2227.91748046875,0.049037388392857144,-383.986328125,156.77725219726562,-67.63338470458984,14.450889587402344,33.799964904785156,-35.48588180541992,-15.67864990234375,-21.400667190551758,-45.06932830810547,-11.268712997436523,-19.116226196289062,-33.45513153076172,1.4698318243026733,-8.085728645324707,-26.430692672729492,1.5370978116989136,-1.3247720003128052,-15.379136085510254,0.9496251940727234,-3.68768310546875,-13.805337905883789,-6.3021931648254395,-11.579726219177246,-9.215810775756836,1.6511805057525635,-7.508007526397705,-7.228414058685303,3.1992926597595215,-3.302666425704956,-3.4079878330230713
2_george_14.wav,0.23460303246974945,0.03001341223716736,926.4033196599771,921.7180652344821,1789.947509765625,0.04083251953125,-426.518798828125,176.1597442626953,-54.40403747558594,5.610021591186523,13.599966049194336,-45.38300323486328,-5.508474826812744,-6.598379611968994,-38.90329360961914,-8.962093353271484,-16.97938346862793,-38.42997741699219,-8.506875038146973,-12.97094440460205,-29.348888397216797,-5.201107025146484,-7.046137809753418,-21.77326202392578,-10.403251647949219,-10.839178085327148,-13.053516387939453,-6.8720197677612305,-15.810331344604492,-14.797906875610352,-4.408543109893799,-10.030509948730469,-8.760825157165527,-3.0523180961608887,-8.563691139221191,-5.17484188079834
8_nicolas_17.wav,0.38585224747657776,0.08096335828304291,1248.4643841283573,1161.3437431687294,2727.9876708984375,0.0457763671875,-315.51226806640625,188.6932373046875,-72.27293395996094,36.868038177490234,40.55446243286133,-54.102569580078125,1.2798645496368408,13.441789627075195,-28.94908905029297,3.353771209716797,-0.9642849564552307,-22.01759147644043,10.000055313110352,-1.0316659212112427,-19.534189224243164,7.266937255859375,-0.4397503137588501,-11.466352462768555,7.390348434448242,-2.6936984062194824,-8.136697769165039,7.293725967407227,-2.9689393043518066,-4.788784027099609,7.218264579772949,-3.4056220054626465,-4.263278961181641,3.454874277114868,-5.059351444244385,-0.8693423271179199
0_george_40.wav,0.26722127199172974,0.045456357300281525,1144.8978189008214,1037.6966605458815,2309.2019786005435,0.047044836956521736,-386.0068054199219,161.4908447265625,-73.98251342773438,16.305065155029297,34.78045654296875,-42.342742919921875,-15.134958267211914,-17.309507369995117,-43.7358283996582,-11.492496490478516,-24.700397491455078,-39.923702239990234,0.26442790031433105,-9.806371688842773,-30.23830795288086,-3.640953779220581,-10.152926445007324,-21.53291130065918,-1.2680431604385376,-9.964122772216797,-18.026552200317383,-1.994836688041687,-10.403207778930664,-15.60354995727539,-2.7986364364624023,-8.786683082580566,-9.939973831176758,-0.639793872833252,-7.4054365158081055,-7.718529224395752
1_lucas_42.wav,0.455152690410614,0.03927147015929222,1062.454340913878,906.1521716029469,2062.9744819972825,0.06757387907608696,-458.6786804199219,147.34373474121094,-9.400181770324707,14.803186416625977,25.145191192626953,-27.269468307495117,-12.019065856933594,15.115254402160645,-8.536881446838379,-11.41982650756836,8.79764461517334,3.2109949588775635,-9.699572563171387,-5.33059549331665,2.8513147830963135,-1.8936339616775513,-9.408492088317871,-2.242672920227051,1.233228325843811,-9.482605934143066,-8.730398178100586,-2.870119094848633,-8.389302253723145,-5.1287126541137695,0.4540049135684967,-9.524316787719727,-10.524724960327148,-0.9465538263320923,-3.6057262420654297,-4.7279133796691895
8_theo_21.wav,0.444318026304245,0.003118241438642144,1630.7913760770061,1174.3580388714972,3067.9920543323865,0.11530095880681818,-605.9453735351562,179.12017822265625,-75.61438751220703,48.6759033203125,41.74346160888672,-56.4552116394043,12.004685401916504,15.2767972946167,-37.67870330810547,1.685673475265503,0.11269326508045197,-21.90094757080078,8.450429916381836,-2.0646860599517822,-11.818724632263184,12.504134178161621,-4.048470973968506,-9.069576263427734,10.649834632873535,-6.998350143432617,-9.558003425598145,5.1190714836120605,-10.285633087158203,-8.117877960205078,5.3310723304748535,-4.60968542098999,-1.4920626878738403,1.4975639581680298,-9.605112075805664,-1.469411849975586
4_nicolas_44.wav,0.35263755917549133,0.027971019968390465,991.6102965069371,1075.3783612238065,2156.396484375,0.04990931919642857,-385.9684143066406,212.6639862060547,-46.80609130859375,46.758888244628906,27.181228637695312,-57.032894134521484,-0.9933915734291077,-9.466757774353027,-42.19164276123047,9.297477722167969,0.11214419454336166,-21.4735050201416,13.212461471557617,-0.5341845750808716,-12.70940113067627,12.820096969604492,-2.3516993522644043,-6.548091888427734,12.188672065734863,-5.359355449676514,-5.949294567108154,8.692980766296387,-6.672781944274902,-4.2585225105285645,4.787623405456543,-9.5060396194458,-3.453240156173706,5.4980788230896,-3.52347731590271,2.9393086433410645
1_lucas_35.wav,0.4338330924510956,0.037428777664899826,1072.3668573334048,831.1499108143214,1980.4880242598683,0.06424753289473684,-429.1640319824219,186.4053955078125,-44.048858642578125,-2.4312164783477783,30.230754852294922,-27.098642349243164,-7.9601898193359375,17.28141212463379,-11.295985221862793,-11.034024238586426,3.1108367443084717,-0.5259897112846375,0.6367136240005493,-4.247838973999023,-8.677212715148926,-2.329111099243164,-8.939628601074219,-12.86843204498291,-1.406185269355774,-2.590876817703247,-8.436333656311035,-5.5641093254089355,-7.141610622406006,-5.398401737213135,-1.8642727136611938,-8.33106517791748,-7.586004734039307,-1.6884260177612305,-6.4058098793029785,-6.4038801193237305
1_lucas_27.wav,0.5261426568031311,0.06074662134051323,729.4900602391369,744.7658478705481,1405.5308948863637,0.027787642045454544,-362.38201904296875,240.8310546875,-23.79496955871582,21.49650764465332,24.107141494750977,-50.52225112915039,-3.296536445617676,21.16620445251465,-22.6687068939209,-9.692416191101074,7.153303146362305,-2.228698492050171,4.071874618530273,-6.587620258331299,-12.962860107421875,5.261117935180664,-4.224061012268066,-11.699326515197754,8.131885528564453,0.08225016295909882,-15.436522483825684,-4.001859664916992,-2.2910945415496826,-7.257538318634033,-2.255563259124756,-6.087851047515869,-8.5657958984375,-2.2260355949401855,-3.919952154159546,-6.275216579437256
7_jackson_28.wav,0.3248835802078247,0.060692861676216125,786.5745694494763,807.5562972849917,1433.6579975328948,0.039036800986842105,-331.549072265625,210.3755645751953,-33.18852996826172,10.83417797088623,19.80829429626465,-42.19854736328125,-17.242069244384766,-11.598838806152344,-32.78084945678711,-4.285765647888184,2.8571455478668213,-13.506431579589844,-10.246353149414062,-9.935574531555176,0.5041381120681763,5.278177261352539,-17.69833755493164,-13.57110595703125,0.8989354372024536,-13.974336624145508,-9.367504119873047,1.2987059354782104,-15.211952209472656,-12.10482120513916,-1.1986970901489258,-12.833592414855957,-10.44449234008789,-3.355370283126831,-10.439713478088379,-5.5098161697387695
4_nicolas_11.wav,0.35797664523124695,0.06277432292699814,880.5717743269429,940.1284551515844,1598.4262319711538,0.04278094951923077,-322.98809814453125,211.655029296875,-22.614553451538086,25.476654052734375,-0.4759591817855835,-61.886592864990234,-4.624627113342285,0.20432713627815247,-23.362323760986328,14.091690063476562,2.5958948135375977,-19.333471298217773,7.782793045043945,-0.4997141659259796,-10.007308959960938,12.498642921447754,-0.6219926476478577,-12.96895980834961,0.3578552007675171,-9.258476257324219,-12.008138656616211,0.09396892040967941,-6.387698650360107,-3.236520290374756,4.242869853973389,-5.0698628425598145,-0.914682149887085,3.8403971195220947,-5.66294002532959,-1.0722060203552246
2_theo_44.wav,0.31715649366378784,0.007295320741832256,1163.9321572408555,1005.9364989414665,2329.892578125,0.079345703125,-544.3865356445312,189.73939514160156,-61.72621536254883,44.527103424072266,48.91455841064453,-42.01479721069336,-1.5838327407836914,-5.128960132598877,-38.44567108154297,-1.4269344806671143,-13.473716735839844,-29.052270889282227,4.658729553222656,-11.058367729187012,-18.126405715942383,13.434112548828125,-1.3806335926055908,-6.648129940032959,12.770368576049805,-7.9503173828125,-12.743260383605957,1.1845872402191162,-17.116979598999023,-14.712080001831055,1.9830280542373657,-11.005938529968262,-10.079145431518555,-0.38040226697921753,-7.1232404708862305,0.03191673755645752
9_nicolas_35.wav,0.36728405952453613,0.0528157576918602,1005.8033769236858,929.9608164700797,1941.1549287683824,0.06241383272058824,-338.4523620605469,240.38803100585938,-81.12203216552734,15.69617748260498,39.70484924316406,-35.52415466308594,10.154571533203125,-2.115980386734009,-42.138675689697266,9.531785011291504,8.612358093261719,-19.940231323242188,7.675119876861572,-2.008665084838867,-17.94120979309082,6.942030906677246,-0.6551465392112732,-10.960558891296387,1.3296394348144531,-7.98792839050293,-5.470652103424072,5.899612903594971,-6.823723316192627,-2.8009495735168457,5.4258222579956055,-6.447234630584717,0.3069072365760803,5.953872203826904,-5.622568130493164,0.9334603548049927
2_george_15.wav,0.23258253931999207,0.040698178112506866,851.9575978688578,855.7817849957754,1647.9233685661766,0.03550091911764706,-414.691162109375,173.30230712890625,-47.507347106933594,10.166622161865234,16.38847541809082,-46.81643295288086,-8.260163307189941,-3.207228422164917,-39.86658477783203,-15.498926162719727,-15.30498218536377,-36.941795349121094,-15.054634094238281,-15.092724800109863,-28.277814865112305,-7.355638027191162,-5.166436672210693,-17.02239990234375,-7.9792256355285645,-8.62556266784668,-13.711981773376465,-7.933133125305176,-9.631404876708984,-8.532196998596191,-3.94852352142334,-8.891424179077148,-8.049093246459961,-5.864633083343506,-9.054316520690918,-2.690542697906494
4_lucas_19.wav,0.46322599053382874,0.041728291660547256,1478.598174778153,783.7271461499442,2212.8532858455883,0.12432502297794118,-446.33612060546875,135.07000732421875,-31.368932723999023,14.3167085647583,16.682353973388672,-45.258636474609375,-9.600226402282715,20.167919158935547,-10.482551574707031,-3.1039609909057617,11.030634880065918,-5.043464660644531,-4.842577934265137,-1.3877739906311035,-5.893462657928467,0.6736587285995483,-1.865859031677246,-7.713438034057617,0.6619491577148438,-2.0463504791259766,-9.153170585632324,-1.9757001399993896,-2.264561653137207,-6.075483322143555,0.31910109519958496,-0.9258570671081543,-4.617778301239014,0.2339678704738617,-1.8695037364959717,-5.570340633392334
8_jackson_27.wav,0.25813350081443787,0.0557771660387516,974.2965712625405,969.741023710354,2113.8427734375,0.050726996527777776,-371.40301513671875,173.817138671875,-28.015422821044922,38.66447448730469,34.778114318847656,-54.27711486816406,-25.770423889160156,6.98762321472168,-13.49264144897461,-9.612079620361328,-12.24124813079834,-18.247629165649414,-4.916013717651367,-9.619019508361816,-9.89040756225586,0.6187753081321716,-9.993968963623047,-7.733854293823242,1.7948163747787476,-12.252079963684082,-9.299030303955078,-1.0063092708587646,-17.870750427246094,-12.17236328125,4.143963813781738,-9.93823528289795,-12.086153984069824,1.598863124847412,-4.08066987991333,-6.129166603088379
4_jackson_21.wav,0.2803715467453003,0.09037989377975464,620.9575623977125,501.31827049779906,963.61083984375,0.04132080078125,-345.7104797363281,221.24024963378906,34.33658981323242,-20.966934204101562,-26.380603790283203,-30.527389526367188,-17.222885131835938,-13.615397453308105,-5.496577262878418,-0.251958966255188,-26.479551315307617,-23.165393829345703,11.446972846984863,0.9879970550537109,-13.729429244995117,7.843684196472168,5.335147857666016,-12.02015495300293,-5.881182670593262,-8.129983901977539,-14.187572479248047,-4.99965763092041,-8.391681671142578,-14.399678230285645,-5.783723831176758,-7.7035231590271,-11.177295684814453,-2.0041332244873047,-4.10636568069458,-9.698335647583008
8_yweweler_46.wav,0.36254051327705383,0.010111668147146702,1474.7327686592596,1093.7691457598046,2771.3232421875,0.08375651041666667,-509.1722717285156,185.55845642089844,-74.0965576171875,43.6437873840332,48.11431121826172,-61.17604064941406,-8.372699737548828,12.629619598388672,-34.36970520019531,-7.636500358581543,-6.845262050628662,-26.80824851989746,5.929934501647949,1.5028190612792969,-18.8106632232666,4.027026653289795,3.4003117084503174,-6.718132495880127,2.941495180130005,-5.871903419494629,-5.603701114654541,3.433757781982422,-12.001923561096191,-7.793939590454102,5.983977317810059,-8.706021308898926,-5.454504489898682,7.734903335571289,-5.206548690795898,-5.153616428375244
2_nicolas_17.wav,0.2631857395172119,0.04302976280450821,1024.9618075994656,1076.9610841792505,2198.69384765625,0.050502232142857144,-372.2427062988281,179.6515350341797,-51.83378982543945,38.86458969116211,38.92583465576172,-31.217103958129883,17.949430465698242,6.581166744232178,-31.22072982788086,5.930237770080566,-10.467681884765625,-33.008060455322266,3.4015355110168457,-4.5653510093688965,-15.867613792419434,8.592552185058594,-3.0473082065582275,-7.46004581451416,9.554582595825195,-5.175301551818848,-4.198155403137207,10.572980880737305,-4.210561275482178,-2.178830862045288,7.698164463043213,-6.425280570983887,-2.3969273567199707,4.593878269195557,-8.434832572937012,-4.098203182220459
9_theo_21.wav,0.3333742320537567,0.00742670614272356,995.6571717921959,916.0831077359285,1905.6884765625,0.05645751953125,-528.2628173828125,201.43588256835938,-51.30842590332031,7.3298234939575195,25.851192474365234,-39.85212707519531,-10.633980751037598,1.5315361022949219,-18.443313598632812,5.003391265869141,-1.6131246089935303,-19.507251739501953,-0.0962786078453064,-2.021029472351074,-6.849841594696045,2.785914182662964,-14.233139038085938,-15.271142959594727,2.391498565673828,-11.71013069152832,-13.37933349609375,2.3383307456970215,-9.105710983276367,-9.372785568237305,2.9156494140625,-8.694639205932617,-9.071513175964355,1.6904845237731934,-5.785825729370117,-4.43087911605835
2_nicolas_48.wav,0.298298716545105,0.03186175972223282,1238.7134789752802,1157.9974332598208,2529.55322265625,0.059380425347222224,-375.4222412109375,171.200439453125,-55.6726188659668,35.343109130859375,34.39290237426758,-29.244882583618164,17.978010177612305,1.0280935764312744,-35.842533111572266,7.20085334777832,-2.9630279541015625,-23.541786193847656,10.508672714233398,-0.42989030480384827,-13.986390113830566,9.828965187072754,-2.265794038772583,-7.29961633682251,11.054291725158691,-4.928182601928711,-8.67605972290039,6.68515682220459,-4.40092134475708,-2.773522138595581,7.120357990264893,-5.618188858032227,-2.9117679595947266,4.3054399490356445,-6.001208782196045,-1.3516234159469604
5_george_19.wav,0.3106667399406433,0.05872667208313942,1338.230972353407,953.9300080478918,2391.589886209239,0.07506793478260869,-345.1177062988281,166.58261108398438,-99.54149627685547,-3.7077510356903076,27.88690757751465,-51.752960205078125,-21.277578353881836,-14.737117767333984,-41.05496597290039,-3.293978452682495,-7.953094005584717,-30.53667640686035,0.56100994348526,-8.968481063842773,-31.687288284301758,-5.383833408355713,-6.344621181488037,-19.141992568969727,-2.112363815307617,-8.197843551635742,-16.66710662841797,-3.628171920776367,-12.581671714782715,-17.05389976501465,-0.9746006727218628,-6.4303789138793945,-12.41392707824707,-2.279681444168091,-4.456301689147949,-6.412764072418213
7_george_22.wav,0.30608487129211426,0.0450100414454937,1439.4952744970242,1080.5995953735403,2852.0160875822367,0.08429276315789473,-362.990478515625,174.29458618164062,-101.1976089477539,13.933401107788086,34.371253967285156,-49.58854675292969,-13.352836608886719,-30.810142517089844,-54.70143508911133,12.301399230957031,-4.8766889572143555,-45.2598991394043,-1.5407004356384277,-4.713022232055664,-28.62596321105957,-3.551826000213623,-11.134289741516113,-22.985925674438477,-4.607813358306885,-13.610424995422363,-18.55445098876953,-8.362815856933594,-17.74629783630371,-8.488892555236816,1.9968526363372803,-18.041580200195312,-11.957018852233887,4.778466701507568,-9.375835418701172,-8.719887733459473
2_nicolas_26.wav,0.28565770387649536,0.03192032873630524,920.2583195662369,1104.1562017573697,2324.7577373798076,0.03324068509615385,-393.01287841796875,195.24830627441406,-46.55702590942383,48.71228790283203,43.85599899291992,-29.971900939941406,24.61558723449707,8.433985710144043,-36.596702575683594,3.7547032833099365,-9.529513359069824,-31.553638458251953,4.965475082397461,-5.947690963745117,-18.089658737182617,7.4177680015563965,-7.705743789672852,-13.901941299438477,7.524158000946045,-4.760501861572266,-4.822803020477295,10.821725845336914,-2.775373935699463,-1.661879301071167,8.019652366638184,-5.281898021697998,-1.9894899129867554,5.079771041870117,-4.899957656860352,-0.328514039516449
3_nicolas_34.wav,0.3289530575275421,0.028137821704149246,996.4833046363489,1181.7767159817556,2539.84130859375,0.039794921875,-399.07379150390625,205.87728881835938,-63.316978454589844,50.374786376953125,43.1762580871582,-38.272987365722656,16.4898738861084,4.951348304748535,-32.86927032470703,9.83252239227295,-4.654327392578125,-24.460308074951172,10.88420295715332,-4.498924732208252,-14.329107284545898,14.315442085266113,-1.322239875793457,-7.446923732757568,11.497496604919434,-4.648003101348877,-7.804365634918213,3.407609224319458,-10.439470291137695,-5.982630252838135,3.7853710651397705,-7.648184776306152,-1.2574818134307861,4.568458080291748,-5.517829895019531,0.32271796464920044
3_george_30.wav,0.26473256945610046,0.030517281964421272,1597.2339553994643,1184.675055769755,2946.4599609375,0.0830078125,-399.07177734375,155.5947723388672,-93.15509796142578,39.84321975708008,49.697757720947266,-50.284515380859375,-15.768086433410645,-18.7352237701416,-45.81364059448242,-0.9992663264274597,-19.499746322631836,-44.60139083862305,0.8688401579856873,-4.698770999908447,-24.21898651123047,0.7787225246429443,-8.484553337097168,-15.831231117248535,3.1000301837921143,-12.585323333740234,-17.157434463500977,0.6685401797294617,-12.334935188293457,-13.699967384338379,2.2554988861083984,-7.271012783050537,-8.653204917907715,1.1104995012283325,-5.05794095993042,-3.666590929031372
5_nicolas_32.wav,0.3496886193752289,0.05666577070951462,1051.1714393077095,941.0055978306709,1884.1552734375,0.064788818359375,-323.1452331542969,232.6794891357422,-67.78927612304688,10.803245544433594,12.243449211120605,-50.34577941894531,13.952749252319336,8.689900398254395,-26.71910285949707,16.336381912231445,-1.73860502243042,-28.77155113220215,10.401987075805664,1.025429129600525,-16.949962615966797,8.069172859191895,-1.6807904243469238,-9.192619323730469,8.209673881530762,-5.19869327545166,-8.380032539367676,3.8253207206726074,-10.38981819152832,-8.192882537841797,5.8565568923950195,-3.7699413299560547,-1.7465953826904297,6.669034957885742,-0.6208553314208984,0.691280722618103
5_jackson_24.wav,0.38821715116500854,0.06363561749458313,790.0067728357884,772.7885934173123,1372.1435546875,0.041585286458333336,-330.9270935058594,243.4791717529297,-41.854286193847656,0.7876803278923035,13.115299224853516,-43.337772369384766,-14.46798038482666,-14.456954956054688,-27.463769912719727,7.054327487945557,-3.586439847946167,-21.363983154296875,-2.120142936706543,-9.601461410522461,-5.893625259399414,9.888349533081055,-16.724721908569336,-17.739789962768555,4.88717794418335,-14.282609939575195,-16.898860931396484,0.02423694357275963,-15.40982723236084,-14.35720157623291,0.33553367853164673,-12.621427536010742,-11.13595199584961,-1.0199342966079712,-11.545299530029297,-6.71766471862793
4_yweweler_11.wav,0.3992609977722168,0.012008772231638432,890.1922836929626,722.6963383922587,1394.6337890625,0.05869140625,-515.2478637695312,217.01809692382812,-37.99997329711914,-11.562088966369629,-0.07004956901073456,-46.65346145629883,0.397455096244812,15.26810359954834,-20.197202682495117,0.1856226921081543,4.786234378814697,-17.927602767944336,1.7502672672271729,10.911834716796875,-5.6712260246276855,-2.5343689918518066,-3.022305727005005,-7.868084907531738,0.09294193238019943,-2.9634547233581543,-7.153707981109619,-2.29903507232666,-7.1580810546875,-6.423598766326904,1.243765115737915,-4.426384925842285,-5.716333389282227,-0.9721543192863464,-6.132635593414307,-4.504629611968994
2_george_20.wav,0.24720978736877441,0.04548335075378418,1047.5707453451091,1062.4663043400617,2487.9131610576924,0.04150390625,-381.0151062011719,159.10494995117188,-54.889102935791016,17.550634384155273,13.07906723022461,-50.6566162109375,0.37593358755111694,-4.112720966339111,-44.91050338745117,-12.774965286254883,-19.27872085571289,-41.04632568359375,-12.502665519714355,-19.282655715942383,-31.01827049255371,-3.782756805419922,-7.563113212585449,-16.261632919311523,-1.0322760343551636,-9.792774200439453,-16.845632553100586,-7.541810035705566,-12.294632911682129,-9.856306076049805,-4.438351631164551,-10.504363059997559,-2.4179704189300537,-1.495882511138916,-15.621140480041504,-7.485753059387207
8_lucas_32.wav,0.4783116579055786,0.056215494871139526,1164.2224740796075,1010.8822415959941,2445.3643798828125,0.07871500651041667,-392.7373046875,153.4590606689453,-30.807443618774414,31.932861328125,45.9962272644043,-33.44917678833008,-18.78347396850586,7.74107027053833,-14.503369331359863,-6.084387302398682,1.3590459823608398,-11.350956916809082,-1.6302814483642578,2.1733672618865967,-6.9236907958984375,-2.816220998764038,-3.791498899459839,-4.326164245605469,3.2741549015045166,-4.568111419677734,-8.341853141784668,1.5197659730911255,-5.258549690246582,-10.995326042175293,-1.0871965885162354,-3.463261604309082,-8.067440032958984,-1.0201612710952759,-2.4666688442230225,-5.921946048736572
0_theo_35.wav,0.2242293804883957,0.003419705666601658,992.9908127973531,1015.6803872585957,2126.1884765625,0.04833984375,-611.0526733398438,214.6305694580078,-61.281375885009766,26.16836166381836,45.437339782714844,-26.650083541870117,4.206911087036133,-3.1088216304779053,-28.5932559967041,10.072751998901367,-1.9831080436706543,-20.547321319580078,10.581306457519531,-1.284867286682129,-12.178177833557129,11.806021690368652,-3.0163021087646484,-12.95238971710205,2.212023973464966,-11.474050521850586,-12.792820930480957,1.7120879888534546,-10.229214668273926,-7.624864101409912,5.442291736602783,-5.679703235626221,-6.654177665710449,-1.0662239789962769,-6.6830902099609375,-0.16809779405593872
8_george_37.wav,0.2997223138809204,0.045919496566057205,1323.2620300920155,1098.5523525974168,2704.21142578125,0.06754557291666667,-388.3770751953125,144.29188537597656,-73.3229751586914,33.42649841308594,42.06974792480469,-51.85328674316406,-23.405344009399414,-20.35747718811035,-46.50930404663086,-11.664666175842285,-24.722097396850586,-40.71240234375,5.0157790184021,-4.732629776000977,-32.3446159362793,-3.9942190647125244,-5.417865753173828,-23.83094024658203,-9.723638534545898,-10.090145111083984,-11.545001983642578,-2.1429338455200195,-13.812885284423828,-12.212712287902832,-0.13432124257087708,-14.24155330657959,-14.342997550964355,-1.0593574047088623,-9.19697380065918,-5.941980361938477
7_lucas_33.wav,0.511827826499939,0.048727065324783325,1160.4995919460605,966.4551659871607,2319.7540283203125,0.0869140625,-363.5786437988281,180.3059844970703,-46.297245025634766,23.48999786376953,47.47883605957031,-28.333459854125977,-3.1647424697875977,14.085647583007812,-25.6434326171875,-7.870490550994873,16.185745239257812,-1.4409340620040894,-5.853005886077881,-2.470299482345581,-0.5688744187355042,5.096593856811523,-4.545960903167725,-7.068907260894775,4.045497417449951,-3.6002514362335205,-10.307547569274902,-3.587750196456909,-6.934047698974609,-6.845669269561768,-0.23970119655132294,-4.762369632720947,-4.618144989013672,0.02950318716466427,-5.048425674438477,-4.131017208099365
4_nicolas_41.wav,0.30996331572532654,0.05658869445323944,796.3589508109942,900.0002147854549,1463.5400390625,0.04436848958333333,-353.41644287109375,208.4358367919922,-21.51848793029785,44.17892837524414,17.257596969604492,-60.69524383544922,-8.749303817749023,-10.80053424835205,-34.65727233886719,13.087183952331543,1.7520133256912231,-22.815397262573242,6.889626979827881,-4.7041144371032715,-14.90516471862793,12.984457015991211,3.2721168994903564,-2.838597297668457,12.955642700195312,-2.9563560485839844,-7.676859378814697,2.0390748977661133,-12.948220252990723,-10.458672523498535,2.1617283821105957,-6.329575061798096,-0.6966072916984558,5.886171817779541,-4.613851070404053,0.7137675881385803
3_nicolas_25.wav,0.3816872537136078,0.03189977630972862,1279.0766313664074,1123.0078580792301,2665.5029296875,0.065673828125,-377.6667175292969,200.694091796875,-78.34765625,46.51975631713867,49.978721618652344,-44.02681350708008,9.753569602966309,4.0878424644470215,-33.4056282043457,9.27362060546875,-6.232402324676514,-26.121477127075195,13.066483497619629,0.21045902371406555,-10.018865585327148,16.560436248779297,-3.3619143962860107,-11.37699031829834,8.937846183776855,-7.014256477355957,-8.177313804626465,7.275907039642334,-5.471938610076904,-1.6121625900268555,6.676260948181152,-8.17206859588623,-1.2964767217636108,6.349366664886475,-6.884709358215332,-2.2078967094421387
1_yweweler_34.wav,0.36591237783432007,0.010174798779189587,869.3458426411689,845.3852055584729,1621.4501953125,0.04241536458333333,-535.0792846679688,220.82696533203125,-44.11606216430664,11.979445457458496,18.354496002197266,-43.883949279785156,9.140048027038574,13.4986572265625,-31.70931625366211,-0.16785208880901337,7.563957214355469,-16.89983558654785,-1.4736582040786743,-3.7691268920898438,-12.596277236938477,2.6215977668762207,-7.5029730796813965,-12.699851036071777,3.5858652591705322,-7.273072719573975,-11.651896476745605,2.0988411903381348,-7.623682498931885,-9.768915176391602,0.9845686554908752,-8.286487579345703,-8.213611602783203,1.1062730550765991,-6.886833190917969,-5.713786602020264
8_yweweler_18.wav,0.33044373989105225,0.00944272056221962,1423.3355992370316,1153.5685080656099,2835.531338778409,0.06760475852272728,-509.6579284667969,210.66787719726562,-84.32238006591797,58.63787841796875,54.54896545410156,-73.44068145751953,-4.779147624969482,14.81878662109375,-42.00153732299805,-5.853017807006836,-4.80087947845459,-28.292112350463867,5.68763542175293,-3.5934629440307617,-17.725942611694336,11.447847366333008,-1.4857115745544434,-11.649685859680176,9.838081359863281,-3.157085418701172,-7.5833048820495605,5.828587532043457,-8.93828010559082,-7.328358173370361,2.040435552597046,-13.284282684326172,-6.289605617523193,1.8708233833312988,-13.961505889892578,-5.557515621185303
6_jackson_19.wav,0.4490565061569214,0.05050806328654289,1615.3921642952398,1115.5881291017183,2824.07958984375,0.14698893229166668,-366.767578125,120.69953918457031,-46.49854278564453,15.994141578674316,23.63384246826172,-35.921791076660156,-16.76824188232422,-9.689558982849121,-18.256376266479492,4.275160312652588,-5.260367393493652,-15.056193351745605,2.7384746074676514,-5.390894412994385,-9.108628273010254,-1.8275161981582642,-17.17974853515625,-10.011094093322754,4.0529022216796875,-15.985936164855957,-13.702805519104004,1.4616140127182007,-13.943551063537598,-11.939958572387695,2.4519009590148926,-7.539547443389893,-6.123664379119873,1.7549704313278198,-7.335981369018555,-4.398133754730225
8_yweweler_44.wav,0.34022244811058044,0.012243240140378475,1314.0586097753458,1132.8936953726077,2773.868075284091,0.05593039772727273,-513.9341430664062,186.19163513183594,-63.69552230834961,46.99936294555664,48.01662826538086,-54.70701599121094,-2.460502862930298,11.727578163146973,-35.98845672607422,-6.1956281661987305,-4.582052230834961,-24.974098205566406,6.738034248352051,1.5389841794967651,-16.55684471130371,8.262755393981934,3.6839659214019775,-10.418074607849121,3.1679022312164307,-2.4974164962768555,-6.782630920410156,1.875935435295105,-7.354552745819092,-4.038697719573975,4.387094497680664,-9.635024070739746,-5.773636817932129,4.743077754974365,-8.162545204162598,-8.423415184020996
7_theo_37.wav,0.5086626410484314,0.003864070400595665,1381.8359324567898,1038.154503593675,2677.7171415441176,0.11335305606617647,-582.9887084960938,149.4403076171875,-47.67198181152344,15.012680053710938,26.0303955078125,-30.24701690673828,0.5045179128646851,2.6034953594207764,-19.620555877685547,9.136754989624023,3.473903179168701,-16.550674438476562,4.7471160888671875,5.872267723083496,-0.9078469276428223,6.913813591003418,-6.988618850708008,-8.170347213745117,5.543612003326416,-8.282843589782715,-9.502009391784668,5.043454647064209,-3.6512138843536377,-3.2948389053344727,5.48927116394043,-4.49220609664917,-2.0609817504882812,7.102557182312012,-0.5748393535614014,-0.09441128373146057
5_george_32.wav,0.3396477699279785,0.04617753624916077,1408.6101012097702,996.3937314804226,2490.884937959559,0.08355353860294118,-354.859619140625,184.05078125,-115.63932037353516,2.816444158554077,34.54903793334961,-56.48829650878906,-21.832965850830078,-20.851709365844727,-44.595985412597656,1.7290898561477661,-11.713739395141602,-34.48466110229492,1.1908437013626099,-17.126794815063477,-35.243045806884766,0.308827668428421,-7.606297969818115,-21.2616024017334,-0.7217549681663513,-8.843451499938965,-15.086023330688477,-4.270373821258545,-13.69991397857666,-8.848858833312988,3.0285048484802246,-8.885689735412598,-7.359868049621582,-1.874048113822937,-11.404415130615234,-4.2011237144470215
5_jackson_26.wav,0.43649822473526,0.06885537505149841,908.6697749665892,822.8155628098317,1533.04443359375,0.059027777777777776,-307.3161926269531,227.1087188720703,-47.3987922668457,0.6183300018310547,6.706416606903076,-53.07556915283203,-12.591354370117188,-10.469331741333008,-34.110313415527344,3.8476991653442383,2.4440367221832275,-18.87557601928711,-3.1586148738861084,-8.069645881652832,-7.550302982330322,6.029082775115967,-13.359671592712402,-12.770465850830078,2.1165521144866943,-18.595718383789062,-15.15575122833252,5.498784065246582,-11.34511947631836,-15.181468963623047,-3.2525436878204346,-14.827789306640625,-13.80807113647461,-2.6148533821105957,-7.029077529907227,-4.196096420288086
7_theo_42.wav,0.3336588442325592,0.003437316743656993,1377.4933731596088,1006.5720655252484,2416.025390625,0.1103759765625,-586.662353515625,192.01113891601562,-68.88752746582031,22.999589920043945,32.407814025878906,-41.709259033203125,5.062911033630371,5.120474815368652,-26.50490951538086,11.605524063110352,4.325937747955322,-20.307331085205078,3.5537803173065186,-0.9122030138969421,-6.76938533782959,6.535151481628418,-13.1620512008667,-15.031782150268555,2.1284308433532715,-14.158086776733398,-11.21741771697998,6.7755255699157715,-7.497410774230957,-7.19525671005249,3.6260673999786377,-7.529560089111328,-2.637437105178833,4.764807224273682,-8.36938190460205,-6.175594329833984
0_nicolas_13.wav,0.3155701160430908,0.06316875666379929,925.8974986930837,966.819127492091,2021.5576171875,0.04647972470238095,-328.9486389160156,203.5404815673828,-46.924747467041016,25.431907653808594,29.616382598876953,-36.81913375854492,6.564659595489502,-1.331792950630188,-33.56547164916992,5.270266056060791,-4.599886894226074,-22.75982666015625,12.314547538757324,2.171128988265991,-13.128664016723633,10.158357620239258,-1.3702651262283325,-10.301820755004883,8.103935241699219,-1.5416252613067627,-6.4215168952941895,3.2988314628601074,-7.059055328369141,-4.6991095542907715,3.8832759857177734,-5.371689796447754,0.4037635028362274,5.223101615905762,-6.122220039367676,0.3265761733055115
2_george_42.wav,0.27362072467803955,0.045518748462200165,855.6215352365732,856.8615985864355,1481.7535400390625,0.04107666015625,-395.636474609375,168.01913452148438,-32.91730880737305,3.569981575012207,4.828024387359619,-43.460941314697266,-8.128382682800293,-10.962455749511719,-45.65373229980469,-21.154293060302734,-22.421127319335938,-42.57785415649414,-18.27508544921875,-16.259248733520508,-28.464073181152344,-6.723989486694336,-3.3886685371398926,-12.513290405273438,-0.6164244413375854,-5.500544548034668,-15.172916412353516,-5.40146541595459,-7.402132987976074,-11.167160034179688,-3.7502710819244385,-8.72556209564209,-10.321732521057129,-1.4465773105621338,-5.8826704025268555,-8.114798545837402
4_theo_10.wav,0.2508782148361206,0.003551199333742261,749.3568773110594,757.5146289548643,1176.4959161931818,0.035600142045454544,-614.8297729492188,236.01463317871094,-34.6480827331543,4.362313270568848,12.130188941955566,-32.10429763793945,9.10360336303711,4.440270900726318,-21.627351760864258,5.151236057281494,-6.691995620727539,-19.47869873046875,10.624238967895508,1.0234843492507935,-9.605874061584473,12.176560401916504,-0.3707813024520874,-14.325908660888672,-4.746448993682861,-14.601487159729004,-14.019669532775879,1.118639349937439,-6.944055080413818,-9.641304016113281,-4.29100227355957,-10.157852172851562,-2.04238224029541,5.8667988777160645,-1.6959242820739746,3.2809324264526367
5_jackson_17.wav,0.37668728828430176,0.06198550760746002,923.6676972758113,824.9064774401337,1619.775390625,0.05471462673611111,-317.5408935546875,229.6051483154297,-56.50142288208008,-0.3791074752807617,16.159223556518555,-53.60188293457031,-19.239582061767578,-6.494524002075195,-28.525814056396484,3.85784912109375,5.611806392669678,-15.148359298706055,-5.219740390777588,-13.586498260498047,-14.58263111114502,1.0935090780258179,-15.895363807678223,-16.318954467773438,3.811922788619995,-10.889599800109863,-12.464980125427246,6.046567916870117,-5.760985851287842,-11.021444320678711,-2.3140082359313965,-12.651803970336914,-11.668167114257812,-1.1154712438583374,-6.198213577270508,-3.7011210918426514
5_yweweler_32.wav,0.47235655784606934,0.005493757780641317,1370.205138487324,961.7699334841245,2401.3828125,0.10732421875,-562.630615234375,194.20933532714844,-75.4354476928711,11.236039161682129,28.877416610717773,-45.298099517822266,2.0284345149993896,8.304895401000977,-26.852224349975586,10.257550239562988,9.036310195922852,-15.796687126159668,7.5310163497924805,1.448224663734436,-11.03449821472168,7.125546455383301,-3.1479766368865967,-8.081908226013184,6.9254961013793945,-6.936074733734131,-6.680293083190918,8.177438735961914,-9.028257369995117,-9.81198787689209,5.91330099105835,-6.7884697914123535,-7.493801116943359,5.207374095916748,-3.273850679397583,-3.4460537433624268
2_jackson_10.wav,0.23834703862667084,0.06679072231054306,807.5991109475807,838.3283606433966,1390.2959408967392,0.047299592391304345,-371.7625732421875,170.728759765625,-13.148358345031738,24.143360137939453,29.6658878326416,-28.968778610229492,-19.44809341430664,-9.948280334472656,-22.83708953857422,-12.424805641174316,-17.31952667236328,-22.43479347229004,-9.420751571655273,-17.384153366088867,-14.64203929901123,4.864256381988525,-7.53591251373291,-12.45174789428711,3.6650278568267822,-7.689793586730957,-12.85849380493164,3.3286659717559814,-5.09643030166626,-14.22739315032959,-5.132697105407715,-8.337403297424316,-11.164695739746094,-8.06967830657959,-13.028290748596191,-5.336243152618408
9_george_13.wav,0.29217731952667236,0.03726215660572052,1196.4360609423886,972.4494061606459,2288.186163651316,0.055329975328947366,-385.570068359375,195.4297332763672,-100.66862487792969,12.332585334777832,37.3292350769043,-57.376155853271484,-18.831762313842773,-13.002138137817383,-43.52931594848633,1.466196060180664,-7.7369384765625,-39.13852310180664,-4.060832500457764,-9.000541687011719,-32.434383392333984,-10.446127891540527,-13.280128479003906,-20.444128036499023,-2.9609551429748535,-9.55760383605957,-9.267078399658203,1.506917119026184,-15.786351203918457,-13.551732063293457,2.2906246185302734,-11.172810554504395,-7.9141669273376465,5.286411285400391,-10.25063419342041,-10.817485809326172
8_theo_12.wav,0.30150264501571655,0.00448254868388176,1573.230909165667,1136.668803564327,2964.615406709559,0.10647403492647059,-571.7982788085938,161.6785888671875,-59.53060531616211,50.00043869018555,39.51399230957031,-55.07563400268555,0.12967176735401154,11.729881286621094,-28.763330459594727,-3.376999855041504,-6.283581733703613,-17.266984939575195,7.404629707336426,-5.098507881164551,-8.644989967346191,12.659894943237305,-5.07368278503418,-9.175862312316895,3.219649314880371,-14.818345069885254,-8.718422889709473,6.472574710845947,-12.475394248962402,-9.58053970336914,2.1809825897216797,-11.058757781982422,-4.354849338531494,5.098427772521973,-5.461940765380859,0.37685853242874146
3_nicolas_14.wav,0.3465619385242462,0.02778524160385132,1262.0276331817206,1173.097228438906,2696.2646484375,0.05060686383928571,-387.7874450683594,180.15074157714844,-69.3150405883789,41.712162017822266,44.5281867980957,-32.81047821044922,17.111921310424805,4.576079845428467,-32.28081130981445,12.720685005187988,1.2487882375717163,-24.039081573486328,7.1566162109375,-2.329688787460327,-11.632604598999023,13.561666488647461,-1.609593152999878,-9.061287879943848,9.88701057434082,-5.0751214027404785,-9.595399856567383,4.286160945892334,-6.129920482635498,-3.052492141723633,7.138942718505859,-3.92745041847229,0.061468202620744705,5.1260528564453125,-6.364386081695557,-0.6641704440116882
3_jackson_16.wav,0.2136945277452469,0.10369246453046799,765.7908660689363,844.6251206861562,1641.650390625,0.03869047619047619,-314.4432373046875,177.61558532714844,-21.80302619934082,25.256235122680664,32.98970413208008,-33.71113204956055,-18.806413650512695,-11.408291816711426,-29.129383087158203,-7.592902660369873,-13.050562858581543,-32.14582061767578,-11.488219261169434,-6.7394561767578125,-13.149469375610352,1.1521281003952026,-0.8561158180236816,-4.779483795166016,4.136099815368652,-6.258328437805176,-10.470598220825195,0.3546362519264221,-10.759519577026367,-18.380054473876953,-7.191910743713379,-9.241207122802734,-11.960028648376465,-4.81000280380249,-7.144039154052734,-8.926026344299316
0_jackson_6.wav,0.23825255036354065,0.08606642484664917,713.0194873414117,800.4462055587674,1425.8056640625,0.029942103794642856,-339.5641174316406,186.08326721191406,-7.343073844909668,11.413352966308594,18.610946655273438,-32.52347946166992,-21.02630615234375,-10.045000076293945,-20.756715774536133,-7.9182610511779785,-13.044644355773926,-22.053302764892578,-5.397195339202881,-8.498763084411621,-14.237844467163086,0.9577349424362183,-4.137053966522217,-10.560830116271973,2.129896640777588,-4.528631687164307,-13.7445707321167,-5.165369987487793,-10.188400268554688,-15.588616371154785,-5.486651420593262,-7.992767810821533,-13.694114685058594,-5.963537693023682,-4.701399803161621,-7.792550086975098
3_yweweler_7.wav,0.3726963400840759,0.011309032328426838,1053.8537061863206,1029.0999747607862,2348.0979225852275,0.046209161931818184,-505.03594970703125,207.54388427734375,-60.394229888916016,35.62789535522461,49.666988372802734,-46.319732666015625,-3.2929461002349854,12.202007293701172,-37.16866683959961,-16.242591857910156,-10.449507713317871,-27.855030059814453,-2.702955722808838,-6.881207466125488,-20.14772605895996,5.631148338317871,2.040191650390625,-10.302325248718262,7.5557942390441895,2.260875940322876,-8.24399471282959,1.7026114463806152,-5.412177085876465,-10.279454231262207,-2.1297662258148193,-8.832064628601074,-7.32703971862793,0.9625204205513,-8.663156509399414,-7.056861877441406
1_lucas_24.wav,0.4746045768260956,0.032502856105566025,1158.4930353731365,899.8683717974681,2103.076171875,0.0764431423611111,-467.56390380859375,150.2734375,-16.535091400146484,23.04146385192871,31.500646591186523,-27.439401626586914,-4.948092937469482,16.138391494750977,-15.554832458496094,-10.736860275268555,8.592485427856445,-0.7555723786354065,-5.600021839141846,-5.276391506195068,-5.790685653686523,0.6419410109519958,-2.5954084396362305,-8.460451126098633,-2.480189561843872,-1.8535277843475342,-5.686959266662598,-3.5419633388519287,-3.7928884029388428,-4.494792461395264,-4.479794979095459,-8.325187683105469,-6.315479755401611,-1.761018991470337,-5.0540385246276855,-4.769750595092773
6_lucas_29.wav,0.6287246942520142,0.021731527522206306,1562.9951657709141,1094.7491287712166,2832.046875,0.14439453125,-407.3911437988281,187.2391357421875,-77.99466705322266,37.269168853759766,55.09735870361328,-41.917484283447266,4.20892858505249,17.402881622314453,-25.179838180541992,6.611852645874023,8.214435577392578,-16.42624282836914,6.276981830596924,2.4407284259796143,-8.053380012512207,10.561466217041016,-1.0388140678405762,-7.34792423248291,9.90267562866211,-3.0341570377349854,-8.608725547790527,4.489821910858154,-5.3211236000061035,-5.10531759262085,4.841269016265869,-5.273906707763672,-2.2749547958374023,5.8463053703308105,-5.025076389312744,-4.018219470977783
4_lucas_34.wav,0.47186872363090515,0.055860985070466995,1066.3955512612472,758.8252071241538,1658.056640625,0.08505394345238096,-377.9332275390625,188.25692749023438,-27.081066131591797,13.8854398727417,19.100324630737305,-50.0128173828125,-11.725400924682617,21.448781967163086,-13.303407669067383,-5.247274398803711,12.424482345581055,-5.852549076080322,-7.975564956665039,-0.2812286913394928,-1.0721724033355713,0.6691023707389832,-5.633294105529785,-7.991201400756836,-1.0105048418045044,-7.416226863861084,-9.432852745056152,-0.5281909108161926,-5.90013313293457,-7.18773889541626,2.2047019004821777,-3.6718127727508545,-7.936864852905273,-0.783136248588562,-3.607863664627075,-5.048573970794678
2_lucas_35.wav,0.46508947014808655,0.04485436901450157,1195.999179069259,1019.2429672135164,2355.352424172794,0.07780905330882353,-382.8020935058594,173.6455535888672,-49.296443939208984,18.807262420654297,54.21904373168945,-16.231409072875977,-8.970145225524902,0.6297640204429626,-23.42133140563965,-4.396424770355225,1.641024112701416,-13.75408935546875,-0.20533393323421478,-0.9530192017555237,-9.87299919128418,5.7415995597839355,0.582192599773407,-12.626606941223145,1.1255531311035156,1.9028937816619873,-7.603732109069824,-0.16272449493408203,-0.5537371635437012,-4.901180267333984,0.4409923851490021,-4.437186241149902,-7.655144214630127,1.2946101427078247,-0.5550265312194824,-4.315123558044434
6_yweweler_23.wav,0.34020256996154785,0.010656033642590046,1182.7723253606937,1049.9162156509317,2547.6470947265625,0.0430908203125,-507.77984619140625,193.20803833007812,-63.49916076660156,41.84896469116211,52.9290771484375,-51.50981903076172,-13.030984878540039,8.051628112792969,-31.176799774169922,-11.073366165161133,-8.644384384155273,-22.454143524169922,-0.21210253238677979,-6.05306339263916,-12.617162704467773,8.042078018188477,-0.6419811248779297,-4.167084693908691,9.584156036376953,-3.703723430633545,-3.685617685317993,6.320943832397461,-11.766996383666992,-9.76175594329834,3.0252177715301514,-12.758289337158203,-10.672208786010742,3.5629475116729736,-5.731899738311768,-5.062549114227295
5_yweweler_39.wav,0.5387007594108582,0.008750541135668755,1046.9985177934957,855.0977965502314,1872.8220086348683,0.07673725328947369,-512.5243530273438,214.12611389160156,-67.78540802001953,11.050715446472168,35.079620361328125,-35.68586349487305,5.659185886383057,7.990400791168213,-29.80694580078125,6.430547714233398,9.775917053222656,-13.657221794128418,6.217639446258545,0.04196253418922424,-9.949334144592285,8.249809265136719,-5.386783599853516,-12.10009479522705,6.379151344299316,-7.553615570068359,-11.998176574707031,6.723621845245361,-3.742107629776001,-7.566891193389893,5.55999231338501,-4.52764892578125,-7.6602935791015625,1.4662086963653564,-5.008584976196289,-3.9490597248077393
3_jackson_27.wav,0.21939325332641602,0.0716983750462532,775.22803098436,896.2039471680771,1609.068603515625,0.03115234375,-357.7893371582031,182.37130737304688,-29.4995059967041,33.728614807128906,47.99553680419922,-27.3724308013916,-19.181461334228516,-11.360746383666992,-27.421680450439453,-5.818009376525879,-13.340421676635742,-32.801658630371094,-9.78830623626709,-5.4676666259765625,-15.328460693359375,-3.527405261993408,-7.263381004333496,-10.88393783569336,1.2402278184890747,-6.987940311431885,-10.149100303649902,2.601177215576172,-8.117990493774414,-16.42290496826172,-5.621855735778809,-9.672706604003906,-13.163558959960938,-3.867527484893799,-5.902573585510254,-7.663351535797119
0_lucas_19.wav,0.4408530294895172,0.035249315202236176,1308.742820241374,885.1326444979702,2206.768798828125,0.09751674107142858,-402.8438415527344,195.31956481933594,-62.332855224609375,9.777929306030273,45.13724899291992,-26.13077163696289,-2.6027660369873047,9.260971069335938,-24.071882247924805,-2.275275945663452,3.987272262573242,-14.382964134216309,7.604518890380859,9.85379695892334,-10.845572471618652,-0.8638001680374146,2.1297528743743896,-4.791891574859619,4.190079212188721,-0.9801390767097473,-8.660910606384277,1.1138702630996704,-2.070300817489624,-8.25206470489502,0.5258342027664185,0.23803259432315826,-5.456555366516113,-3.047971487045288,-2.892216205596924,-2.9197680950164795
4_nicolas_34.wav,0.29121702909469604,0.057687707245349884,832.8741449766407,862.8768999403771,1449.1845703125,0.04700520833333333,-337.091796875,217.2099609375,-30.94973373413086,30.497119903564453,8.157987594604492,-69.2948226928711,-8.295534133911133,1.5310804843902588,-26.89838409423828,12.383405685424805,-0.606422483921051,-26.248058319091797,6.370168209075928,0.27705803513526917,-9.540225982666016,17.389848709106445,4.680567264556885,-9.394044876098633,3.2344443798065186,-10.073403358459473,-13.946504592895508,-1.2593574523925781,-9.559283256530762,-3.953700065612793,5.807895183563232,-6.317224025726318,0.08579352498054504,7.913705348968506,-5.116754531860352,0.40495622158050537
3_nicolas_24.wav,0.2974194586277008,0.029020998626947403,1003.3081440707149,1177.0510898063444,2477.39501953125,0.03671875,-393.2444763183594,204.28646850585938,-62.2629508972168,49.489967346191406,49.490692138671875,-33.821372985839844,12.741043090820312,-2.946009635925293,-37.89921951293945,11.647616386413574,-4.810747146606445,-31.632959365844727,7.127144813537598,-0.8222659826278687,-13.22259521484375,10.805438041687012,-2.9395573139190674,-7.086246490478516,10.43256664276123,-6.619288444519043,-7.6668901443481445,6.764364719390869,-5.87060546875,-2.5930466651916504,5.0113043785095215,-8.431131362915039,-2.0542151927948,3.6670188903808594,-9.68864631652832,-5.502293586730957
3_theo_38.wav,0.33663299679756165,0.004773006774485111,1068.038706052679,1006.8438516064305,2323.5671997070312,0.062713623046875,-582.918212890625,201.5273895263672,-59.38795471191406,37.22553253173828,48.873390197753906,-37.93711471557617,0.7279811501502991,4.738985061645508,-29.822784423828125,-0.5626383423805237,-8.096565246582031,-26.497825622558594,0.31971025466918945,-4.730443000793457,-9.045214653015137,9.546188354492188,-7.017792701721191,-11.921455383300781,1.4214198589324951,-13.41511344909668,-8.38165283203125,6.232187271118164,-11.389503479003906,-10.71415901184082,0.5851026773452759,-8.969228744506836,-1.7745373249053955,5.122590065002441,-7.188258171081543,-1.8978700637817383
3_jackson_28.wav,0.23605671525001526,0.08640601485967636,829.48349698656,990.2018504646043,1725.88623046875,0.0342041015625,-336.33367919921875,171.3293914794922,-22.88810920715332,35.13151550292969,39.32868576049805,-28.169757843017578,-16.101543426513672,-17.748184204101562,-31.425445556640625,-1.4392139911651611,-13.219633102416992,-34.90711212158203,-6.948390007019043,-6.869715213775635,-19.978012084960938,0.15136313438415527,-1.924237608909607,-12.257950782775879,1.16865873336792,-3.6397788524627686,-10.624594688415527,-0.22990746796131134,-8.995660781860352,-17.653610229492188,-8.37660026550293,-10.86019515991211,-12.827839851379395,-5.515627861022949,-8.700998306274414,-8.89586067199707
2_george_27.wav,0.2526015341281891,0.044587574899196625,994.9200334366978,998.3010862275429,2114.053883272059,0.041762408088235295,-385.8675537109375,180.23561096191406,-57.3453369140625,11.57652473449707,11.071049690246582,-57.96159744262695,-5.534391403198242,-2.84716534614563,-47.75935745239258,-15.873978614807129,-14.360706329345703,-39.78478240966797,-15.02507495880127,-15.439949989318848,-28.141653060913086,-3.969106674194336,-3.509204864501953,-14.20923137664795,-5.223466396331787,-14.922088623046875,-21.396862030029297,-9.334085464477539,-10.835249900817871,-8.134848594665527,-1.5717782974243164,-11.147047996520996,-9.688406944274902,-3.7581632137298584,-11.213254928588867,-6.854832172393799
9_yweweler_24.wav,0.35711729526519775,0.00803734827786684,998.2765425607167,911.1101490566213,1897.998046875,0.04917689732142857,-538.9096069335938,218.44100952148438,-67.84354400634766,8.806827545166016,25.761137008666992,-41.40821075439453,11.698208808898926,10.864175796508789,-35.31318283081055,3.0221405029296875,7.6184234619140625,-18.577552795410156,2.2377123832702637,-4.3725152015686035,-19.01610565185547,-0.5643274188041687,-7.7775092124938965,-13.0919189453125,1.5115729570388794,-9.837701797485352,-10.691789627075195,2.907463550567627,-8.28687858581543,-5.850942134857178,4.305769920349121,-10.563050270080566,-8.333831787109375,3.059556245803833,-7.507087230682373,-5.289589881896973
1_jackson_8.wav,0.2968769073486328,0.061257269233465195,714.4773081762011,752.3849635396219,1152.0263671875,0.03597745028409091,-342.1689758300781,236.0203094482422,-26.760047912597656,9.817769050598145,15.596909523010254,-39.80378723144531,0.9667068719863892,4.482215404510498,-26.274505615234375,4.456200122833252,-0.2574758529663086,-25.615459442138672,2.9330015182495117,5.107034206390381,-17.62818717956543,-6.853309631347656,-6.233021259307861,-12.770352363586426,-2.1679937839508057,-6.456514358520508,-9.394667625427246,-2.501424551010132,-12.25815200805664,-11.294696807861328,-1.865636944770813,-14.503091812133789,-14.630616188049316,-1.1508694887161255,-7.712623596191406,-7.020158767700195
5_jackson_16.wav,0.33161869645118713,0.05239858478307724,775.6738695577035,729.413621664764,1427.77099609375,0.043619791666666664,-349.595947265625,235.0930938720703,-44.40434265136719,-0.5921554565429688,21.591739654541016,-40.73786544799805,-16.44231414794922,-2.129641532897949,-19.38725471496582,0.030610986053943634,-3.915459156036377,-16.353397369384766,-2.4544665813446045,-11.616765975952148,-15.334211349487305,-0.8344977498054504,-14.192882537841797,-14.44286060333252,2.307894706726074,-13.099859237670898,-14.954402923583984,5.06210994720459,-6.114414215087891,-16.901653289794922,-7.907325744628906,-11.0250825881958,-11.41378116607666,-4.435913562774658,-7.149349689483643,-5.68207311630249
1_theo_35.wav,0.40744805335998535,0.008821975439786911,865.5602927651262,863.7584535096948,1606.1236213235295,0.04348575367647059,-524.258544921875,222.80624389648438,-44.26217269897461,10.780830383300781,12.018600463867188,-51.002906799316406,2.361053705215454,7.340040683746338,-29.316696166992188,2.2142961025238037,-1.7495654821395874,-26.15715980529785,-4.419107437133789,-5.871227741241455,-11.644664764404297,2.4482033252716064,-12.58993911743164,-14.166807174682617,1.7927486896514893,-16.968698501586914,-20.424673080444336,-2.845975875854492,-10.373764991760254,-4.201305866241455,8.728474617004395,-7.320110321044922,-5.873251914978027,8.512418746948242,-0.9956890344619751,-2.1881256103515625
0_nicolas_23.wav,0.2977255582809448,0.05228913947939873,917.221896405297,1046.3824767206772,2047.269287109375,0.0475341796875,-346.764892578125,194.22935485839844,-40.97932815551758,37.79667282104492,33.5998649597168,-35.33060836791992,10.73381233215332,3.494110584259033,-32.127960205078125,0.12851019203662872,-12.399970054626465,-27.836166381835938,10.49588394165039,4.000687599182129,-9.17072868347168,11.880376815795898,-1.183815836906433,-9.117337226867676,8.120643615722656,-2.793661594390869,-6.357733249664307,3.906165361404419,-7.288359642028809,-5.639225959777832,2.501716136932373,-6.227640151977539,-0.13539130985736847,4.066256999969482,-6.756472587585449,-0.12031888961791992
7_jackson_25.wav,0.31644919514656067,0.0607774443924427,980.0458003605474,852.2294054858265,1604.736328125,0.06298828125,-344.35784912109375,200.69451904296875,-35.60892868041992,6.360910892486572,16.581315994262695,-41.299015045166016,-14.6063871383667,-8.359217643737793,-33.61157989501953,-6.996788501739502,5.631060600280762,-12.039942741394043,-14.07514476776123,-9.897809982299805,2.416351795196533,3.399773359298706,-16.926258087158203,-9.717687606811523,1.4128565788269043,-15.167539596557617,-9.302203178405762,1.5920920372009277,-15.701277732849121,-13.502885818481445,-1.1818956136703491,-10.942070960998535,-10.650738716125488,-5.009836673736572,-9.935186386108398,-4.4020586013793945
